video,view,frame,timestamp_ms,fps,frame_width,frame_height,landmark_id,landmark_name,x,y,z,visibility,presence
side_person17.mp4,side,0,0,30.0,848,478,0,nose,0.4904567003250122,0.16169807314872742,-0.06486193835735321,0.9988866448402405,0.9990980625152588
side_person17.mp4,side,0,0,30.0,848,478,1,left_eye_inner,0.4940568208694458,0.14051595330238342,-0.0871201828122139,0.9990076422691345,0.9990137815475464
side_person17.mp4,side,0,0,30.0,848,478,2,left_eye,0.4954068660736084,0.13937824964523315,-0.08716259896755219,0.9989776611328125,0.9990033507347107
side_person17.mp4,side,0,0,30.0,848,478,3,left_eye_outer,0.4969157576560974,0.1383020281791687,-0.08715502917766571,0.9991506338119507,0.9989557266235352
side_person17.mp4,side,0,0,30.0,848,478,4,right_eye_inner,0.4940367639064789,0.14129067957401276,-0.0508958138525486,0.9987842440605164,0.9990701079368591
side_person17.mp4,side,0,0,30.0,848,478,5,right_eye,0.4952884912490845,0.14061099290847778,-0.05088816210627556,0.9986097812652588,0.9990752935409546
side_person17.mp4,side,0,0,30.0,848,478,6,right_eye_outer,0.4967389702796936,0.13991421461105347,-0.05091112107038498,0.9990660548210144,0.999049723148346
side_person17.mp4,side,0,0,30.0,848,478,7,left_ear,0.5109625458717346,0.1417006403207779,-0.134952113032341,0.9987001419067383,0.9989206790924072
side_person17.mp4,side,0,0,30.0,848,478,8,right_ear,0.5102670788764954,0.1426488161087036,0.02602025307714939,0.9982708692550659,0.9989551305770874
side_person17.mp4,side,0,0,30.0,848,478,9,mouth_left,0.49569493532180786,0.1758706271648407,-0.07883693277835846,0.9986155033111572,0.9992392063140869
side_person17.mp4,side,0,0,30.0,848,478,10,mouth_right,0.4953291416168213,0.17779958248138428,-0.03189724683761597,0.9981434345245361,0.9992687106132507
side_person17.mp4,side,0,0,30.0,848,478,11,left_shoulder,0.5242195725440979,0.22642801702022552,-0.22679245471954346,0.999545156955719,0.9988834261894226
side_person17.mp4,side,0,0,30.0,848,478,12,right_shoulder,0.5233158469200134,0.24609637260437012,0.14696025848388672,0.99811851978302,0.9984868764877319
side_person17.mp4,side,0,0,30.0,848,478,13,left_elbow,0.4387992322444916,0.24806104600429535,-0.2944822907447815,0.9918175339698792,0.9991948008537292
side_person17.mp4,side,0,0,30.0,848,478,14,right_elbow,0.452579528093338,0.2781817317008972,0.1853063851594925,0.32111892104148865,0.9993682503700256
side_person17.mp4,side,0,0,30.0,848,478,15,left_wrist,0.36500346660614014,0.24400047957897186,-0.2739056944847107,0.976348340511322,0.9978804588317871
side_person17.mp4,side,0,0,30.0,848,478,16,right_wrist,0.37428826093673706,0.2671225070953369,0.08966806530952454,0.40908655524253845,0.9985954165458679
side_person17.mp4,side,0,0,30.0,848,478,17,left_pinky,0.34602123498916626,0.24431635439395905,-0.3181990385055542,0.9628182649612427,0.9975112676620483
side_person17.mp4,side,0,0,30.0,848,478,18,right_pinky,0.36257052421569824,0.26717978715896606,0.08690205216407776,0.4111056625843048,0.9984149932861328
side_person17.mp4,side,0,0,30.0,848,478,19,left_index,0.347253680229187,0.234968364238739,-0.29466333985328674,0.9591420292854309,0.9972285628318787
side_person17.mp4,side,0,0,30.0,848,478,20,right_index,0.358813613653183,0.26441490650177,0.0477011576294899,0.43085768818855286,0.9981333613395691
side_person17.mp4,side,0,0,30.0,848,478,21,left_thumb,0.3527972102165222,0.2428274005651474,-0.2653605043888092,0.9357126951217651,0.997370719909668
side_person17.mp4,side,0,0,30.0,848,478,22,right_thumb,0.3621295690536499,0.265256404876709,0.06876799464225769,0.4487690329551697,0.9981890320777893
side_person17.mp4,side,0,0,30.0,848,478,23,left_hip,0.523203432559967,0.501085102558136,-0.11427682638168335,0.9977855682373047,0.9976822137832642
side_person17.mp4,side,0,0,30.0,848,478,24,right_hip,0.5198805928230286,0.499872088432312,0.1141703799366951,0.9938610792160034,0.9961987137794495
side_person17.mp4,side,0,0,30.0,848,478,25,left_knee,0.5071554780006409,0.6903417706489563,-0.06244584918022156,0.8884907364845276,0.9992755055427551
side_person17.mp4,side,0,0,30.0,848,478,26,right_knee,0.5065416097640991,0.6808328628540039,0.18489384651184082,0.21074341237545013,0.9985827207565308
side_person17.mp4,side,0,0,30.0,848,478,27,left_ankle,0.5086812973022461,0.8884480595588684,0.021900203078985214,0.9539536833763123,0.9982537627220154
side_person17.mp4,side,0,0,30.0,848,478,28,right_ankle,0.511987566947937,0.8485812544822693,0.29345768690109253,0.4578964412212372,0.9989147186279297
side_person17.mp4,side,0,0,30.0,848,478,29,left_heel,0.5206869840621948,0.914298951625824,0.026422210037708282,0.9596555233001709,0.9968915581703186
side_person17.mp4,side,0,0,30.0,848,478,30,right_heel,0.5212448239326477,0.8831970691680908,0.30243971943855286,0.6578881144523621,0.9980903267860413
side_person17.mp4,side,0,0,30.0,848,478,31,left_foot_index,0.4638305902481079,0.9203783273696899,-0.049742717295885086,0.9414240717887878,0.9974796175956726
side_person17.mp4,side,0,0,30.0,848,478,32,right_foot_index,0.46826043725013733,0.8767235279083252,0.24414530396461487,0.691988468170166,0.9989376664161682
side_person17.mp4,side,1,33,30.0,848,478,0,nose,0.49010470509529114,0.16142718493938446,-0.06554172933101654,0.9983357787132263,0.9971957206726074
side_person17.mp4,side,1,33,30.0,848,478,1,left_eye_inner,0.49394211173057556,0.14036588370800018,-0.08887597918510437,0.9984478950500488,0.9966352581977844
side_person17.mp4,side,1,33,30.0,848,478,2,left_eye,0.49534767866134644,0.13927467167377472,-0.08893842250108719,0.998447597026825,0.9964768290519714
side_person17.mp4,side,1,33,30.0,848,478,3,left_eye_outer,0.4968891441822052,0.13824251294136047,-0.0889311283826828,0.9986792206764221,0.996283233165741
side_person17.mp4,side,1,33,30.0,848,478,4,right_eye_inner,0.49374961853027344,0.1410103738307953,-0.05200968310236931,0.9980488419532776,0.9970188140869141
side_person17.mp4,side,1,33,30.0,848,478,5,right_eye,0.494917094707489,0.14030039310455322,-0.0520063079893589,0.9978134036064148,0.9971022009849548
side_person17.mp4,side,1,33,30.0,848,478,6,right_eye_outer,0.4962785542011261,0.13956843316555023,-0.05204426869750023,0.9984785318374634,0.9970706701278687
side_person17.mp4,side,1,33,30.0,848,478,7,left_ear,0.5110375881195068,0.1416214555501938,-0.143662691116333,0.9981021881103516,0.9964516162872314
side_person17.mp4,side,1,33,30.0,848,478,8,right_ear,0.510154128074646,0.14234215021133423,0.02183859795331955,0.9972390532493591,0.9970867037773132
side_person17.mp4,side,1,33,30.0,848,478,9,mouth_left,0.49547138810157776,0.17585350573062897,-0.08111259341239929,0.998056948184967,0.9984049201011658
side_person17.mp4,side,1,33,30.0,848,478,10,mouth_right,0.4949485957622528,0.17764055728912354,-0.033242397010326385,0.9971814155578613,0.9984195232391357
side_person17.mp4,side,1,33,30.0,848,478,11,left_shoulder,0.5256602168083191,0.22583363950252533,-0.24144956469535828,0.9995347857475281,0.9986342787742615
side_person17.mp4,side,1,33,30.0,848,478,12,right_shoulder,0.5232056379318237,0.24541319906711578,0.14483536779880524,0.9979381561279297,0.9977267384529114
side_person17.mp4,side,1,33,30.0,848,478,13,left_elbow,0.4387817680835724,0.24777695536613464,-0.30577579140663147,0.9914026856422424,0.998816967010498
side_person17.mp4,side,1,33,30.0,848,478,14,right_elbow,0.45040163397789,0.2776629328727722,0.18029707670211792,0.30918648838996887,0.9992799162864685
side_person17.mp4,side,1,33,30.0,848,478,15,left_wrist,0.36624613404273987,0.24386055767536163,-0.27982157468795776,0.9755316376686096,0.9966055154800415
side_person17.mp4,side,1,33,30.0,848,478,16,right_wrist,0.37429535388946533,0.2671457529067993,0.08985009044408798,0.4011590778827667,0.9979286193847656
side_person17.mp4,side,1,33,30.0,848,478,17,left_pinky,0.3457910120487213,0.24142305552959442,-0.3213341534137726,0.9618475437164307,0.9963954091072083
side_person17.mp4,side,1,33,30.0,848,478,18,right_pinky,0.3606554865837097,0.26708802580833435,0.08731520920991898,0.4044380486011505,0.9976310729980469
side_person17.mp4,side,1,33,30.0,848,478,19,left_index,0.34693196415901184,0.23490269482135773,-0.29970860481262207,0.9581049084663391,0.9959277510643005
side_person17.mp4,side,1,33,30.0,848,478,20,right_index,0.3580639958381653,0.2643445134162903,0.04991832748055458,0.42417141795158386,0.9972653388977051
side_person17.mp4,side,1,33,30.0,848,478,21,left_thumb,0.35266026854515076,0.24168196320533752,-0.2711734175682068,0.9338411092758179,0.9958969354629517
side_person17.mp4,side,1,33,30.0,848,478,22,right_thumb,0.36145874857902527,0.26511815190315247,0.06933064013719559,0.4418354630470276,0.9973446726799011
side_person17.mp4,side,1,33,30.0,848,478,23,left_hip,0.5236486196517944,0.5009995698928833,-0.11448313295841217,0.9976848363876343,0.9975020289421082
side_person17.mp4,side,1,33,30.0,848,478,24,right_hip,0.5184354782104492,0.49988168478012085,0.11436047405004501,0.9936416149139404,0.9964185953140259
side_person17.mp4,side,1,33,30.0,848,478,25,left_knee,0.5074898600578308,0.6967461705207825,-0.05178118124604225,0.8833805918693542,0.9993332028388977
side_person17.mp4,side,1,33,30.0,848,478,26,right_knee,0.5049656629562378,0.6836265921592712,0.1987001597881317,0.2095295637845993,0.9988627433776855
side_person17.mp4,side,1,33,30.0,848,478,27,left_ankle,0.5084953308105469,0.892481803894043,0.04238154739141464,0.9533940553665161,0.9985612034797668
side_person17.mp4,side,1,33,30.0,848,478,28,right_ankle,0.5104807615280151,0.8498319983482361,0.3239695429801941,0.46379590034484863,0.9994298815727234
side_person17.mp4,side,1,33,30.0,848,478,29,left_heel,0.519795298576355,0.9202108979225159,0.04770607501268387,0.9594964981079102,0.9971300959587097
side_person17.mp4,side,1,33,30.0,848,478,30,right_heel,0.5196730494499207,0.8842902183532715,0.3346966505050659,0.6630305051803589,0.9989703893661499
side_person17.mp4,side,1,33,30.0,848,478,31,left_foot_index,0.46350622177124023,0.9234784245491028,-0.030585549771785736,0.94184809923172,0.9976567029953003
side_person17.mp4,side,1,33,30.0,848,478,32,right_foot_index,0.46825093030929565,0.8768644332885742,0.28314030170440674,0.6968263983726501,0.9993788003921509
side_person17.mp4,side,2,67,30.0,848,478,0,nose,0.48957234621047974,0.16132886707782745,-0.093564473092556,0.997846782207489,0.9974246025085449
side_person17.mp4,side,2,67,30.0,848,478,1,left_eye_inner,0.49370160698890686,0.1403874307870865,-0.11801587045192719,0.9978975057601929,0.9967760443687439
side_person17.mp4,side,2,67,30.0,848,478,2,left_eye,0.49517908692359924,0.13929864764213562,-0.1180817261338234,0.9979174137115479,0.9965985417366028
side_person17.mp4,side,2,67,30.0,848,478,3,left_eye_outer,0.4967687427997589,0.13826455175876617,-0.1180645078420639,0.9982020854949951,0.9963725805282593
side_person17.mp4,side,2,67,30.0,848,478,4,right_eye_inner,0.4932909309864044,0.14102981984615326,-0.07978817820549011,0.997316837310791,0.9972960352897644
side_person17.mp4,side,2,67,30.0,848,478,5,right_eye,0.49442484974861145,0.1403171569108963,-0.07979492843151093,0.9969937205314636,0.9974368810653687
side_person17.mp4,side,2,67,30.0,848,478,6,right_eye_outer,0.49577596783638,0.13957910239696503,-0.07984039187431335,0.9978778958320618,0.9974732995033264
side_person17.mp4,side,2,67,30.0,848,478,7,left_ear,0.5110411643981934,0.1415562629699707,-0.17472727596759796,0.9974986910820007,0.9963705539703369
side_person17.mp4,side,2,67,30.0,848,478,8,right_ear,0.5098163485527039,0.14228852093219757,-0.003593496512621641,0.9961956143379211,0.9974838495254517
side_person17.mp4,side,2,67,30.0,848,478,9,mouth_left,0.49544376134872437,0.17576263844966888,-0.11028631031513214,0.9975823163986206,0.9985935091972351
side_person17.mp4,side,2,67,30.0,848,478,10,mouth_right,0.49489420652389526,0.17747503519058228,-0.060476113110780716,0.9963879585266113,0.9986716508865356
side_person17.mp4,side,2,67,30.0,848,478,11,left_shoulder,0.5290805697441101,0.22583335638046265,-0.27383342385292053,0.9995341897010803,0.9986364245414734
side_person17.mp4,side,2,67,30.0,848,478,12,right_shoulder,0.523014485836029,0.24543070793151855,0.12295926362276077,0.9979116916656494,0.9986274242401123
side_person17.mp4,side,2,67,30.0,848,478,13,left_elbow,0.4389587342739105,0.2477789968252182,-0.348053902387619,0.9914245009422302,0.998651921749115
side_person17.mp4,side,2,67,30.0,848,478,14,right_elbow,0.4479644298553467,0.2781027555465698,0.15643484890460968,0.31200817227363586,0.9995459914207458
side_person17.mp4,side,2,67,30.0,848,478,15,left_wrist,0.3664071559906006,0.24425368010997772,-0.33456894755363464,0.9759179353713989,0.9969316720962524
side_person17.mp4,side,2,67,30.0,848,478,16,right_wrist,0.37263622879981995,0.26842355728149414,0.07211887836456299,0.4116525948047638,0.9985818862915039
side_person17.mp4,side,2,67,30.0,848,478,17,left_pinky,0.34542417526245117,0.24153074622154236,-0.37941041588783264,0.9623557329177856,0.9966379404067993
side_person17.mp4,side,2,67,30.0,848,478,18,right_pinky,0.3581434190273285,0.26744940876960754,0.06912102550268173,0.41311779618263245,0.9981794357299805
side_person17.mp4,side,2,67,30.0,848,478,19,left_index,0.34637415409088135,0.23489482700824738,-0.3586760461330414,0.9586751461029053,0.9962977766990662
side_person17.mp4,side,2,67,30.0,848,478,20,right_index,0.35456016659736633,0.26487886905670166,0.03192601352930069,0.43299999833106995,0.9979110360145569
side_person17.mp4,side,2,67,30.0,848,478,21,left_thumb,0.35258913040161133,0.2421102225780487,-0.3265281319618225,0.9342512488365173,0.9963675737380981
side_person17.mp4,side,2,67,30.0,848,478,22,right_thumb,0.35966384410858154,0.26610293984413147,0.051486432552337646,0.44999003410339355,0.9980835914611816
side_person17.mp4,side,2,67,30.0,848,478,23,left_hip,0.524083137512207,0.5009970664978027,-0.1147199496626854,0.9974097609519958,0.9951893091201782
side_person17.mp4,side,2,67,30.0,848,478,24,right_hip,0.5167790055274963,0.499853253364563,0.1145833283662796,0.9933546185493469,0.9954735636711121
side_person17.mp4,side,2,67,30.0,848,478,25,left_knee,0.5066686868667603,0.7017831206321716,-0.04817721247673035,0.8779024481773376,0.9987095594406128
side_person17.mp4,side,2,67,30.0,848,478,26,right_knee,0.500636637210846,0.6884699463844299,0.1984894573688507,0.21064269542694092,0.9985363483428955
side_person17.mp4,side,2,67,30.0,848,478,27,left_ankle,0.5084578394889832,0.8939019441604614,0.06159570440649986,0.9515246152877808,0.9979361295700073
side_person17.mp4,side,2,67,30.0,848,478,28,right_ankle,0.5102319717407227,0.8588457107543945,0.3290638029575348,0.4695647954940796,0.9992433786392212
side_person17.mp4,side,2,67,30.0,848,478,29,left_heel,0.5192551612854004,0.9246464371681213,0.06856416910886765,0.9584364891052246,0.9961143732070923
side_person17.mp4,side,2,67,30.0,848,478,30,right_heel,0.5196930766105652,0.887942910194397,0.3399187922477722,0.6680073142051697,0.9985993504524231
side_person17.mp4,side,2,67,30.0,848,478,31,left_foot_index,0.46298280358314514,0.926593005657196,-0.011829708702862263,0.9409597516059875,0.9969896078109741
side_person17.mp4,side,2,67,30.0,848,478,32,right_foot_index,0.4678991138935089,0.8862141966819763,0.2838629186153412,0.699800431728363,0.9991129040718079
side_person17.mp4,side,3,100,30.0,848,478,0,nose,0.48953917622566223,0.1614908128976822,-0.11132832616567612,0.9968118071556091,0.9949209094047546
side_person17.mp4,side,3,100,30.0,848,478,1,left_eye_inner,0.4935964047908783,0.14120155572891235,-0.13626894354820251,0.9967173933982849,0.9943167567253113
side_person17.mp4,side,3,100,30.0,848,478,2,left_eye,0.49512630701065063,0.14010411500930786,-0.13632895052433014,0.9967979192733765,0.9939693212509155
side_person17.mp4,side,3,100,30.0,848,478,3,left_eye_outer,0.4967496693134308,0.1390221267938614,-0.136309415102005,0.9971505999565125,0.9936143755912781
side_person17.mp4,side,3,100,30.0,848,478,4,right_eye_inner,0.4931180477142334,0.14184801280498505,-0.09874144941568375,0.9957225322723389,0.9953197836875916
side_person17.mp4,side,3,100,30.0,848,478,5,right_eye,0.49424436688423157,0.14109191298484802,-0.09874936193227768,0.9952647686004639,0.9956148862838745
side_person17.mp4,side,3,100,30.0,848,478,6,right_eye_outer,0.49560481309890747,0.1402585208415985,-0.09880510717630386,0.9965589046478271,0.9957613348960876
side_person17.mp4,side,3,100,30.0,848,478,7,left_ear,0.5111443996429443,0.14170238375663757,-0.19235211610794067,0.9962255358695984,0.9937064051628113
side_person17.mp4,side,3,100,30.0,848,478,8,right_ear,0.5098192095756531,0.14236792922019958,-0.024056661874055862,0.9939449429512024,0.9958095550537109
side_person17.mp4,side,3,100,30.0,848,478,9,mouth_left,0.49555066227912903,0.17580048739910126,-0.1276637613773346,0.9965624213218689,0.9974600672721863
side_person17.mp4,side,3,100,30.0,848,478,10,mouth_right,0.49497345089912415,0.17749010026454926,-0.07867473363876343,0.9946272373199463,0.9975892305374146
side_person17.mp4,side,3,100,30.0,848,478,11,left_shoulder,0.5299452543258667,0.22501912713050842,-0.2845189571380615,0.9995143413543701,0.9980911612510681
side_person17.mp4,side,3,100,30.0,848,478,12,right_shoulder,0.5228474736213684,0.24377283453941345,0.09920472651720047,0.9977813363075256,0.9981430768966675
side_person17.mp4,side,3,100,30.0,848,478,13,left_elbow,0.43908756971359253,0.24771693348884583,-0.35627827048301697,0.9909602403640747,0.997890055179596
side_person17.mp4,side,3,100,30.0,848,478,14,right_elbow,0.44579994678497314,0.2777840793132782,0.1285763680934906,0.30520111322402954,0.9993106126785278
side_person17.mp4,side,3,100,30.0,848,478,15,left_wrist,0.36816704273223877,0.24456998705863953,-0.34225746989250183,0.974821150302887,0.9946487545967102
side_person17.mp4,side,3,100,30.0,848,478,16,right_wrist,0.3722935914993286,0.26826977729797363,0.042342741042375565,0.4098767340183258,0.9975368976593018
side_person17.mp4,side,3,100,30.0,848,478,17,left_pinky,0.3455101251602173,0.2416355013847351,-0.3861510753631592,0.960849940776825,0.9946209192276001
side_person17.mp4,side,3,100,30.0,848,478,18,right_pinky,0.3550958037376404,0.2667364776134491,0.037348177284002304,0.41182294487953186,0.9970195889472961
side_person17.mp4,side,3,100,30.0,848,478,19,left_index,0.34674668312072754,0.2364630103111267,-0.36769363284111023,0.9571128487586975,0.9938914775848389
side_person17.mp4,side,3,100,30.0,848,478,20,right_index,0.35245805978775024,0.26400014758110046,-0.00032024740357883275,0.431738018989563,0.9965202808380127
side_person17.mp4,side,3,100,30.0,848,478,21,left_thumb,0.3527417778968811,0.24230821430683136,-0.33524090051651,0.9314736127853394,0.9938748478889465
side_person17.mp4,side,3,100,30.0,848,478,22,right_thumb,0.35667794942855835,0.26583513617515564,0.021329518407583237,0.4480457007884979,0.9967005848884583
side_person17.mp4,side,3,100,30.0,848,478,23,left_hip,0.5246750712394714,0.5000932216644287,-0.11440928280353546,0.9970548748970032,0.9943686127662659
side_person17.mp4,side,3,100,30.0,848,478,24,right_hip,0.5135802030563354,0.4987080693244934,0.1142609640955925,0.9929744601249695,0.9953513145446777
side_person17.mp4,side,3,100,30.0,848,478,25,left_knee,0.5084423422813416,0.7011425495147705,-0.04988398030400276,0.8753172159194946,0.9990512728691101
side_person17.mp4,side,3,100,30.0,848,478,26,right_knee,0.4968365728855133,0.6874610781669617,0.1916312277317047,0.2173849642276764,0.9989538192749023
side_person17.mp4,side,3,100,30.0,848,478,27,left_ankle,0.5087864995002747,0.8934385776519775,0.051523156464099884,0.9517245888710022,0.9987040758132935
side_person17.mp4,side,3,100,30.0,848,478,28,right_ankle,0.5079954862594604,0.8590937256813049,0.3211213946342468,0.4867387115955353,0.9996192455291748
side_person17.mp4,side,3,100,30.0,848,478,29,left_heel,0.5186499357223511,0.924068033695221,0.05734788253903389,0.9582478404045105,0.9974990487098694
side_person17.mp4,side,3,100,30.0,848,478,30,right_heel,0.5181422233581543,0.8878633975982666,0.331369549036026,0.6788462400436401,0.9992781281471252
side_person17.mp4,side,3,100,30.0,848,478,31,left_foot_index,0.4631126821041107,0.9277230501174927,-0.01785004884004593,0.9420238733291626,0.9975784420967102
side_person17.mp4,side,3,100,30.0,848,478,32,right_foot_index,0.46743354201316833,0.8866026997566223,0.2791815996170044,0.710851788520813,0.9993829727172852
side_person17.mp4,side,4,133,30.0,848,478,0,nose,0.4895598590373993,0.16112637519836426,-0.10439848154783249,0.9957515597343445,0.9957648515701294
side_person17.mp4,side,4,133,30.0,848,478,1,left_eye_inner,0.49376678466796875,0.14124822616577148,-0.12878353893756866,0.9955518245697021,0.9956148862838745
side_person17.mp4,side,4,133,30.0,848,478,2,left_eye,0.49536630511283875,0.14014269411563873,-0.12884527444839478,0.9956839680671692,0.9955310225486755
side_person17.mp4,side,4,133,30.0,848,478,3,left_eye_outer,0.49705737829208374,0.13903334736824036,-0.1288267970085144,0.9962143301963806,0.9954178333282471
side_person17.mp4,side,4,133,30.0,848,478,4,right_eye_inner,0.49313896894454956,0.1418665647506714,-0.09073707461357117,0.9939793944358826,0.996004045009613
side_person17.mp4,side,4,133,30.0,848,478,5,right_eye,0.49424558877944946,0.14110401272773743,-0.09073608368635178,0.9931159615516663,0.9961383938789368
side_person17.mp4,side,4,133,30.0,848,478,6,right_eye_outer,0.4955868124961853,0.14026539027690887,-0.09077861905097961,0.9949043989181519,0.996173083782196
side_person17.mp4,side,4,133,30.0,848,478,7,left_ear,0.5116043090820312,0.1416826993227005,-0.1849195659160614,0.9951525926589966,0.9957387447357178
side_person17.mp4,side,4,133,30.0,848,478,8,right_ear,0.509773313999176,0.14238959550857544,-0.014094091020524502,0.9910454750061035,0.9959545135498047
side_person17.mp4,side,4,133,30.0,848,478,9,mouth_left,0.49574118852615356,0.1753125786781311,-0.12102856487035751,0.9957905411720276,0.998191773891449
side_person17.mp4,side,4,133,30.0,848,478,10,mouth_right,0.4950174391269684,0.17708124220371246,-0.07130331546068192,0.9930461049079895,0.998001754283905
side_person17.mp4,side,4,133,30.0,848,478,11,left_shoulder,0.532738983631134,0.22499129176139832,-0.2839590013027191,0.9995214343070984,0.9988383650779724
side_person17.mp4,side,4,133,30.0,848,478,12,right_shoulder,0.521683394908905,0.2436077743768692,0.1110796108841896,0.9976629614830017,0.9983263611793518
side_person17.mp4,side,4,133,30.0,848,478,13,left_elbow,0.4431457221508026,0.24757452309131622,-0.3647369146347046,0.9911346435546875,0.9985523819923401
side_person17.mp4,side,4,133,30.0,848,478,14,right_elbow,0.44602683186531067,0.27726244926452637,0.14129328727722168,0.3060704469680786,0.999415397644043
side_person17.mp4,side,4,133,30.0,848,478,15,left_wrist,0.37314435839653015,0.24431784451007843,-0.35251301527023315,0.9754559993743896,0.9976614713668823
side_person17.mp4,side,4,133,30.0,848,478,16,right_wrist,0.37211689352989197,0.2685539126396179,0.0637146383523941,0.41776323318481445,0.9979525804519653
side_person17.mp4,side,4,133,30.0,848,478,17,left_pinky,0.3474965989589691,0.2418089359998703,-0.3963751792907715,0.9615632891654968,0.9974220991134644
side_person17.mp4,side,4,133,30.0,848,478,18,right_pinky,0.3545774519443512,0.2666258215904236,0.0606471411883831,0.4175571799278259,0.9974362254142761
side_person17.mp4,side,4,133,30.0,848,478,19,left_index,0.3468307554721832,0.23679472506046295,-0.37800055742263794,0.9579408168792725,0.9971327781677246
side_person17.mp4,side,4,133,30.0,848,478,20,right_index,0.35157710313796997,0.2639780342578888,0.02352594956755638,0.43786123394966125,0.9969364404678345
side_person17.mp4,side,4,133,30.0,848,478,21,left_thumb,0.35451212525367737,0.24265702068805695,-0.3452044129371643,0.9322454333305359,0.9972360730171204
side_person17.mp4,side,4,133,30.0,848,478,22,right_thumb,0.35685208439826965,0.26607784628868103,0.04203098267316818,0.453779399394989,0.9972225427627563
side_person17.mp4,side,4,133,30.0,848,478,23,left_hip,0.525063693523407,0.4998893141746521,-0.11440824717283249,0.9967596530914307,0.9940817952156067
side_person17.mp4,side,4,133,30.0,848,478,24,right_hip,0.5118122696876526,0.49848639965057373,0.11425924301147461,0.9926825165748596,0.9941850304603577
side_person17.mp4,side,4,133,30.0,848,478,25,left_knee,0.5087997913360596,0.7008989453315735,-0.049507517367601395,0.8725842237472534,0.9989970326423645
side_person17.mp4,side,4,133,30.0,848,478,26,right_knee,0.49437516927719116,0.6877341270446777,0.19107630848884583,0.22381345927715302,0.9987138509750366
side_person17.mp4,side,4,133,30.0,848,478,27,left_ankle,0.5102521777153015,0.8933197259902954,0.05504859983921051,0.9511240124702454,0.9984716773033142
side_person17.mp4,side,4,133,30.0,848,478,28,right_ankle,0.5068626403808594,0.8620666265487671,0.3191987872123718,0.4982602000236511,0.9995137453079224
side_person17.mp4,side,4,133,30.0,848,478,29,left_heel,0.5193237662315369,0.9241874814033508,0.06099323183298111,0.9569280743598938,0.9970109462738037
side_person17.mp4,side,4,133,30.0,848,478,30,right_heel,0.5178709030151367,0.8898146748542786,0.3291235864162445,0.6848562955856323,0.9990629553794861
side_person17.mp4,side,4,133,30.0,848,478,31,left_foot_index,0.4633373022079468,0.930708646774292,-0.024589495733380318,0.9423677921295166,0.9973898530006409
side_person17.mp4,side,4,133,30.0,848,478,32,right_foot_index,0.46651896834373474,0.8930976390838623,0.27224263548851013,0.7184178829193115,0.9992479681968689
side_person17.mp4,side,5,167,30.0,848,478,0,nose,0.4895588159561157,0.16114284098148346,-0.10949022322893143,0.9953269362449646,0.9974588751792908
side_person17.mp4,side,5,167,30.0,848,478,1,left_eye_inner,0.4937523603439331,0.1416643261909485,-0.13404464721679688,0.9950825572013855,0.9971631169319153
side_person17.mp4,side,5,167,30.0,848,478,2,left_eye,0.4953528344631195,0.14057117700576782,-0.13409899175167084,0.9952414631843567,0.9970256686210632
side_person17.mp4,side,5,167,30.0,848,478,3,left_eye_outer,0.49704810976982117,0.13947314023971558,-0.13407154381275177,0.9957968592643738,0.9968774318695068
side_person17.mp4,side,5,167,30.0,848,478,4,right_eye_inner,0.4931367337703705,0.14228925108909607,-0.09634898602962494,0.9932724833488464,0.9975706934928894
side_person17.mp4,side,5,167,30.0,848,478,5,right_eye,0.49424418807029724,0.14155882596969604,-0.09635405242443085,0.9923306107521057,0.9976867437362671
side_person17.mp4,side,5,167,30.0,848,478,6,right_eye_outer,0.49558597803115845,0.1407463699579239,-0.09639778733253479,0.994288444519043,0.9977117776870728
side_person17.mp4,side,5,167,30.0,848,478,7,left_ear,0.5116182565689087,0.14218096435070038,-0.19028179347515106,0.9946446418762207,0.9969727993011475
side_person17.mp4,side,5,167,30.0,848,478,8,right_ear,0.5097740888595581,0.14291691780090332,-0.021256888285279274,0.9899761080741882,0.99769127368927
side_person17.mp4,side,5,167,30.0,848,478,9,mouth_left,0.49583885073661804,0.17531390488147736,-0.12611345946788788,0.9954219460487366,0.9987205266952515
side_person17.mp4,side,5,167,30.0,848,478,10,mouth_right,0.49515411257743835,0.17708483338356018,-0.07694342732429504,0.9923556447029114,0.9987204074859619
side_person17.mp4,side,5,167,30.0,848,478,11,left_shoulder,0.5330826044082642,0.2249109297990799,-0.28652259707450867,0.9995293617248535,0.9989558458328247
side_person17.mp4,side,5,167,30.0,848,478,12,right_shoulder,0.5216092467308044,0.24361379444599152,0.10316576808691025,0.9976294040679932,0.998728334903717
side_person17.mp4,side,5,167,30.0,848,478,13,left_elbow,0.4442806541919708,0.24761877954006195,-0.36088597774505615,0.9910639524459839,0.9985149502754211
side_person17.mp4,side,5,167,30.0,848,478,14,right_elbow,0.44625240564346313,0.27721720933914185,0.13793165981769562,0.30439338088035583,0.9994609951972961
side_person17.mp4,side,5,167,30.0,848,478,15,left_wrist,0.3733118772506714,0.24480020999908447,-0.345924437046051,0.9751440286636353,0.9969769716262817
side_person17.mp4,side,5,167,30.0,848,478,16,right_wrist,0.37226301431655884,0.26861119270324707,0.05601993575692177,0.4218496084213257,0.9982447624206543
side_person17.mp4,side,5,167,30.0,848,478,17,left_pinky,0.35000452399253845,0.24183017015457153,-0.38915497064590454,0.96096271276474,0.9968332648277283
side_person17.mp4,side,5,167,30.0,848,478,18,right_pinky,0.354743629693985,0.2665017545223236,0.05189826712012291,0.4206292927265167,0.9978431463241577
side_person17.mp4,side,5,167,30.0,848,478,19,left_index,0.3482223153114319,0.23782069981098175,-0.3712071478366852,0.9573429822921753,0.9964022636413574
side_person17.mp4,side,5,167,30.0,848,478,20,right_index,0.35190194845199585,0.2639477252960205,0.01475586649030447,0.44099321961402893,0.9974613189697266
side_person17.mp4,side,5,167,30.0,848,478,21,left_thumb,0.3567962050437927,0.24278880655765533,-0.3388054072856903,0.9310095906257629,0.9964693784713745
side_person17.mp4,side,5,167,30.0,848,478,22,right_thumb,0.35716405510902405,0.2660776376724243,0.0350341796875,0.4565446674823761,0.9976537823677063
side_person17.mp4,side,5,167,30.0,848,478,23,left_hip,0.5251333713531494,0.49894341826438904,-0.11451160907745361,0.9966319799423218,0.995919406414032
side_person17.mp4,side,5,167,30.0,848,478,24,right_hip,0.5118255019187927,0.4976937472820282,0.11435215175151825,0.9925709366798401,0.9960607886314392
side_person17.mp4,side,5,167,30.0,848,478,25,left_knee,0.5087898373603821,0.7007792592048645,-0.04895339906215668,0.871998131275177,0.9994235038757324
side_person17.mp4,side,5,167,30.0,848,478,26,right_knee,0.49487319588661194,0.6874837875366211,0.1921372264623642,0.2305654138326645,0.9991942048072815
side_person17.mp4,side,5,167,30.0,848,478,27,left_ankle,0.51067054271698,0.8927158117294312,0.052641551941633224,0.9520757794380188,0.9990054965019226
side_person17.mp4,side,5,167,30.0,848,478,28,right_ankle,0.5068154335021973,0.8618179559707642,0.3214777112007141,0.5121818780899048,0.99969482421875
side_person17.mp4,side,5,167,30.0,848,478,29,left_heel,0.5197849869728088,0.9238946437835693,0.05815119296312332,0.9572675824165344,0.9979706406593323
side_person17.mp4,side,5,167,30.0,848,478,30,right_heel,0.5177481174468994,0.8872342705726624,0.3315356373786926,0.6932097673416138,0.9994211196899414
side_person17.mp4,side,5,167,30.0,848,478,31,left_foot_index,0.4633404612541199,0.9305844306945801,-0.02783987671136856,0.9440181851387024,0.9980962872505188
side_person17.mp4,side,5,167,30.0,848,478,32,right_foot_index,0.4665539264678955,0.8924868702888489,0.2742561101913452,0.7281466126441956,0.9995366334915161
side_person17.mp4,side,6,200,30.0,848,478,0,nose,0.4895922541618347,0.16094626486301422,-0.11831764131784439,0.9951992630958557,0.9976221919059753
side_person17.mp4,side,6,200,30.0,848,478,1,left_eye_inner,0.49382153153419495,0.14168764650821686,-0.142262265086174,0.9949237108230591,0.9973596930503845
side_person17.mp4,side,6,200,30.0,848,478,2,left_eye,0.49545252323150635,0.1406000852584839,-0.14231523871421814,0.9951010942459106,0.997214138507843
side_person17.mp4,side,6,200,30.0,848,478,3,left_eye_outer,0.4971873462200165,0.13950389623641968,-0.14229141175746918,0.9956517815589905,0.9970583915710449
side_person17.mp4,side,6,200,30.0,848,478,4,right_eye_inner,0.4931592047214508,0.14229300618171692,-0.10503434389829636,0.9930316209793091,0.9977808594703674
side_person17.mp4,side,6,200,30.0,848,478,5,right_eye,0.4942491352558136,0.14156199991703033,-0.10504524409770966,0.9920852184295654,0.9979052543640137
side_person17.mp4,side,6,200,30.0,848,478,6,right_eye_outer,0.4955841600894928,0.1407504379749298,-0.10509037226438522,0.994081437587738,0.9979463219642639
side_person17.mp4,side,6,200,30.0,848,478,7,left_ear,0.5117587447166443,0.14220288395881653,-0.19526062905788422,0.9944682121276855,0.9971081614494324
side_person17.mp4,side,6,200,30.0,848,478,8,right_ear,0.5096675753593445,0.14294718205928802,-0.028142280876636505,0.9896482229232788,0.9979459643363953
side_person17.mp4,side,6,200,30.0,848,478,9,mouth_left,0.4959788918495178,0.17508383095264435,-0.1337287724018097,0.9952914118766785,0.9987646341323853
side_person17.mp4,side,6,200,30.0,848,478,10,mouth_right,0.4952160120010376,0.17686906456947327,-0.08511151373386383,0.9920322299003601,0.998759388923645
side_person17.mp4,side,6,200,30.0,848,478,11,left_shoulder,0.534316897392273,0.22499269247055054,-0.28736528754234314,0.9995340704917908,0.99885094165802
side_person17.mp4,side,6,200,30.0,848,478,12,right_shoulder,0.5213125348091125,0.24353791773319244,0.0944192036986351,0.9975861310958862,0.998722493648529
side_person17.mp4,side,6,200,30.0,848,478,13,left_elbow,0.4463135600090027,0.24785256385803223,-0.3623759150505066,0.990836501121521,0.9982364177703857
side_person17.mp4,side,6,200,30.0,848,478,14,right_elbow,0.44631972908973694,0.2772122919559479,0.12693551182746887,0.30269598960876465,0.9994024038314819
side_person17.mp4,side,6,200,30.0,848,478,15,left_wrist,0.3770473301410675,0.24479632079601288,-0.3535159230232239,0.974349856376648,0.9962888956069946
side_person17.mp4,side,6,200,30.0,848,478,16,right_wrist,0.3722827434539795,0.2684060037136078,0.041362661868333817,0.42287677526474,0.9977478384971619
side_person17.mp4,side,6,200,30.0,848,478,17,left_pinky,0.35122400522232056,0.24171042442321777,-0.397187203168869,0.9597994685173035,0.9962755441665649
side_person17.mp4,side,6,200,30.0,848,478,18,right_pinky,0.3535069227218628,0.26543670892715454,0.035115499049425125,0.4211154282093048,0.9973216652870178
side_person17.mp4,side,6,200,30.0,848,478,19,left_index,0.34877830743789673,0.23810794949531555,-0.38046422600746155,0.9561364650726318,0.9957607388496399
side_person17.mp4,side,6,200,30.0,848,478,20,right_index,0.3513096570968628,0.2634270489215851,-0.00194102234672755,0.44160550832748413,0.9968401193618774
side_person17.mp4,side,6,200,30.0,848,478,21,left_thumb,0.35787874460220337,0.24279220402240753,-0.34718722105026245,0.9289700984954834,0.995799720287323
side_person17.mp4,side,6,200,30.0,848,478,22,right_thumb,0.3559100329875946,0.2657029330730438,0.0201837457716465,0.4569767117500305,0.9970523118972778
side_person17.mp4,side,6,200,30.0,848,478,23,left_hip,0.5254083275794983,0.4987979531288147,-0.11437438428401947,0.9964771270751953,0.9954285621643066
side_person17.mp4,side,6,200,30.0,848,478,24,right_hip,0.5112912058830261,0.4970870316028595,0.11420606821775436,0.9924382567405701,0.9960536956787109
side_person17.mp4,side,6,200,30.0,848,478,25,left_knee,0.5092743039131165,0.7004733085632324,-0.04938167333602905,0.8720406889915466,0.9994440674781799
side_person17.mp4,side,6,200,30.0,848,478,26,right_knee,0.4946666359901428,0.6873586773872375,0.1904679536819458,0.23918816447257996,0.9992508292198181
side_person17.mp4,side,6,200,30.0,848,478,27,left_ankle,0.5111293196678162,0.892375648021698,0.05120290443301201,0.95306396484375,0.9989323019981384
side_person17.mp4,side,6,200,30.0,848,478,28,right_ankle,0.5065795183181763,0.8616628050804138,0.31946438550949097,0.5268795490264893,0.9997201561927795
side_person17.mp4,side,6,200,30.0,848,478,29,left_heel,0.5200775265693665,0.9236631989479065,0.05642895773053169,0.9573487639427185,0.9978190660476685
side_person17.mp4,side,6,200,30.0,848,478,30,right_heel,0.5176524519920349,0.8866194486618042,0.3294599950313568,0.7015830278396606,0.9994567036628723
side_person17.mp4,side,6,200,30.0,848,478,31,left_foot_index,0.4635304808616638,0.930591344833374,-0.030128465965390205,0.945525586605072,0.9978336691856384
side_person17.mp4,side,6,200,30.0,848,478,32,right_foot_index,0.46656396985054016,0.8914889693260193,0.27120986580848694,0.7382094264030457,0.9995274543762207
side_person17.mp4,side,7,233,30.0,848,478,0,nose,0.4895901083946228,0.16097354888916016,-0.11550179123878479,0.9946925640106201,0.9965096116065979
side_person17.mp4,side,7,233,30.0,848,478,1,left_eye_inner,0.4938039481639862,0.14193029701709747,-0.13978055119514465,0.9943944215774536,0.9961852431297302
side_person17.mp4,side,7,233,30.0,848,478,2,left_eye,0.49544399976730347,0.14088210463523865,-0.13983801007270813,0.9946059584617615,0.9960401058197021
side_person17.mp4,side,7,233,30.0,848,478,3,left_eye_outer,0.4971875548362732,0.13983894884586334,-0.13981759548187256,0.9951804876327515,0.9958837628364563
side_person17.mp4,side,7,233,30.0,848,478,4,right_eye_inner,0.49311962723731995,0.14249743521213531,-0.10200709849596024,0.992254376411438,0.9966461062431335
side_person17.mp4,side,7,233,30.0,848,478,5,right_eye,0.4941859841346741,0.14178362488746643,-0.10201293975114822,0.9912190437316895,0.996791660785675
side_person17.mp4,side,7,233,30.0,848,478,6,right_eye_outer,0.4955025315284729,0.1409996896982193,-0.10205987095832825,0.9933898448944092,0.9968243837356567
side_person17.mp4,side,7,233,30.0,848,478,7,left_ear,0.5118301510810852,0.14228656888008118,-0.19482585787773132,0.9939690828323364,0.9961264729499817
side_person17.mp4,side,7,233,30.0,848,478,8,right_ear,0.5096372961997986,0.14305120706558228,-0.025283219292759895,0.9885532259941101,0.9968319535255432
side_person17.mp4,side,7,233,30.0,848,478,9,mouth_left,0.4960096776485443,0.1750967800617218,-0.13165459036827087,0.9948756098747253,0.9983172416687012
side_person17.mp4,side,7,233,30.0,848,478,10,mouth_right,0.4952182471752167,0.17685499787330627,-0.0823584645986557,0.9912440180778503,0.9982503056526184
side_person17.mp4,side,7,233,30.0,848,478,11,left_shoulder,0.5346235036849976,0.224978968501091,-0.29021015763282776,0.9995391964912415,0.998810887336731
side_person17.mp4,side,7,233,30.0,848,478,12,right_shoulder,0.5205356478691101,0.2433922439813614,0.0990130603313446,0.9975124001502991,0.998349666595459
side_person17.mp4,side,7,233,30.0,848,478,13,left_elbow,0.44724565744400024,0.24786557257175446,-0.3660708963871002,0.9906989932060242,0.998499870300293
side_person17.mp4,side,7,233,30.0,848,478,14,right_elbow,0.4456848204135895,0.2761324942111969,0.13297812640666962,0.29694485664367676,0.9993329644203186
side_person17.mp4,side,7,233,30.0,848,478,15,left_wrist,0.3761917054653168,0.24482537806034088,-0.3537415862083435,0.9738233685493469,0.996626615524292
side_person17.mp4,side,7,233,30.0,848,478,16,right_wrist,0.37219998240470886,0.26811349391937256,0.04637431725859642,0.4199357032775879,0.9975894689559937
side_person17.mp4,side,7,233,30.0,848,478,17,left_pinky,0.35119524598121643,0.2416713833808899,-0.3977709412574768,0.9590312242507935,0.9964725375175476
side_person17.mp4,side,7,233,30.0,848,478,18,right_pinky,0.3533768057823181,0.264830619096756,0.04081377387046814,0.4188210666179657,0.9971218705177307
side_person17.mp4,side,7,233,30.0,848,478,19,left_index,0.3503282964229584,0.23866285383701324,-0.3799619972705841,0.9553349018096924,0.9959266185760498
side_person17.mp4,side,7,233,30.0,848,478,20,right_index,0.35127490758895874,0.26324161887168884,0.0033880893606692553,0.43930429220199585,0.9966527819633484
side_person17.mp4,side,7,233,30.0,848,478,21,left_thumb,0.3577212691307068,0.2428286224603653,-0.3467985987663269,0.9273268580436707,0.9959696531295776
side_person17.mp4,side,7,233,30.0,848,478,22,right_thumb,0.3553730845451355,0.26554811000823975,0.025211194530129433,0.45440909266471863,0.996841549873352
side_person17.mp4,side,7,233,30.0,848,478,23,left_hip,0.525688648223877,0.4985348880290985,-0.11492567509412766,0.996429443359375,0.9965097308158875
side_person17.mp4,side,7,233,30.0,848,478,24,right_hip,0.5114583969116211,0.49676668643951416,0.11474456638097763,0.9923748970031738,0.9963200092315674
side_person17.mp4,side,7,233,30.0,848,478,25,left_knee,0.5077711343765259,0.7002549171447754,-0.04949608072638512,0.869987964630127,0.9993605017662048
side_person17.mp4,side,7,233,30.0,848,478,26,right_knee,0.49440187215805054,0.6873154640197754,0.19428174197673798,0.23937366902828217,0.9989926218986511
side_person17.mp4,side,7,233,30.0,848,478,27,left_ankle,0.5109614729881287,0.8923715949058533,0.05329924821853638,0.9532470107078552,0.9988771080970764
side_person17.mp4,side,7,233,30.0,848,478,28,right_ankle,0.50579434633255,0.8613730072975159,0.3271718919277191,0.5329003930091858,0.9996148347854614
side_person17.mp4,side,7,233,30.0,848,478,29,left_heel,0.5198286175727844,0.9235013723373413,0.059028152376413345,0.9573583602905273,0.9977331161499023
side_person17.mp4,side,7,233,30.0,848,478,30,right_heel,0.5169304013252258,0.886630654335022,0.3376466631889343,0.7052768468856812,0.9992831349372864
side_person17.mp4,side,7,233,30.0,848,478,31,left_foot_index,0.4634929895401001,0.9310179948806763,-0.02844342589378357,0.9462462663650513,0.997747004032135
side_person17.mp4,side,7,233,30.0,848,478,32,right_foot_index,0.4665047526359558,0.890572726726532,0.27868780493736267,0.742408812046051,0.999419093132019
side_person17.mp4,side,8,267,30.0,848,478,0,nose,0.48994648456573486,0.1609162539243698,-0.12543131411075592,0.9945411086082458,0.9974527955055237
side_person17.mp4,side,8,267,30.0,848,478,1,left_eye_inner,0.4943286180496216,0.14197085797786713,-0.14965970814228058,0.9942286014556885,0.9972189664840698
side_person17.mp4,side,8,267,30.0,848,478,2,left_eye,0.4959986209869385,0.14090408384799957,-0.1497121900320053,0.9944614171981812,0.9971078038215637
side_person17.mp4,side,8,267,30.0,848,478,3,left_eye_outer,0.49775978922843933,0.13984104990959167,-0.14968770742416382,0.9950441122055054,0.9969725608825684
side_person17.mp4,side,8,267,30.0,848,478,4,right_eye_inner,0.4934249520301819,0.14250963926315308,-0.11193805187940598,0.9920284748077393,0.9976008534431458
side_person17.mp4,side,8,267,30.0,848,478,5,right_eye,0.4944037199020386,0.14178906381130219,-0.11195139586925507,0.9909756183624268,0.997722327709198
side_person17.mp4,side,8,267,30.0,848,478,6,right_eye_outer,0.49564114212989807,0.14100079238414764,-0.11199799180030823,0.9931773543357849,0.997747004032135
side_person17.mp4,side,8,267,30.0,848,478,7,left_ear,0.5123112797737122,0.142282634973526,-0.202554389834404,0.9937645196914673,0.9970213770866394
side_person17.mp4,side,8,267,30.0,848,478,8,right_ear,0.5096443891525269,0.14307360351085663,-0.03351340442895889,0.9880915880203247,0.9977033734321594
side_person17.mp4,side,8,267,30.0,848,478,9,mouth_left,0.4964325726032257,0.17501488327980042,-0.14074480533599854,0.9946562051773071,0.9986189603805542
side_person17.mp4,side,8,267,30.0,848,478,10,mouth_right,0.49554646015167236,0.17675691843032837,-0.09157301485538483,0.990818202495575,0.9986036419868469
side_person17.mp4,side,8,267,30.0,848,478,11,left_shoulder,0.5344351530075073,0.22493796050548553,-0.29785311222076416,0.9995436072349548,0.9987928867340088
side_person17.mp4,side,8,267,30.0,848,478,12,right_shoulder,0.5204272866249084,0.2431541234254837,0.0942731648683548,0.9974534511566162,0.9985322952270508
side_person17.mp4,side,8,267,30.0,848,478,13,left_elbow,0.44719889760017395,0.24792054295539856,-0.3744654357433319,0.9907299876213074,0.9983177185058594
side_person17.mp4,side,8,267,30.0,848,478,14,right_elbow,0.4457123577594757,0.275949627161026,0.12837137281894684,0.2941991090774536,0.9994022846221924
side_person17.mp4,side,8,267,30.0,848,478,15,left_wrist,0.3756224513053894,0.2448912411928177,-0.3621841073036194,0.9735419750213623,0.9966115355491638
side_person17.mp4,side,8,267,30.0,848,478,16,right_wrist,0.3722130358219147,0.2681134045124054,0.041336365044116974,0.41961103677749634,0.9979003667831421
side_person17.mp4,side,8,267,30.0,848,478,17,left_pinky,0.3515606224536896,0.24252600967884064,-0.40677571296691895,0.9583887457847595,0.9965595602989197
side_person17.mp4,side,8,267,30.0,848,478,18,right_pinky,0.3536340594291687,0.26483744382858276,0.036071427166461945,0.417738676071167,0.99748295545578
side_person17.mp4,side,8,267,30.0,848,478,19,left_index,0.35027453303337097,0.23899219930171967,-0.38867291808128357,0.9546964764595032,0.9961125254631042
side_person17.mp4,side,8,267,30.0,848,478,20,right_index,0.3511822521686554,0.2632335126399994,-0.0013756948756054044,0.43823444843292236,0.997020423412323
side_person17.mp4,side,8,267,30.0,848,478,21,left_thumb,0.3579166829586029,0.2428373098373413,-0.35509610176086426,0.9260115027427673,0.996145486831665
side_person17.mp4,side,8,267,30.0,848,478,22,right_thumb,0.3554604947566986,0.2655545175075531,0.020232971757650375,0.4530603289604187,0.9972342848777771
side_person17.mp4,side,8,267,30.0,848,478,23,left_hip,0.5259580016136169,0.49778467416763306,-0.11602786928415298,0.9962781667709351,0.995364785194397
side_person17.mp4,side,8,267,30.0,848,478,24,right_hip,0.5116368532180786,0.4960918128490448,0.11583704501390457,0.9922186136245728,0.9959927201271057
side_person17.mp4,side,8,267,30.0,848,478,25,left_knee,0.5077406167984009,0.6985346078872681,-0.049455203115940094,0.869557797908783,0.9994106292724609
side_person17.mp4,side,8,267,30.0,848,478,26,right_knee,0.49477630853652954,0.6850566864013672,0.1942790001630783,0.2435227632522583,0.999230146408081
side_person17.mp4,side,8,267,30.0,848,478,27,left_ankle,0.5109527707099915,0.8917433023452759,0.05462023615837097,0.9540566205978394,0.9991046786308289
side_person17.mp4,side,8,267,30.0,848,478,28,right_ankle,0.5058674216270447,0.8612921237945557,0.33041030168533325,0.5431780815124512,0.9997584223747253
side_person17.mp4,side,8,267,30.0,848,478,29,left_heel,0.519831657409668,0.9232258796691895,0.06038964167237282,0.9578967690467834,0.9982768297195435
side_person17.mp4,side,8,267,30.0,848,478,30,right_heel,0.5171050429344177,0.8858523964881897,0.3413173258304596,0.7120381593704224,0.9995501637458801
side_person17.mp4,side,8,267,30.0,848,478,31,left_foot_index,0.46326759457588196,0.9303850531578064,-0.028201937675476074,0.947568416595459,0.9984143972396851
side_person17.mp4,side,8,267,30.0,848,478,32,right_foot_index,0.46671172976493835,0.8874108791351318,0.2840120196342468,0.7494644522666931,0.9996408224105835
side_person17.mp4,side,9,300,30.0,848,478,0,nose,0.48982128500938416,0.16110186278820038,-0.1160045862197876,0.9939865469932556,0.9967218041419983
side_person17.mp4,side,9,300,30.0,848,478,1,left_eye_inner,0.4940582811832428,0.14223642647266388,-0.14165504276752472,0.9936018586158752,0.9962463974952698
side_person17.mp4,side,9,300,30.0,848,478,2,left_eye,0.4957244396209717,0.1411627233028412,-0.14172860980033875,0.993861198425293,0.9960972666740417
side_person17.mp4,side,9,300,30.0,848,478,3,left_eye_outer,0.4975051283836365,0.14008784294128418,-0.14170625805854797,0.9945094585418701,0.9958998560905457
side_person17.mp4,side,9,300,30.0,848,478,4,right_eye_inner,0.4932376444339752,0.1427934616804123,-0.10241874307394028,0.9911835193634033,0.9967425465583801
side_person17.mp4,side,9,300,30.0,848,478,5,right_eye,0.4942416846752167,0.14207231998443604,-0.10242007672786713,0.9899902939796448,0.9968934059143066
side_person17.mp4,side,9,300,30.0,848,478,6,right_eye_outer,0.49550458788871765,0.14127273857593536,-0.10247500240802765,0.9924435019493103,0.9969498515129089
side_person17.mp4,side,9,300,30.0,848,478,7,left_ear,0.5122271180152893,0.1424214392900467,-0.2005283236503601,0.9931243658065796,0.9960082769393921
side_person17.mp4,side,9,300,30.0,848,478,8,right_ear,0.5096151232719421,0.14318564534187317,-0.025550557300448418,0.9868554472923279,0.9969266057014465
side_person17.mp4,side,9,300,30.0,848,478,9,mouth_left,0.4964306950569153,0.17513121664524078,-0.1339426338672638,0.9941934943199158,0.9984239339828491
side_person17.mp4,side,9,300,30.0,848,478,10,mouth_right,0.49554792046546936,0.1769450455904007,-0.08257351815700531,0.9900074005126953,0.9984252452850342
side_person17.mp4,side,9,300,30.0,848,478,11,left_shoulder,0.5344107747077942,0.22497311234474182,-0.29110509157180786,0.9995445013046265,0.9987689852714539
side_person17.mp4,side,9,300,30.0,848,478,12,right_shoulder,0.5203530192375183,0.24317950010299683,0.10177282989025116,0.9974326491355896,0.9985849857330322
side_person17.mp4,side,9,300,30.0,848,478,13,left_elbow,0.44669219851493835,0.24772581458091736,-0.3647141754627228,0.9907754063606262,0.9985958933830261
side_person17.mp4,side,9,300,30.0,848,478,14,right_elbow,0.44580700993537903,0.2759566009044647,0.13891121745109558,0.2942728102207184,0.9995028972625732
side_person17.mp4,side,9,300,30.0,848,478,15,left_wrist,0.37555554509162903,0.2449023574590683,-0.3509990870952606,0.9737736582756042,0.9970719814300537
side_person17.mp4,side,9,300,30.0,848,478,16,right_wrist,0.3726763129234314,0.26873114705085754,0.05546807870268822,0.4244236946105957,0.9984691739082336
side_person17.mp4,side,9,300,30.0,848,478,17,left_pinky,0.3513362407684326,0.2423577606678009,-0.3952295482158661,0.9586711525917053,0.9969191551208496
side_person17.mp4,side,9,300,30.0,848,478,18,right_pinky,0.35546350479125977,0.26525846123695374,0.051213931292295456,0.4221358001232147,0.9981001019477844
side_person17.mp4,side,9,300,30.0,848,478,19,left_index,0.3503672778606415,0.23921917378902435,-0.3764108121395111,0.9550103545188904,0.9965332746505737
side_person17.mp4,side,9,300,30.0,848,478,20,right_index,0.352289617061615,0.26382139325141907,0.014569418504834175,0.44279733300209045,0.997785210609436
side_person17.mp4,side,9,300,30.0,848,478,21,left_thumb,0.3578331172466278,0.24289213120937347,-0.3437151312828064,0.9262098670005798,0.9965957999229431
side_person17.mp4,side,9,300,30.0,848,478,22,right_thumb,0.35728105902671814,0.2660647928714752,0.03474728390574455,0.45706745982170105,0.997957706451416
side_person17.mp4,side,9,300,30.0,848,478,23,left_hip,0.5259741544723511,0.4978325068950653,-0.1159447580575943,0.9961329102516174,0.9950664043426514
side_person17.mp4,side,9,300,30.0,848,478,24,right_hip,0.5116692781448364,0.4960956573486328,0.11575483530759811,0.9920666217803955,0.9953403472900391
side_person17.mp4,side,9,300,30.0,848,478,25,left_knee,0.5077400207519531,0.6985273361206055,-0.04901323840022087,0.8661651611328125,0.9990023970603943
side_person17.mp4,side,9,300,30.0,848,478,26,right_knee,0.4949359893798828,0.685042679309845,0.19419531524181366,0.2442120909690857,0.9988435506820679
side_person17.mp4,side,9,300,30.0,848,478,27,left_ankle,0.5107805728912354,0.8918646574020386,0.05582436919212341,0.9529405236244202,0.9984063506126404
side_person17.mp4,side,9,300,30.0,848,478,28,right_ankle,0.5059555768966675,0.8609644174575806,0.3275291621685028,0.5472610592842102,0.9994990825653076
side_person17.mp4,side,9,300,30.0,848,478,29,left_heel,0.5187290906906128,0.9231235384941101,0.061791662126779556,0.9572919011116028,0.9968680739402771
side_person17.mp4,side,9,300,30.0,848,478,30,right_heel,0.5171219706535339,0.8870096802711487,0.33817848563194275,0.7156322598457336,0.9990472197532654
side_person17.mp4,side,9,300,30.0,848,478,31,left_foot_index,0.46316489577293396,0.930281400680542,-0.024987012147903442,0.9470260739326477,0.9973452687263489
side_person17.mp4,side,9,300,30.0,848,478,32,right_foot_index,0.466696172952652,0.8865659832954407,0.28079015016555786,0.7520462274551392,0.9993000030517578
side_person17.mp4,side,10,333,30.0,848,478,0,nose,0.48970088362693787,0.1611606925725937,-0.11308976262807846,0.9935480356216431,0.9968370199203491
side_person17.mp4,side,10,333,30.0,848,478,1,left_eye_inner,0.4938594400882721,0.14231866598129272,-0.1382327824831009,0.9931459426879883,0.9964740872383118
side_person17.mp4,side,10,333,30.0,848,478,2,left_eye,0.4955434203147888,0.14123894274234772,-0.1382986307144165,0.9934437274932861,0.9963545799255371
side_person17.mp4,side,10,333,30.0,848,478,3,left_eye_outer,0.49735894799232483,0.14015890657901764,-0.13828006386756897,0.9941264986991882,0.9962260723114014
side_person17.mp4,side,10,333,30.0,848,478,4,right_eye_inner,0.49310195446014404,0.1429046243429184,-0.0996185690164566,0.9904981851577759,0.9968675971031189
side_person17.mp4,side,10,333,30.0,848,478,5,right_eye,0.4941364824771881,0.1421874314546585,-0.09961868077516556,0.9892294406890869,0.9969825148582458
side_person17.mp4,side,10,333,30.0,848,478,6,right_eye_outer,0.4954351484775543,0.14138497412204742,-0.09966789186000824,0.9918484687805176,0.997000515460968
side_person17.mp4,side,10,333,30.0,848,478,7,left_ear,0.5122135877609253,0.14242921769618988,-0.19585859775543213,0.992706298828125,0.9964641332626343
side_person17.mp4,side,10,333,30.0,848,478,8,right_ear,0.5096224546432495,0.14318884909152985,-0.023237962275743484,0.985922634601593,0.9970192909240723
side_person17.mp4,side,10,333,30.0,848,478,9,mouth_left,0.49640780687332153,0.17514999210834503,-0.13027603924274445,0.9938626289367676,0.9985547661781311
side_person17.mp4,side,10,333,30.0,848,478,10,mouth_right,0.4955403208732605,0.17694610357284546,-0.07983707636594772,0.9893887042999268,0.9984754920005798
side_person17.mp4,side,10,333,30.0,848,478,11,left_shoulder,0.5343090891838074,0.224197119474411,-0.29035648703575134,0.9995527863502502,0.9990442395210266
side_person17.mp4,side,10,333,30.0,848,478,12,right_shoulder,0.5213074684143066,0.24249723553657532,0.10336451977491379,0.9974116086959839,0.9985664486885071
side_person17.mp4,side,10,333,30.0,848,478,13,left_elbow,0.4464913010597229,0.24809877574443817,-0.36436259746551514,0.9907383918762207,0.9987698197364807
side_person17.mp4,side,10,333,30.0,848,478,14,right_elbow,0.44603586196899414,0.2760084867477417,0.14029403030872345,0.28983551263809204,0.9994581341743469
side_person17.mp4,side,10,333,30.0,848,478,15,left_wrist,0.3749529719352722,0.24490419030189514,-0.3495854139328003,0.9739426374435425,0.9973475933074951
side_person17.mp4,side,10,333,30.0,848,478,16,right_wrist,0.3727058470249176,0.2686251997947693,0.05591857060790062,0.4239465296268463,0.9983630776405334
side_person17.mp4,side,10,333,30.0,848,478,17,left_pinky,0.3512271046638489,0.2423618733882904,-0.393643856048584,0.9590058922767639,0.9971713423728943
side_person17.mp4,side,10,333,30.0,848,478,18,right_pinky,0.35565856099128723,0.26523709297180176,0.05147771164774895,0.4224916398525238,0.9980389475822449
side_person17.mp4,side,10,333,30.0,848,478,19,left_index,0.3501545786857605,0.2392442524433136,-0.3751945495605469,0.9553982615470886,0.9968044757843018
side_person17.mp4,side,10,333,30.0,848,478,20,right_index,0.3529878556728363,0.2636021673679352,0.01472076028585434,0.4431602954864502,0.9977282881736755
side_person17.mp4,side,10,333,30.0,848,478,21,left_thumb,0.35776287317276,0.24289117753505707,-0.34233009815216064,0.9265007376670837,0.9968724846839905
side_person17.mp4,side,10,333,30.0,848,478,22,right_thumb,0.35760027170181274,0.26600080728530884,0.03517335653305054,0.4568401873111725,0.9978669285774231
side_person17.mp4,side,10,333,30.0,848,478,23,left_hip,0.5258828401565552,0.49785953760147095,-0.11598843336105347,0.9960980415344238,0.996359646320343
side_person17.mp4,side,10,333,30.0,848,478,24,right_hip,0.5117304921150208,0.49607861042022705,0.11579787731170654,0.9919867515563965,0.9959077835083008
side_person17.mp4,side,10,333,30.0,848,478,25,left_knee,0.5075433254241943,0.6985100507736206,-0.046231210231781006,0.8632568120956421,0.9993090629577637
side_person17.mp4,side,10,333,30.0,848,478,26,right_knee,0.4951065480709076,0.6849231719970703,0.1999264806509018,0.24358145892620087,0.9988988637924194
side_person17.mp4,side,10,333,30.0,848,478,27,left_ankle,0.5105340480804443,0.8914852142333984,0.0610809400677681,0.952610194683075,0.9987995624542236
side_person17.mp4,side,10,333,30.0,848,478,28,right_ankle,0.5058539509773254,0.8601750731468201,0.3347713053226471,0.549534797668457,0.9995629191398621
side_person17.mp4,side,10,333,30.0,848,478,29,left_heel,0.5186622738838196,0.9230506420135498,0.0674237534403801,0.9570895433425903,0.9975544810295105
side_person17.mp4,side,10,333,30.0,848,478,30,right_heel,0.5171448588371277,0.886458694934845,0.3456336557865143,0.7175459861755371,0.9991864562034607
side_person17.mp4,side,10,333,30.0,848,478,31,left_foot_index,0.4629379212856293,0.9307270646095276,-0.018390176817774773,0.9471741318702698,0.9977497458457947
side_person17.mp4,side,10,333,30.0,848,478,32,right_foot_index,0.46668732166290283,0.8861514925956726,0.28856682777404785,0.7541817426681519,0.9994065761566162
side_person17.mp4,side,11,367,30.0,848,478,0,nose,0.4897247552871704,0.1609780490398407,-0.11397617310285568,0.993525505065918,0.9983249306678772
side_person17.mp4,side,11,367,30.0,848,478,1,left_eye_inner,0.49396616220474243,0.14231863617897034,-0.13843099772930145,0.9931336045265198,0.9980825185775757
side_person17.mp4,side,11,367,30.0,848,478,2,left_eye,0.49567389488220215,0.14123497903347015,-0.13848920166492462,0.9934309124946594,0.9979897737503052
side_person17.mp4,side,11,367,30.0,848,478,3,left_eye_outer,0.49749964475631714,0.14014112949371338,-0.13846541941165924,0.994127094745636,0.9978849291801453
side_person17.mp4,side,11,367,30.0,848,478,4,right_eye_inner,0.49315524101257324,0.142893984913826,-0.10057047009468079,0.9904026389122009,0.9983240962028503
side_person17.mp4,side,11,367,30.0,848,478,5,right_eye,0.4941657483577728,0.14216294884681702,-0.10057252645492554,0.9891500473022461,0.9983805418014526
side_person17.mp4,side,11,367,30.0,848,478,6,right_eye_outer,0.4954403340816498,0.14134666323661804,-0.1006091833114624,0.9918134808540344,0.9983645081520081
side_person17.mp4,side,11,367,30.0,848,478,7,left_ear,0.5122413039207458,0.14235122501850128,-0.19427311420440674,0.9926497936248779,0.9979497790336609
side_person17.mp4,side,11,367,30.0,848,478,8,right_ear,0.5094756484031677,0.14318448305130005,-0.024604151025414467,0.9857391119003296,0.9982563853263855
side_person17.mp4,side,11,367,30.0,848,478,9,mouth_left,0.49643775820732117,0.17473413050174713,-0.13050879538059235,0.9938608407974243,0.9991574287414551
side_person17.mp4,side,11,367,30.0,848,478,10,mouth_right,0.4955405592918396,0.17645078897476196,-0.08105195313692093,0.9892900586128235,0.9991278052330017
side_person17.mp4,side,11,367,30.0,848,478,11,left_shoulder,0.5341511368751526,0.22406117618083954,-0.28998199105262756,0.9995713233947754,0.9992990493774414
side_person17.mp4,side,11,367,30.0,848,478,12,right_shoulder,0.5213514566421509,0.2424185425043106,0.10194263607263565,0.9974316954612732,0.9989426732063293
side_person17.mp4,side,11,367,30.0,848,478,13,left_elbow,0.4453664720058441,0.2479831725358963,-0.36465904116630554,0.9908214807510376,0.9989888072013855
side_person17.mp4,side,11,367,30.0,848,478,14,right_elbow,0.4460841715335846,0.27607131004333496,0.13792888820171356,0.29071930050849915,0.9995636343955994
side_person17.mp4,side,11,367,30.0,848,478,15,left_wrist,0.3711453974246979,0.24490445852279663,-0.3539281189441681,0.9742443561553955,0.9977713823318481
side_person17.mp4,side,11,367,30.0,848,478,16,right_wrist,0.37271031737327576,0.26996272802352905,0.05395079031586647,0.4287908375263214,0.9986974596977234
side_person17.mp4,side,11,367,30.0,848,478,17,left_pinky,0.34808433055877686,0.24238669872283936,-0.39906397461891174,0.9593602418899536,0.9976130723953247
side_person17.mp4,side,11,367,30.0,848,478,18,right_pinky,0.35560280084609985,0.2667544186115265,0.04961564764380455,0.4266142249107361,0.9984293580055237
side_person17.mp4,side,11,367,30.0,848,478,19,left_index,0.3457280993461609,0.23910164833068848,-0.378960520029068,0.9558038115501404,0.997345507144928
side_person17.mp4,side,11,367,30.0,848,478,20,right_index,0.3524174988269806,0.26459386944770813,0.011784059926867485,0.447195827960968,0.9981539845466614
side_person17.mp4,side,11,367,30.0,848,478,21,left_thumb,0.3546767234802246,0.24332022666931152,-0.3462090790271759,0.9269286394119263,0.9973944425582886
side_person17.mp4,side,11,367,30.0,848,478,22,right_thumb,0.35762983560562134,0.2678448557853699,0.03294096514582634,0.46036532521247864,0.9982865452766418
side_person17.mp4,side,11,367,30.0,848,478,23,left_hip,0.5258806347846985,0.497751384973526,-0.11619731783866882,0.99616539478302,0.9973579049110413
side_person17.mp4,side,11,367,30.0,848,478,24,right_hip,0.5117853879928589,0.4957617521286011,0.1160026490688324,0.9920737147331238,0.9969534873962402
side_person17.mp4,side,11,367,30.0,848,478,25,left_knee,0.5075017213821411,0.6982870697975159,-0.046435851603746414,0.8614857792854309,0.9996355772018433
side_person17.mp4,side,11,367,30.0,848,478,26,right_knee,0.49521157145500183,0.6838129162788391,0.1998882293701172,0.24216385185718536,0.9993738532066345
side_person17.mp4,side,11,367,30.0,848,478,27,left_ankle,0.5105255246162415,0.8915885090827942,0.059009306132793427,0.9530543088912964,0.9993425011634827
side_person17.mp4,side,11,367,30.0,848,478,28,right_ankle,0.5053138136863708,0.8598092794418335,0.33502545952796936,0.5533452033996582,0.9997922778129578
side_person17.mp4,side,11,367,30.0,848,478,29,left_heel,0.5187876224517822,0.9236464500427246,0.06509975343942642,0.9571090936660767,0.9986366629600525
side_person17.mp4,side,11,367,30.0,848,478,30,right_heel,0.5163998603820801,0.8850677013397217,0.3459615111351013,0.7206332087516785,0.9996155500411987
side_person17.mp4,side,11,367,30.0,848,478,31,left_foot_index,0.4627014100551605,0.9316508769989014,-0.019207051023840904,0.9481070637702942,0.9987579584121704
side_person17.mp4,side,11,367,30.0,848,478,32,right_foot_index,0.4668523073196411,0.891848087310791,0.2884295880794525,0.7587761282920837,0.9996954202651978
side_person17.mp4,side,12,400,30.0,848,478,0,nose,0.48968979716300964,0.16098548471927643,-0.11374755203723907,0.9932330846786499,0.9970822930335999
side_person17.mp4,side,12,400,30.0,848,478,1,left_eye_inner,0.4939102232456207,0.14239495992660522,-0.13825513422489166,0.9928064942359924,0.9967688322067261
side_person17.mp4,side,12,400,30.0,848,478,2,left_eye,0.49560654163360596,0.1412978619337082,-0.13831137120723724,0.9931263327598572,0.9966365098953247
side_person17.mp4,side,12,400,30.0,848,478,3,left_eye_outer,0.49741795659065247,0.14019142091274261,-0.13828742504119873,0.9938486814498901,0.9964808821678162
side_person17.mp4,side,12,400,30.0,848,478,4,right_eye_inner,0.4931228458881378,0.14297448098659515,-0.10054337978363037,0.9899335503578186,0.9972119927406311
side_person17.mp4,side,12,400,30.0,848,478,5,right_eye,0.49413466453552246,0.14223843812942505,-0.10054787993431091,0.9886274933815002,0.9973505735397339
side_person17.mp4,side,12,400,30.0,848,478,6,right_eye_outer,0.4954053461551666,0.141418918967247,-0.1005902886390686,0.991411030292511,0.9973993301391602
side_person17.mp4,side,12,400,30.0,848,478,7,left_ear,0.5121517181396484,0.14237920939922333,-0.1935674250125885,0.9922560453414917,0.9965567588806152
side_person17.mp4,side,12,400,30.0,848,478,8,right_ear,0.5093955397605896,0.14326007664203644,-0.024531807750463486,0.9849711060523987,0.9973512887954712
side_person17.mp4,side,12,400,30.0,848,478,9,mouth_left,0.49642348289489746,0.1747305691242218,-0.1300344467163086,0.9935367107391357,0.9985522627830505
side_person17.mp4,side,12,400,30.0,848,478,10,mouth_right,0.4955369830131531,0.17645956575870514,-0.08079859614372253,0.9886953830718994,0.9985388517379761
side_person17.mp4,side,12,400,30.0,848,478,11,left_shoulder,0.534072756767273,0.2240593284368515,-0.28829583525657654,0.99956876039505,0.9988210797309875
side_person17.mp4,side,12,400,30.0,848,478,12,right_shoulder,0.5213542580604553,0.24261271953582764,0.10090818256139755,0.9973833560943604,0.9985911250114441
side_person17.mp4,side,12,400,30.0,848,478,13,left_elbow,0.44530367851257324,0.2477518618106842,-0.3629167079925537,0.9907406568527222,0.9983417987823486
side_person17.mp4,side,12,400,30.0,848,478,14,right_elbow,0.4467369019985199,0.2763243615627289,0.13616856932640076,0.28881213068962097,0.9994311928749084
side_person17.mp4,side,12,400,30.0,848,478,15,left_wrist,0.3721202313899994,0.24521279335021973,-0.35062283277511597,0.9738699793815613,0.9965062737464905
side_person17.mp4,side,12,400,30.0,848,478,16,right_wrist,0.3732229173183441,0.26996225118637085,0.050939805805683136,0.4289112389087677,0.9980754852294922
side_person17.mp4,side,12,400,30.0,848,478,17,left_pinky,0.34982728958129883,0.2424532175064087,-0.3952299654483795,0.9587310552597046,0.9964549541473389
side_person17.mp4,side,12,400,30.0,848,478,18,right_pinky,0.35616418719291687,0.2667481601238251,0.046321071684360504,0.4265039563179016,0.9976810216903687
side_person17.mp4,side,12,400,30.0,848,478,19,left_index,0.34711870551109314,0.2398492991924286,-0.37585896253585815,0.955158531665802,0.9959900975227356
side_person17.mp4,side,12,400,30.0,848,478,20,right_index,0.35352545976638794,0.26467466354370117,0.008902248926460743,0.4472254812717438,0.9972502589225769
side_person17.mp4,side,12,400,30.0,848,478,21,left_thumb,0.3565073311328888,0.24353088438510895,-0.3431951105594635,0.9258463382720947,0.9960237741470337
side_person17.mp4,side,12,400,30.0,848,478,22,right_thumb,0.3583408296108246,0.26782533526420593,0.030026881024241447,0.4601793885231018,0.9974435567855835
side_person17.mp4,side,12,400,30.0,848,478,23,left_hip,0.5261306762695312,0.4975295960903168,-0.11585435271263123,0.9960384368896484,0.9957379102706909
side_person17.mp4,side,12,400,30.0,848,478,24,right_hip,0.511712372303009,0.49569764733314514,0.11566504836082458,0.9919754266738892,0.9961716532707214
side_person17.mp4,side,12,400,30.0,848,478,25,left_knee,0.5076284408569336,0.6978365182876587,-0.04756639525294304,0.8613580465316772,0.999330997467041
side_person17.mp4,side,12,400,30.0,848,478,26,right_knee,0.49513277411460876,0.6829568147659302,0.19170381128787994,0.24787670373916626,0.9991751313209534
side_person17.mp4,side,12,400,30.0,848,478,27,left_ankle,0.5104931592941284,0.891214907169342,0.05651161074638367,0.953457772731781,0.9989587068557739
side_person17.mp4,side,12,400,30.0,848,478,28,right_ankle,0.5053446888923645,0.8597642779350281,0.32369348406791687,0.5629633665084839,0.9997125267982483
side_person17.mp4,side,12,400,30.0,848,478,29,left_heel,0.5185948610305786,0.9235032200813293,0.06218451261520386,0.9571769833564758,0.9979676604270935
side_person17.mp4,side,12,400,30.0,848,478,30,right_heel,0.5164231061935425,0.8850300908088684,0.33401569724082947,0.7262614965438843,0.9994595646858215
side_person17.mp4,side,12,400,30.0,848,478,31,left_foot_index,0.46270421147346497,0.9315856099128723,-0.02514735423028469,0.9488920569419861,0.9981189370155334
side_person17.mp4,side,12,400,30.0,848,478,32,right_foot_index,0.4668242037296295,0.8905686736106873,0.27554428577423096,0.7647882103919983,0.9995480179786682
side_person17.mp4,side,13,433,30.0,848,478,0,nose,0.48964929580688477,0.16101901233196259,-0.12323705106973648,0.9930230975151062,0.9967809915542603
side_person17.mp4,side,13,433,30.0,848,478,1,left_eye_inner,0.4938473701477051,0.14251075685024261,-0.14792321622371674,0.9926265478134155,0.9964889287948608
side_person17.mp4,side,13,433,30.0,848,478,2,left_eye,0.4955402910709381,0.1414012610912323,-0.1479753851890564,0.9929630160331726,0.9963635802268982
side_person17.mp4,side,13,433,30.0,848,478,3,left_eye_outer,0.4973524808883667,0.14028599858283997,-0.147954061627388,0.9936943650245667,0.9962168335914612
side_person17.mp4,side,13,433,30.0,848,478,4,right_eye_inner,0.4930643141269684,0.14308017492294312,-0.11019009351730347,0.9896489381790161,0.9968889355659485
side_person17.mp4,side,13,433,30.0,848,478,5,right_eye,0.494067519903183,0.14232918620109558,-0.11020296066999435,0.9883548021316528,0.9970034956932068
side_person17.mp4,side,13,433,30.0,848,478,6,right_eye_outer,0.4953196048736572,0.14150139689445496,-0.11025168746709824,0.9911999106407166,0.9970061182975769
side_person17.mp4,side,13,433,30.0,848,478,7,left_ear,0.5120798945426941,0.14240556955337524,-0.2026517689228058,0.9920327663421631,0.9963417649269104
side_person17.mp4,side,13,433,30.0,848,478,8,right_ear,0.5092048048973083,0.143321692943573,-0.033638112246990204,0.9845685362815857,0.9969434142112732
side_person17.mp4,side,13,433,30.0,848,478,9,mouth_left,0.49640655517578125,0.17473876476287842,-0.1391182541847229,0.9933022856712341,0.9983769655227661
side_person17.mp4,side,13,433,30.0,848,478,10,mouth_right,0.4955112040042877,0.17647436261177063,-0.08993121236562729,0.988267719745636,0.9982959628105164
side_person17.mp4,side,13,433,30.0,848,478,11,left_shoulder,0.5341492295265198,0.22407697141170502,-0.29547902941703796,0.9995675683021545,0.998812198638916
side_person17.mp4,side,13,433,30.0,848,478,12,right_shoulder,0.5213556885719299,0.24260030686855316,0.09252187609672546,0.9973043203353882,0.9981556534767151
side_person17.mp4,side,13,433,30.0,848,478,13,left_elbow,0.44524022936820984,0.2478053867816925,-0.36980459094047546,0.990646481513977,0.9984428286552429
side_person17.mp4,side,13,433,30.0,848,478,14,right_elbow,0.44634708762168884,0.2758897840976715,0.12349986284971237,0.2829705476760864,0.9992558360099792
side_person17.mp4,side,13,433,30.0,848,478,15,left_wrist,0.37277430295944214,0.2452194094657898,-0.3565995991230011,0.9733881950378418,0.9961822628974915
side_person17.mp4,side,13,433,30.0,848,478,16,right_wrist,0.37320569157600403,0.2693890333175659,0.03615584596991539,0.4224594831466675,0.9973546266555786
side_person17.mp4,side,13,433,30.0,848,478,17,left_pinky,0.34980493783950806,0.24243099987506866,-0.40132060647010803,0.9579954147338867,0.9960237741470337
side_person17.mp4,side,13,433,30.0,848,478,18,right_pinky,0.3546431064605713,0.26562339067459106,0.03063572198152542,0.42102769017219543,0.9969314336776733
side_person17.mp4,side,13,433,30.0,848,478,19,left_index,0.3477555811405182,0.23999331891536713,-0.3819342255592346,0.9543964266777039,0.9954982995986938
side_person17.mp4,side,13,433,30.0,848,478,20,right_index,0.3524816632270813,0.26418405771255493,-0.006864363793283701,0.44167497754096985,0.9964229464530945
side_person17.mp4,side,13,433,30.0,848,478,21,left_thumb,0.35639533400535583,0.24353612959384918,-0.34907346963882446,0.9244617819786072,0.9955028891563416
side_person17.mp4,side,13,433,30.0,848,478,22,right_thumb,0.3563605546951294,0.2672017216682434,0.01516366470605135,0.45441606640815735,0.9965672492980957
side_person17.mp4,side,13,433,30.0,848,478,23,left_hip,0.5261287093162537,0.49747708439826965,-0.11597103625535965,0.9959924221038818,0.9961569905281067
side_person17.mp4,side,13,433,30.0,848,478,24,right_hip,0.5117565989494324,0.4953843951225281,0.11577869951725006,0.9918259978294373,0.9956485629081726
side_person17.mp4,side,13,433,30.0,848,478,25,left_knee,0.5061711072921753,0.6975606083869934,-0.04772469401359558,0.8594226837158203,0.9993343949317932
side_person17.mp4,side,13,433,30.0,848,478,26,right_knee,0.4951811730861664,0.6823592782020569,0.19428004324436188,0.24552325904369354,0.9988413453102112
side_person17.mp4,side,13,433,30.0,848,478,27,left_ankle,0.5102382302284241,0.8909417986869812,0.05657174810767174,0.9534742832183838,0.9989153146743774
side_person17.mp4,side,13,433,30.0,848,478,28,right_ankle,0.5053730607032776,0.8577111959457397,0.3290270268917084,0.5631868839263916,0.999610960483551
side_person17.mp4,side,13,433,30.0,848,478,29,left_heel,0.5185873508453369,0.9233803749084473,0.06246986612677574,0.9570838809013367,0.9978896975517273
side_person17.mp4,side,13,433,30.0,848,478,30,right_heel,0.516532838344574,0.8840397000312805,0.3399471044540405,0.7264266014099121,0.9993022680282593
side_person17.mp4,side,13,433,30.0,848,478,31,left_foot_index,0.46255072951316833,0.9315702319145203,-0.023956850171089172,0.9491335153579712,0.9980054497718811
side_person17.mp4,side,13,433,30.0,848,478,32,right_foot_index,0.46683675050735474,0.8859843015670776,0.2831052541732788,0.7653246521949768,0.9994819760322571
side_person17.mp4,side,14,467,30.0,848,478,0,nose,0.48965632915496826,0.16099031269550323,-0.1202758327126503,0.9930135607719421,0.9983844757080078
side_person17.mp4,side,14,467,30.0,848,478,1,left_eye_inner,0.4938628375530243,0.142499178647995,-0.14478610455989838,0.9926507472991943,0.9981302618980408
side_person17.mp4,side,14,467,30.0,848,478,2,left_eye,0.4955559968948364,0.14138150215148926,-0.14483730494976044,0.9930006861686707,0.9980974793434143
side_person17.mp4,side,14,467,30.0,848,478,3,left_eye_outer,0.49736303091049194,0.140244722366333,-0.1448163390159607,0.9937443137168884,0.9980481863021851
side_person17.mp4,side,14,467,30.0,848,478,4,right_eye_inner,0.4930783808231354,0.14306019246578217,-0.10712941735982895,0.9895418286323547,0.9982171654701233
side_person17.mp4,side,14,467,30.0,848,478,5,right_eye,0.4940779209136963,0.1422968953847885,-0.10714297741651535,0.9882518649101257,0.9982155561447144
side_person17.mp4,side,14,467,30.0,848,478,6,right_eye_outer,0.49532216787338257,0.1414555460214615,-0.1071971133351326,0.9911366701126099,0.9981372356414795
side_person17.mp4,side,14,467,30.0,848,478,7,left_ear,0.5120718479156494,0.14234326779842377,-0.19919423758983612,0.992056131362915,0.9981948733329773
side_person17.mp4,side,14,467,30.0,848,478,8,right_ear,0.5091544985771179,0.1433144211769104,-0.030398767441511154,0.9843506813049316,0.9979222416877747
side_person17.mp4,side,14,467,30.0,848,478,9,mouth_left,0.49643674492836,0.17471861839294434,-0.13606464862823486,0.9933417439460754,0.9992196559906006
side_person17.mp4,side,14,467,30.0,848,478,10,mouth_right,0.49553215503692627,0.17645707726478577,-0.08696899563074112,0.9882127642631531,0.9990980625152588
side_person17.mp4,side,14,467,30.0,848,478,11,left_shoulder,0.5336427092552185,0.22375422716140747,-0.2938878834247589,0.9995912313461304,0.9995183944702148
side_person17.mp4,side,14,467,30.0,848,478,12,right_shoulder,0.5216630101203918,0.2427007257938385,0.09298475086688995,0.9973195791244507,0.9987353682518005
side_person17.mp4,side,14,467,30.0,848,478,13,left_elbow,0.44387516379356384,0.24691157042980194,-0.3689749240875244,0.9909228682518005,0.9993181228637695
side_person17.mp4,side,14,467,30.0,848,478,14,right_elbow,0.4464717507362366,0.2761797308921814,0.12554271519184113,0.28321966528892517,0.9995545744895935
side_person17.mp4,side,14,467,30.0,848,478,15,left_wrist,0.36910566687583923,0.24519290030002594,-0.3593250513076782,0.9743843078613281,0.9983428716659546
side_person17.mp4,side,14,467,30.0,848,478,16,right_wrist,0.37323254346847534,0.2700609564781189,0.04181579500436783,0.42557159066200256,0.9986879229545593
side_person17.mp4,side,14,467,30.0,848,478,17,left_pinky,0.3459835350513458,0.24257950484752655,-0.40578651428222656,0.9593836069107056,0.9980655312538147
side_person17.mp4,side,14,467,30.0,848,478,18,right_pinky,0.35467198491096497,0.2670098841190338,0.0385921373963356,0.4238905906677246,0.9984157085418701
side_person17.mp4,side,14,467,30.0,848,478,19,left_index,0.34479841589927673,0.24042178690433502,-0.3842793107032776,0.9558966755867004,0.9978938698768616
side_person17.mp4,side,14,467,30.0,848,478,20,right_index,0.352438360452652,0.26509514451026917,-0.0002783331729006022,0.44432756304740906,0.99814772605896
side_person17.mp4,side,14,467,30.0,848,478,21,left_thumb,0.35246068239212036,0.24385355412960052,-0.35111549496650696,0.9266373515129089,0.9979721903800964
side_person17.mp4,side,14,467,30.0,848,478,22,right_thumb,0.3570001721382141,0.2683733105659485,0.02081802487373352,0.45641204714775085,0.9982765913009644
side_person17.mp4,side,14,467,30.0,848,478,23,left_hip,0.526110053062439,0.4974725842475891,-0.1166725903749466,0.996098518371582,0.9977623224258423
side_person17.mp4,side,14,467,30.0,848,478,24,right_hip,0.5122119784355164,0.4953579306602478,0.11647815257310867,0.9918820858001709,0.9965479969978333
side_person17.mp4,side,14,467,30.0,848,478,25,left_knee,0.5058009028434753,0.6975562572479248,-0.04130636528134346,0.8557267189025879,0.9995617270469666
side_person17.mp4,side,14,467,30.0,848,478,26,right_knee,0.4957829713821411,0.6828883290290833,0.20813003182411194,0.239731565117836,0.9991256594657898
side_person17.mp4,side,14,467,30.0,848,478,27,left_ankle,0.5102338790893555,0.8909258842468262,0.06920052319765091,0.9527872204780579,0.9992289543151855
side_person17.mp4,side,14,467,30.0,848,478,28,right_ankle,0.5057427883148193,0.8577449917793274,0.3495483994483948,0.5597791075706482,0.9997021555900574
side_person17.mp4,side,14,467,30.0,848,478,29,left_heel,0.5190051794052124,0.9234745502471924,0.07624299824237823,0.9569330215454102,0.9984014630317688
side_person17.mp4,side,14,467,30.0,848,478,30,right_heel,0.516743540763855,0.884624183177948,0.3615396320819855,0.725933849811554,0.999464213848114
side_person17.mp4,side,14,467,30.0,848,478,31,left_foot_index,0.4623250663280487,0.9318580627441406,-0.009826083667576313,0.9490478038787842,0.9986615180969238
side_person17.mp4,side,14,467,30.0,848,478,32,right_foot_index,0.46687716245651245,0.8866034746170044,0.30515915155410767,0.7653930187225342,0.9996356964111328
side_person17.mp4,side,15,500,30.0,848,478,0,nose,0.4894632399082184,0.16099558770656586,-0.11835474520921707,0.9923896193504333,0.9955311417579651
side_person17.mp4,side,15,500,30.0,848,478,1,left_eye_inner,0.4936017096042633,0.1425449252128601,-0.14281319081783295,0.991969883441925,0.9952581524848938
side_person17.mp4,side,15,500,30.0,848,478,2,left_eye,0.49528682231903076,0.14141999185085297,-0.14286577701568604,0.9923495650291443,0.9950548410415649
side_person17.mp4,side,15,500,30.0,848,478,3,left_eye_outer,0.4970996677875519,0.14028030633926392,-0.14284473657608032,0.9931303858757019,0.994839608669281
side_person17.mp4,side,15,500,30.0,848,478,4,right_eye_inner,0.4928535223007202,0.14310428500175476,-0.10516267269849777,0.9886224269866943,0.9959474205970764
side_person17.mp4,side,15,500,30.0,848,478,5,right_eye,0.49386006593704224,0.1423334926366806,-0.10517290234565735,0.9872256517410278,0.996187150478363
side_person17.mp4,side,15,500,30.0,848,478,6,right_eye_outer,0.4951059818267822,0.14148792624473572,-0.10522273182868958,0.9903218746185303,0.9962990880012512
side_person17.mp4,side,15,500,30.0,848,478,7,left_ear,0.5118380188941956,0.142344132065773,-0.19746623933315277,0.9912855625152588,0.9949461817741394
side_person17.mp4,side,15,500,30.0,848,478,8,right_ear,0.5089341402053833,0.14332474768161774,-0.02874041721224785,0.9828420877456665,0.9962796568870544
side_person17.mp4,side,15,500,30.0,848,478,9,mouth_left,0.49629920721054077,0.17471513152122498,-0.13424620032310486,0.9927554130554199,0.9979356527328491
side_person17.mp4,side,15,500,30.0,848,478,10,mouth_right,0.4954192042350769,0.17646174132823944,-0.08515803515911102,0.987232506275177,0.9979599714279175
side_person17.mp4,side,15,500,30.0,848,478,11,left_shoulder,0.5336371064186096,0.22375914454460144,-0.29236599802970886,0.9995736479759216,0.9984472393989563
side_person17.mp4,side,15,500,30.0,848,478,12,right_shoulder,0.5208993554115295,0.24265441298484802,0.09526851773262024,0.9972359538078308,0.9983955025672913
side_person17.mp4,side,15,500,30.0,848,478,13,left_elbow,0.44527190923690796,0.24695949256420135,-0.36788883805274963,0.9906342625617981,0.9978650212287903
side_person17.mp4,side,15,500,30.0,848,478,14,right_elbow,0.44613662362098694,0.2758163809776306,0.12906524538993835,0.28044986724853516,0.9993243217468262
side_person17.mp4,side,15,500,30.0,848,478,15,left_wrist,0.3752366602420807,0.2454005777835846,-0.3573475182056427,0.9734495282173157,0.995717465877533
side_person17.mp4,side,15,500,30.0,848,478,16,right_wrist,0.3732531666755676,0.2699117064476013,0.04448023810982704,0.42406773567199707,0.9976500868797302
side_person17.mp4,side,15,500,30.0,848,478,17,left_pinky,0.35105985403060913,0.24443313479423523,-0.4008861184120178,0.9580093026161194,0.9957261085510254
side_person17.mp4,side,15,500,30.0,848,478,18,right_pinky,0.3551988899707794,0.26694074273109436,0.04078458994626999,0.4223928153514862,0.9971758127212524
side_person17.mp4,side,15,500,30.0,848,478,19,left_index,0.3485410511493683,0.24118129909038544,-0.3840999901294708,0.9544493556022644,0.9950985312461853
side_person17.mp4,side,15,500,30.0,848,478,20,right_index,0.3525088429450989,0.26507502794265747,0.0023589320480823517,0.44294267892837524,0.9966300129890442
side_person17.mp4,side,15,500,30.0,848,478,21,left_thumb,0.3570532500743866,0.2441955953836441,-0.3506661057472229,0.924333930015564,0.9951285123825073
side_person17.mp4,side,15,500,30.0,848,478,22,right_thumb,0.35756349563598633,0.2682913541793823,0.023491039872169495,0.4550700783729553,0.9968697428703308
side_person17.mp4,side,15,500,30.0,848,478,23,left_hip,0.5262711644172668,0.4969271421432495,-0.11603035777807236,0.9958621263504028,0.994408905506134
side_person17.mp4,side,15,500,30.0,848,478,24,right_hip,0.51167231798172,0.49492785334587097,0.1158422902226448,0.991625964641571,0.9953625202178955
side_person17.mp4,side,15,500,30.0,848,478,25,left_knee,0.5067570805549622,0.6968127489089966,-0.045393723994493484,0.857276439666748,0.9993376135826111
side_person17.mp4,side,15,500,30.0,848,478,26,right_knee,0.49562084674835205,0.6817872524261475,0.19696064293384552,0.24669316411018372,0.9991945624351501
side_person17.mp4,side,15,500,30.0,848,478,27,left_ankle,0.5103471279144287,0.8898864984512329,0.05525350198149681,0.9536218643188477,0.998997151851654
side_person17.mp4,side,15,500,30.0,848,478,28,right_ankle,0.5054728388786316,0.8576532602310181,0.3239526152610779,0.5703070759773254,0.999700665473938
side_person17.mp4,side,15,500,30.0,848,478,29,left_heel,0.5189905762672424,0.9226303696632385,0.06023244187235832,0.9572026133537292,0.9980114698410034
side_person17.mp4,side,15,500,30.0,848,478,30,right_heel,0.516105055809021,0.8846234083175659,0.3333744406700134,0.7304749488830566,0.999427080154419
side_person17.mp4,side,15,500,30.0,848,478,31,left_foot_index,0.46250054240226746,0.9318422675132751,-0.0313565768301487,0.9500848054885864,0.9980486631393433
side_person17.mp4,side,15,500,30.0,848,478,32,right_foot_index,0.46678614616394043,0.8865110874176025,0.2716522216796875,0.7717974185943604,0.9995163679122925
side_person17.mp4,side,16,533,30.0,848,478,0,nose,0.48943883180618286,0.16064006090164185,-0.11950589716434479,0.9923021793365479,0.997653067111969
side_person17.mp4,side,16,533,30.0,848,478,1,left_eye_inner,0.4935920536518097,0.1424262523651123,-0.14401832222938538,0.9918878674507141,0.9974331259727478
side_person17.mp4,side,16,533,30.0,848,478,2,left_eye,0.49527838826179504,0.1412825733423233,-0.14407315850257874,0.9922774434089661,0.9973539113998413
side_person17.mp4,side,16,533,30.0,848,478,3,left_eye_outer,0.49708855152130127,0.1400933712720871,-0.14404985308647156,0.993078351020813,0.9972694516181946
side_person17.mp4,side,16,533,30.0,848,478,4,right_eye_inner,0.49282848834991455,0.14298005402088165,-0.10599911212921143,0.9884316921234131,0.9976944327354431
side_person17.mp4,side,16,533,30.0,848,478,5,right_eye,0.4938197731971741,0.14219461381435394,-0.10600608587265015,0.9870474338531494,0.9977750182151794
side_person17.mp4,side,16,533,30.0,848,478,6,right_eye_outer,0.4950452744960785,0.14132653176784515,-0.10604957491159439,0.9902001619338989,0.9977697134017944
side_person17.mp4,side,16,533,30.0,848,478,7,left_ear,0.5118070840835571,0.14206956326961517,-0.1994391232728958,0.9911789894104004,0.997438907623291
side_person17.mp4,side,16,533,30.0,848,478,8,right_ear,0.5088658928871155,0.14315883815288544,-0.02908109501004219,0.982566237449646,0.997703492641449
side_person17.mp4,side,16,533,30.0,848,478,9,mouth_left,0.4962901771068573,0.17429892718791962,-0.13578425347805023,0.992709219455719,0.9989126920700073
side_person17.mp4,side,16,533,30.0,848,478,10,mouth_right,0.4954003393650055,0.1760885864496231,-0.08620409667491913,0.9870781302452087,0.9988415837287903
side_person17.mp4,side,16,533,30.0,848,478,11,left_shoulder,0.5336184501647949,0.22373056411743164,-0.29636481404304504,0.9995853900909424,0.9992542862892151
side_person17.mp4,side,16,533,30.0,848,478,12,right_shoulder,0.5205014944076538,0.24265913665294647,0.09665137529373169,0.9972451329231262,0.9987622499465942
side_person17.mp4,side,16,533,30.0,848,478,13,left_elbow,0.4447559118270874,0.24691461026668549,-0.3726350963115692,0.9906317591667175,0.9989700317382812
side_person17.mp4,side,16,533,30.0,848,478,14,right_elbow,0.4459402561187744,0.2752462923526764,0.13095343112945557,0.27993834018707275,0.99949049949646
side_person17.mp4,side,16,533,30.0,848,478,15,left_wrist,0.3733542859554291,0.24511776864528656,-0.3613117039203644,0.9736374616622925,0.9977079629898071
side_person17.mp4,side,16,533,30.0,848,478,16,right_wrist,0.37222689390182495,0.2698938846588135,0.04590878263115883,0.42555028200149536,0.9983783960342407
side_person17.mp4,side,16,533,30.0,848,478,17,left_pinky,0.34757721424102783,0.2444421797990799,-0.4065679907798767,0.9582627415657043,0.9975161552429199
side_person17.mp4,side,16,533,30.0,848,478,18,right_pinky,0.3523882329463959,0.26689645648002625,0.04188907518982887,0.423657089471817,0.998065173625946
side_person17.mp4,side,16,533,30.0,848,478,19,left_index,0.3443862199783325,0.2408009022474289,-0.38737422227859497,0.9547327756881714,0.9972025156021118
side_person17.mp4,side,16,533,30.0,848,478,20,right_index,0.3504285514354706,0.26512476801872253,0.0035666541662067175,0.44414249062538147,0.9977280497550964
side_person17.mp4,side,16,533,30.0,848,478,21,left_thumb,0.3536815345287323,0.24436794221401215,-0.353887140750885,0.9245834946632385,0.997261643409729
side_person17.mp4,side,16,533,30.0,848,478,22,right_thumb,0.35513225197792053,0.26828888058662415,0.024860737845301628,0.45605024695396423,0.9978705644607544
side_person17.mp4,side,16,533,30.0,848,478,23,left_hip,0.5262859463691711,0.4969267249107361,-0.11649554967880249,0.9959538578987122,0.9975740313529968
side_person17.mp4,side,16,533,30.0,848,478,24,right_hip,0.5116978883743286,0.4948693513870239,0.11629936099052429,0.9917335510253906,0.9969179630279541
side_person17.mp4,side,16,533,30.0,848,478,25,left_knee,0.5067291855812073,0.696840763092041,-0.043830543756484985,0.8543714880943298,0.9996242523193359
side_person17.mp4,side,16,533,30.0,848,478,26,right_knee,0.495485782623291,0.6817971467971802,0.20404964685440063,0.24448706209659576,0.9992660880088806
side_person17.mp4,side,16,533,30.0,848,478,27,left_ankle,0.5105608701705933,0.889553964138031,0.062392156571149826,0.9536157250404358,0.99934321641922
side_person17.mp4,side,16,533,30.0,848,478,28,right_ankle,0.5054842829704285,0.8560653328895569,0.34376055002212524,0.5702293515205383,0.9997590184211731
side_person17.mp4,side,16,533,30.0,848,478,29,left_heel,0.5196950435638428,0.9226013422012329,0.06846834719181061,0.9569148421287537,0.9986541271209717
side_person17.mp4,side,16,533,30.0,848,478,30,right_heel,0.5161215662956238,0.8820669651031494,0.35518935322761536,0.7305751442909241,0.9995731711387634
side_person17.mp4,side,16,533,30.0,848,478,31,left_foot_index,0.462465763092041,0.9321733713150024,-0.022453730925917625,0.950503945350647,0.9987419247627258
side_person17.mp4,side,16,533,30.0,848,478,32,right_foot_index,0.4668051600456238,0.885960042476654,0.29792144894599915,0.773726761341095,0.9996774196624756
side_person17.mp4,side,17,567,30.0,848,478,0,nose,0.48922812938690186,0.16070233285427094,-0.11831026524305344,0.9910452961921692,0.9942388534545898
side_person17.mp4,side,17,567,30.0,848,478,1,left_eye_inner,0.49332064390182495,0.14253823459148407,-0.143605038523674,0.9905166625976562,0.9941976070404053
side_person17.mp4,side,17,567,30.0,848,478,2,left_eye,0.4949793517589569,0.1413881480693817,-0.14366494119167328,0.9910285472869873,0.9941022992134094
side_person17.mp4,side,17,567,30.0,848,478,3,left_eye_outer,0.4967630207538605,0.14020177721977234,-0.14364361763000488,0.991970419883728,0.9939925074577332
side_person17.mp4,side,17,567,30.0,848,478,4,right_eye_inner,0.4926447868347168,0.14309898018836975,-0.10475584864616394,0.9865500926971436,0.994772732257843
side_person17.mp4,side,17,567,30.0,848,478,5,right_eye,0.4936656653881073,0.1423124223947525,-0.10475727915763855,0.9848542809486389,0.9950097799301147
side_person17.mp4,side,17,567,30.0,848,478,6,right_eye_outer,0.49491944909095764,0.14144238829612732,-0.1048116683959961,0.9884167909622192,0.9951282739639282
side_person17.mp4,side,17,567,30.0,848,478,7,left_ear,0.5115699172019958,0.14221800863742828,-0.1983519196510315,0.989945113658905,0.9944226145744324
side_person17.mp4,side,17,567,30.0,848,478,8,right_ear,0.5087631940841675,0.14323166012763977,-0.02683834545314312,0.9796083569526672,0.9951017498970032
side_person17.mp4,side,17,567,30.0,848,478,9,mouth_left,0.4961138665676117,0.17430604994297028,-0.1352718472480774,0.9916602373123169,0.9976246953010559
side_person17.mp4,side,17,567,30.0,848,478,10,mouth_right,0.49530085921287537,0.17611382901668549,-0.08455272018909454,0.9851419925689697,0.9974645376205444
side_person17.mp4,side,17,567,30.0,848,478,11,left_shoulder,0.5335937738418579,0.22373028099536896,-0.29483819007873535,0.9995788335800171,0.9985623955726624
side_person17.mp4,side,17,567,30.0,848,478,12,right_shoulder,0.5203268527984619,0.24267083406448364,0.10205088555812836,0.9971304535865784,0.9980251789093018
side_person17.mp4,side,17,567,30.0,848,478,13,left_elbow,0.4447312355041504,0.24627618491649628,-0.37183570861816406,0.9906257390975952,0.9980431795120239
side_person17.mp4,side,17,567,30.0,848,478,14,right_elbow,0.44596928358078003,0.2752384543418884,0.1449808031320572,0.27449196577072144,0.9992615580558777
side_person17.mp4,side,17,567,30.0,848,478,15,left_wrist,0.37328818440437317,0.24557310342788696,-0.35860028862953186,0.9734472632408142,0.9960203766822815
side_person17.mp4,side,17,567,30.0,848,478,16,right_wrist,0.37262848019599915,0.269887238740921,0.05913415551185608,0.42194539308547974,0.9974555373191833
side_person17.mp4,side,17,567,30.0,848,478,17,left_pinky,0.34900856018066406,0.24438567459583282,-0.40357068181037903,0.9578632712364197,0.9959537982940674
side_person17.mp4,side,17,567,30.0,848,478,18,right_pinky,0.3548647463321686,0.26689612865448,0.05553822964429855,0.4204750955104828,0.9969683289527893
side_person17.mp4,side,17,567,30.0,848,478,19,left_index,0.3460310101509094,0.24084879457950592,-0.38450339436531067,0.9543071389198303,0.9954202771186829
side_person17.mp4,side,17,567,30.0,848,478,20,right_index,0.35393500328063965,0.2651825547218323,0.017094310373067856,0.44106149673461914,0.9963725805282593
side_person17.mp4,side,17,567,30.0,848,478,21,left_thumb,0.355238139629364,0.24440915882587433,-0.3511994481086731,0.9235997796058655,0.995448648929596
side_person17.mp4,side,17,567,30.0,848,478,22,right_thumb,0.357557475566864,0.2682746350765228,0.037833284586668015,0.4528731107711792,0.9966042041778564
side_person17.mp4,side,17,567,30.0,848,478,23,left_hip,0.5266756415367126,0.4969150424003601,-0.11652660369873047,0.9957607388496399,0.9947583079338074
side_person17.mp4,side,17,567,30.0,848,478,24,right_hip,0.5116271376609802,0.49486806988716125,0.11633384227752686,0.9915223121643066,0.995128870010376
side_person17.mp4,side,17,567,30.0,848,478,25,left_knee,0.5075821876525879,0.6967853307723999,-0.046607855707407,0.8541153073310852,0.9991418123245239
side_person17.mp4,side,17,567,30.0,848,478,26,right_knee,0.4946476221084595,0.6814820170402527,0.19475658237934113,0.2500021159648895,0.9989013671875
side_person17.mp4,side,17,567,30.0,848,478,27,left_ankle,0.5105628371238708,0.8894263505935669,0.05910945311188698,0.9536731243133545,0.9986250400543213
side_person17.mp4,side,17,567,30.0,848,478,28,right_ankle,0.5054910778999329,0.8563618659973145,0.3303371071815491,0.5772832036018372,0.9996291399002075
side_person17.mp4,side,17,567,30.0,848,478,29,left_heel,0.5190821886062622,0.9225521087646484,0.0647730752825737,0.956561267375946,0.9973374009132385
side_person17.mp4,side,17,567,30.0,848,478,30,right_heel,0.5160148739814758,0.8829185366630554,0.34082135558128357,0.7341611981391907,0.9993044137954712
side_person17.mp4,side,17,567,30.0,848,478,31,left_foot_index,0.4624488353729248,0.9321601390838623,-0.027679821476340294,0.950666606426239,0.9975231289863586
side_person17.mp4,side,17,567,30.0,848,478,32,right_foot_index,0.466436505317688,0.8859019875526428,0.2803402245044708,0.7772546410560608,0.9994051456451416
side_person17.mp4,side,18,600,30.0,848,478,0,nose,0.48920249938964844,0.1606941521167755,-0.11941661685705185,0.9907799363136292,0.9963245987892151
side_person17.mp4,side,18,600,30.0,848,478,1,left_eye_inner,0.49330273270606995,0.1425403505563736,-0.14448735117912292,0.9902211427688599,0.996161699295044
side_person17.mp4,side,18,600,30.0,848,478,2,left_eye,0.4949575364589691,0.14138755202293396,-0.14454391598701477,0.9907417893409729,0.9960403442382812
side_person17.mp4,side,18,600,30.0,848,478,3,left_eye_outer,0.4967288672924042,0.14019182324409485,-0.14452092349529266,0.9917263388633728,0.9959090948104858
side_person17.mp4,side,18,600,30.0,848,478,4,right_eye_inner,0.4926145374774933,0.14309218525886536,-0.10583491623401642,0.986181378364563,0.9966260194778442
side_person17.mp4,side,18,600,30.0,848,478,5,right_eye,0.49362361431121826,0.14229723811149597,-0.10583966970443726,0.9844154715538025,0.9967842102050781
side_person17.mp4,side,18,600,30.0,848,478,6,right_eye_outer,0.49485889077186584,0.1414153277873993,-0.10589190572500229,0.9880605936050415,0.9968344569206238
side_person17.mp4,side,18,600,30.0,848,478,7,left_ear,0.511462390422821,0.14216531813144684,-0.1995319128036499,0.9896327257156372,0.9960528612136841
side_person17.mp4,side,18,600,30.0,848,478,8,right_ear,0.5085247755050659,0.1431863158941269,-0.02758900448679924,0.9789621233940125,0.9967989921569824
side_person17.mp4,side,18,600,30.0,848,478,9,mouth_left,0.49606776237487793,0.17430192232131958,-0.13599054515361786,0.9913542866706848,0.9982497096061707
side_person17.mp4,side,18,600,30.0,848,478,10,mouth_right,0.49526017904281616,0.1761123239994049,-0.08556129038333893,0.9846212267875671,0.9981985688209534
side_person17.mp4,side,18,600,30.0,848,478,11,left_shoulder,0.5335824489593506,0.22373712062835693,-0.2964736819267273,0.999573290348053,0.9986522793769836
side_person17.mp4,side,18,600,30.0,848,478,12,right_shoulder,0.5201842188835144,0.242462620139122,0.10163410007953644,0.9970700740814209,0.9982353448867798
side_person17.mp4,side,18,600,30.0,848,478,13,left_elbow,0.4450191259384155,0.24630537629127502,-0.37566548585891724,0.9906657934188843,0.9982175230979919
side_person17.mp4,side,18,600,30.0,848,478,14,right_elbow,0.44607654213905334,0.27484798431396484,0.14375481009483337,0.27119898796081543,0.9993190765380859
side_person17.mp4,side,18,600,30.0,848,478,15,left_wrist,0.3732297420501709,0.2455979436635971,-0.3623456060886383,0.9734447002410889,0.9962388277053833
side_person17.mp4,side,18,600,30.0,848,478,16,right_wrist,0.37263748049736023,0.2697156071662903,0.05673438310623169,0.41944459080696106,0.9976167678833008
side_person17.mp4,side,18,600,30.0,848,478,17,left_pinky,0.34892305731773376,0.24450993537902832,-0.4076398015022278,0.9577190279960632,0.9961109757423401
side_person17.mp4,side,18,600,30.0,848,478,18,right_pinky,0.35495683550834656,0.26681339740753174,0.05286712571978569,0.4178628623485565,0.9971561431884766
side_person17.mp4,side,18,600,30.0,848,478,19,left_index,0.34639066457748413,0.24083399772644043,-0.3884313106536865,0.9541595578193665,0.9956306219100952
side_person17.mp4,side,18,600,30.0,848,478,20,right_index,0.35343414545059204,0.2650041878223419,0.01399943046271801,0.4384239614009857,0.9966323971748352
side_person17.mp4,side,18,600,30.0,848,478,21,left_thumb,0.3552229106426239,0.2443160116672516,-0.3548071086406708,0.9231165647506714,0.9956486821174622
side_person17.mp4,side,18,600,30.0,848,478,22,right_thumb,0.3576015532016754,0.2680721879005432,0.03517794981598854,0.45031237602233887,0.9968405961990356
side_person17.mp4,side,18,600,30.0,848,478,23,left_hip,0.5270077586174011,0.4969898462295532,-0.11670787632465363,0.995664119720459,0.9953189492225647
side_person17.mp4,side,18,600,30.0,848,478,24,right_hip,0.5116665363311768,0.4949019253253937,0.11651637405157089,0.9914233684539795,0.9956597685813904
side_person17.mp4,side,18,600,30.0,848,478,25,left_knee,0.5075831413269043,0.696972668170929,-0.04754094406962395,0.854866623878479,0.9992781281471252
side_person17.mp4,side,18,600,30.0,848,478,26,right_knee,0.49450671672821045,0.6816044449806213,0.1939130276441574,0.2543525695800781,0.9990289211273193
side_person17.mp4,side,18,600,30.0,848,478,27,left_ankle,0.5105936527252197,0.8894211053848267,0.05879254266619682,0.9542247653007507,0.9989619255065918
side_person17.mp4,side,18,600,30.0,848,478,28,right_ankle,0.5055387020111084,0.8572099804878235,0.33030566573143005,0.5836552977561951,0.9996969699859619
side_person17.mp4,side,18,600,30.0,848,478,29,left_heel,0.5190669298171997,0.9226217865943909,0.06445449590682983,0.9567899107933044,0.9980311989784241
side_person17.mp4,side,18,600,30.0,848,478,30,right_heel,0.5162975192070007,0.8839423656463623,0.34076523780822754,0.7375836372375488,0.999438464641571
side_person17.mp4,side,18,600,30.0,848,478,31,left_foot_index,0.4623620808124542,0.9318839311599731,-0.027668233960866928,0.9512808918952942,0.9981673955917358
side_person17.mp4,side,18,600,30.0,848,478,32,right_foot_index,0.46578073501586914,0.8859397172927856,0.28034159541130066,0.7806168794631958,0.9995396137237549
side_person17.mp4,side,19,633,30.0,848,478,0,nose,0.48868635296821594,0.16070899367332458,-0.11877793073654175,0.9905470013618469,0.9957809448242188
side_person17.mp4,side,19,633,30.0,848,478,1,left_eye_inner,0.492612361907959,0.1425447016954422,-0.14368808269500732,0.9899783730506897,0.9952014684677124
side_person17.mp4,side,19,633,30.0,848,478,2,left_eye,0.4942666292190552,0.1413961946964264,-0.14374502003192902,0.9905251264572144,0.9950016140937805
side_person17.mp4,side,19,633,30.0,848,478,3,left_eye_outer,0.4960773289203644,0.14021050930023193,-0.14372293651103973,0.991494357585907,0.9947595000267029
side_person17.mp4,side,19,633,30.0,848,478,4,right_eye_inner,0.49194759130477905,0.14309844374656677,-0.10522162914276123,0.9859299659729004,0.9958963394165039
side_person17.mp4,side,19,633,30.0,848,478,5,right_eye,0.4929482042789459,0.1423085778951645,-0.10522741079330444,0.9841684699058533,0.9961283206939697
side_person17.mp4,side,19,633,30.0,848,478,6,right_eye_outer,0.4941909611225128,0.141433984041214,-0.1052798479795456,0.9878467917442322,0.9962279796600342
side_person17.mp4,side,19,633,30.0,848,478,7,left_ear,0.5109872221946716,0.1421654224395752,-0.19878831505775452,0.9893826842308044,0.9949437975883484
side_person17.mp4,side,19,633,30.0,848,478,8,right_ear,0.508073091506958,0.14318814873695374,-0.027217838913202286,0.9787453413009644,0.9963197708129883
side_person17.mp4,side,19,633,30.0,848,478,9,mouth_left,0.4956231117248535,0.17433129251003265,-0.1351969689130783,0.9910929799079895,0.9980162382125854
side_person17.mp4,side,19,633,30.0,848,478,10,mouth_right,0.49481725692749023,0.17611782252788544,-0.08500364422798157,0.9842683672904968,0.9980039000511169
side_person17.mp4,side,19,633,30.0,848,478,11,left_shoulder,0.533566951751709,0.22365695238113403,-0.29552993178367615,0.9995653033256531,0.9985235333442688
side_person17.mp4,side,19,633,30.0,848,478,12,right_shoulder,0.5192297697067261,0.2424589842557907,0.10170269012451172,0.9970464110374451,0.9982843995094299
side_person17.mp4,side,19,633,30.0,848,478,13,left_elbow,0.44500911235809326,0.24699848890304565,-0.37383201718330383,0.9905556440353394,0.9983603358268738
side_person17.mp4,side,19,633,30.0,848,478,14,right_elbow,0.44465744495391846,0.27487149834632874,0.14266593754291534,0.2720678746700287,0.9993866682052612
side_person17.mp4,side,19,633,30.0,848,478,15,left_wrist,0.37311115860939026,0.2455320656299591,-0.3606586158275604,0.9734455347061157,0.9967337846755981
side_person17.mp4,side,19,633,30.0,848,478,16,right_wrist,0.37179163098335266,0.2693289816379547,0.0545525923371315,0.42269858717918396,0.9980217218399048
side_person17.mp4,side,19,633,30.0,848,478,17,left_pinky,0.34916022419929504,0.24441632628440857,-0.405757874250412,0.9578604698181152,0.996612012386322
side_person17.mp4,side,19,633,30.0,848,478,18,right_pinky,0.3534005284309387,0.2664986848831177,0.0500219501554966,0.421151340007782,0.9976006150245667
side_person17.mp4,side,19,633,30.0,848,478,19,left_index,0.3464249074459076,0.2385517805814743,-0.38702115416526794,0.9542925953865051,0.9961167573928833
side_person17.mp4,side,19,633,30.0,848,478,20,right_index,0.35162997245788574,0.2642521560192108,0.01189658883959055,0.4418579041957855,0.9972127079963684
side_person17.mp4,side,19,633,30.0,848,478,21,left_thumb,0.35572192072868347,0.24430711567401886,-0.353304922580719,0.923223078250885,0.9961891770362854
side_person17.mp4,side,19,633,30.0,848,478,22,right_thumb,0.35492590069770813,0.2674086391925812,0.03321541100740433,0.4536600410938263,0.9973951578140259
side_person17.mp4,side,19,633,30.0,848,478,23,left_hip,0.5273021459579468,0.49769094586372375,-0.11679176241159439,0.9955326318740845,0.9946305751800537
side_person17.mp4,side,19,633,30.0,848,478,24,right_hip,0.5122397541999817,0.4953983724117279,0.11660133302211761,0.9911931157112122,0.9949942231178284
side_person17.mp4,side,19,633,30.0,848,478,25,left_knee,0.5073860287666321,0.6984761357307434,-0.04550449177622795,0.8525198698043823,0.9989771842956543
side_person17.mp4,side,19,633,30.0,848,478,26,right_knee,0.4948576092720032,0.682944655418396,0.20085135102272034,0.25041043758392334,0.9985437393188477
side_person17.mp4,side,19,633,30.0,848,478,27,left_ankle,0.5095184445381165,0.8898210525512695,0.06478710472583771,0.9527260661125183,0.9980995059013367
side_person17.mp4,side,19,633,30.0,848,478,28,right_ankle,0.5055307149887085,0.8575157523155212,0.3375495374202728,0.5771006941795349,0.99936443567276
side_person17.mp4,side,19,633,30.0,848,478,29,left_heel,0.517986536026001,0.9227696657180786,0.0711621567606926,0.9557317495346069,0.996304988861084
side_person17.mp4,side,19,633,30.0,848,478,30,right_heel,0.516304612159729,0.8849661350250244,0.3484463691711426,0.7333864569664001,0.9988417029380798
side_person17.mp4,side,19,633,30.0,848,478,31,left_foot_index,0.46166908740997314,0.9314664602279663,-0.01543340552598238,0.949870228767395,0.9968760013580322
side_person17.mp4,side,19,633,30.0,848,478,32,right_foot_index,0.465381920337677,0.8854764103889465,0.2900153696537018,0.775489091873169,0.9992227554321289
side_person17.mp4,side,20,667,30.0,848,478,0,nose,0.48809731006622314,0.1610354483127594,-0.11278849095106125,0.99051433801651,0.9969137907028198
side_person17.mp4,side,20,667,30.0,848,478,1,left_eye_inner,0.4918876886367798,0.14285913109779358,-0.13707567751407623,0.9899682402610779,0.9964770674705505
side_person17.mp4,side,20,667,30.0,848,478,2,left_eye,0.49354565143585205,0.1417006552219391,-0.13713015615940094,0.990478515625,0.9963500499725342
side_person17.mp4,side,20,667,30.0,848,478,3,left_eye_outer,0.4953500032424927,0.14050906896591187,-0.13711072504520416,0.9914640784263611,0.9961845278739929
side_person17.mp4,side,20,667,30.0,848,478,4,right_eye_inner,0.49120786786079407,0.14337918162345886,-0.09901116043329239,0.9859603047370911,0.9969136714935303
side_person17.mp4,side,20,667,30.0,848,478,5,right_eye,0.4921809434890747,0.14257748425006866,-0.0990147516131401,0.984149694442749,0.9970506429672241
side_person17.mp4,side,20,667,30.0,848,478,6,right_eye_outer,0.4933851361274719,0.14169929921627045,-0.09906583279371262,0.9878371953964233,0.9970906972885132
side_person17.mp4,side,20,667,30.0,848,478,7,left_ear,0.510271430015564,0.14227834343910217,-0.19149406254291534,0.989299476146698,0.9963487386703491
side_person17.mp4,side,20,667,30.0,848,478,8,right_ear,0.5071307420730591,0.14338475465774536,-0.02155487984418869,0.9787306785583496,0.9970718622207642
side_person17.mp4,side,20,667,30.0,848,478,9,mouth_left,0.4950841963291168,0.17466187477111816,-0.12905848026275635,0.9910598993301392,0.9984990358352661
side_person17.mp4,side,20,667,30.0,848,478,10,mouth_right,0.4942760169506073,0.17642390727996826,-0.07943353056907654,0.9843072891235352,0.9984679818153381
side_person17.mp4,side,20,667,30.0,848,478,11,left_shoulder,0.5335023999214172,0.2235470861196518,-0.28855636715888977,0.999565064907074,0.9987707734107971
side_person17.mp4,side,20,667,30.0,848,478,12,right_shoulder,0.517909586429596,0.2424677163362503,0.10468504577875137,0.9970648288726807,0.998513400554657
side_person17.mp4,side,20,667,30.0,848,478,13,left_elbow,0.4450024664402008,0.24699966609477997,-0.36591431498527527,0.9906914234161377,0.9983577132225037
side_person17.mp4,side,20,667,30.0,848,478,14,right_elbow,0.4447180926799774,0.27511581778526306,0.14453954994678497,0.2763419449329376,0.9993934631347656
side_person17.mp4,side,20,667,30.0,848,478,15,left_wrist,0.37479931116104126,0.24546299874782562,-0.3519172668457031,0.9737733006477356,0.9970325231552124
side_person17.mp4,side,20,667,30.0,848,478,16,right_wrist,0.3715380132198334,0.2695442736148834,0.056299060583114624,0.42779433727264404,0.9978982210159302
side_person17.mp4,side,20,667,30.0,848,478,17,left_pinky,0.3499003052711487,0.24471427500247955,-0.3967365324497223,0.9581587910652161,0.9968234300613403
side_person17.mp4,side,20,667,30.0,848,478,18,right_pinky,0.35349851846694946,0.2669016718864441,0.05238573998212814,0.4249616265296936,0.9973838925361633
side_person17.mp4,side,20,667,30.0,848,478,19,left_index,0.34909331798553467,0.23966316878795624,-0.3784261643886566,0.9546209573745728,0.9964710474014282
side_person17.mp4,side,20,667,30.0,848,478,20,right_index,0.3517424464225769,0.2648024559020996,0.01414062175899744,0.4458904266357422,0.996903121471405
side_person17.mp4,side,20,667,30.0,848,478,21,left_thumb,0.3655078411102295,0.23419710993766785,-0.34466010332107544,0.9236723780632019,0.9965341091156006
side_person17.mp4,side,20,667,30.0,848,478,22,right_thumb,0.354984313249588,0.26769158244132996,0.03505820408463478,0.45787614583969116,0.997147262096405
side_person17.mp4,side,20,667,30.0,848,478,23,left_hip,0.5277836322784424,0.4976060390472412,-0.11648844182491302,0.9953466057777405,0.9938477873802185
side_person17.mp4,side,20,667,30.0,848,478,24,right_hip,0.5127824544906616,0.49543678760528564,0.1163111999630928,0.9909558892250061,0.9944985508918762
side_person17.mp4,side,20,667,30.0,848,478,25,left_knee,0.5074819326400757,0.6982957124710083,-0.049232933670282364,0.8517451882362366,0.9987718462944031
side_person17.mp4,side,20,667,30.0,848,478,26,right_knee,0.4950174391269684,0.6830129623413086,0.1938239187002182,0.24821358919143677,0.9985231757164001
side_person17.mp4,side,20,667,30.0,848,478,27,left_ankle,0.5086624622344971,0.8918893337249756,0.054080892354249954,0.9514411687850952,0.9980046153068542
side_person17.mp4,side,20,667,30.0,848,478,28,right_ankle,0.5050551295280457,0.8602977991104126,0.3202362656593323,0.5731123089790344,0.9993019104003906
side_person17.mp4,side,20,667,30.0,848,478,29,left_heel,0.5171513557434082,0.9259486794471741,0.059657901525497437,0.9549610614776611,0.9962215423583984
side_person17.mp4,side,20,667,30.0,848,478,30,right_heel,0.5154851675033569,0.8884443044662476,0.3298303484916687,0.7298179864883423,0.9987008571624756
side_person17.mp4,side,20,667,30.0,848,478,31,left_foot_index,0.4615338444709778,0.9309337139129639,-0.02563159167766571,0.9485676288604736,0.9968497157096863
side_person17.mp4,side,20,667,30.0,848,478,32,right_foot_index,0.46490246057510376,0.8886709809303284,0.26884928345680237,0.7711484432220459,0.9991098046302795
side_person17.mp4,side,21,700,30.0,848,478,0,nose,0.4874350428581238,0.1610226184129715,-0.11276384443044662,0.990269124507904,0.9970910549163818
side_person17.mp4,side,21,700,30.0,848,478,1,left_eye_inner,0.49121782183647156,0.1428622603416443,-0.13702146708965302,0.9897045493125916,0.9966425895690918
side_person17.mp4,side,21,700,30.0,848,478,2,left_eye,0.4928838610649109,0.14170289039611816,-0.13707546889781952,0.990209698677063,0.9965404868125916
side_person17.mp4,side,21,700,30.0,848,478,3,left_eye_outer,0.49469438195228577,0.1405072957277298,-0.1370558887720108,0.9912549257278442,0.9963954091072083
side_person17.mp4,side,21,700,30.0,848,478,4,right_eye_inner,0.49049609899520874,0.14337311685085297,-0.09902536869049072,0.9855772256851196,0.9970163106918335
side_person17.mp4,side,21,700,30.0,848,478,5,right_eye,0.4914200007915497,0.14256839454174042,-0.0990290492773056,0.9837541580200195,0.9971299767494202
side_person17.mp4,side,21,700,30.0,848,478,6,right_eye_outer,0.49253982305526733,0.1416894644498825,-0.09907979518175125,0.9875807762145996,0.997133731842041
side_person17.mp4,side,21,700,30.0,848,478,7,left_ear,0.5096683502197266,0.14224855601787567,-0.19129678606987,0.9888612031936646,0.9965996146202087
side_person17.mp4,side,21,700,30.0,848,478,8,right_ear,0.5060532689094543,0.14338789880275726,-0.02178608626127243,0.9780745506286621,0.9970594048500061
side_person17.mp4,side,21,700,30.0,848,478,9,mouth_left,0.4945427477359772,0.17465713620185852,-0.1289764642715454,0.9907779693603516,0.9986237287521362
side_person17.mp4,side,21,700,30.0,848,478,10,mouth_right,0.4936964213848114,0.17639541625976562,-0.07943929731845856,0.9838352799415588,0.9985767602920532
side_person17.mp4,side,21,700,30.0,848,478,11,left_shoulder,0.5324767231941223,0.2234463095664978,-0.2884005010128021,0.9995688796043396,0.9989412426948547
side_person17.mp4,side,21,700,30.0,848,478,12,right_shoulder,0.5179505944252014,0.24246792495250702,0.10467749834060669,0.9970652461051941,0.9984952211380005
side_person17.mp4,side,21,700,30.0,848,478,13,left_elbow,0.4417192041873932,0.24628877639770508,-0.36469995975494385,0.9907826781272888,0.9985702037811279
side_person17.mp4,side,21,700,30.0,848,478,14,right_elbow,0.4442397654056549,0.27511900663375854,0.1417302042245865,0.2792014479637146,0.9994372725486755
side_person17.mp4,side,21,700,30.0,848,478,15,left_wrist,0.3716275990009308,0.24547463655471802,-0.3507434129714966,0.9739500284194946,0.9967580437660217
side_person17.mp4,side,21,700,30.0,848,478,16,right_wrist,0.37153950333595276,0.26986590027809143,0.05494316667318344,0.42987293004989624,0.9980326294898987
side_person17.mp4,side,21,700,30.0,848,478,17,left_pinky,0.3475206196308136,0.24471856653690338,-0.39625322818756104,0.9582430720329285,0.996504545211792
side_person17.mp4,side,21,700,30.0,848,478,18,right_pinky,0.3535659611225128,0.2672494053840637,0.05182046815752983,0.42619356513023376,0.9975816011428833
side_person17.mp4,side,21,700,30.0,848,478,19,left_index,0.34653061628341675,0.23982404172420502,-0.3764057755470276,0.9546900987625122,0.9961569905281067
side_person17.mp4,side,21,700,30.0,848,478,20,right_index,0.3516519069671631,0.26512277126312256,0.013314608484506607,0.4470614790916443,0.997099757194519
side_person17.mp4,side,21,700,30.0,848,478,21,left_thumb,0.3576391935348511,0.23655571043491364,-0.342999130487442,0.9237930774688721,0.996206521987915
side_person17.mp4,side,21,700,30.0,848,478,22,right_thumb,0.3550502359867096,0.2678779065608978,0.03386340290307999,0.4591066837310791,0.997282862663269
side_person17.mp4,side,21,700,30.0,848,478,23,left_hip,0.5297444462776184,0.4971528947353363,-0.11651647090911865,0.9953023791313171,0.9959398508071899
side_person17.mp4,side,21,700,30.0,848,478,24,right_hip,0.5147624611854553,0.4950440227985382,0.11634062975645065,0.9908535480499268,0.9956745505332947
side_person17.mp4,side,21,700,30.0,848,478,25,left_knee,0.5076194405555725,0.6972253322601318,-0.0472872219979763,0.8497816324234009,0.9991207718849182
side_person17.mp4,side,21,700,30.0,848,478,26,right_knee,0.4953056871891022,0.6820443272590637,0.19845430552959442,0.24225503206253052,0.9987494945526123
side_person17.mp4,side,21,700,30.0,848,478,27,left_ankle,0.5074561834335327,0.8918629884719849,0.060447629541158676,0.9503113627433777,0.9986019730567932
side_person17.mp4,side,21,700,30.0,848,478,28,right_ankle,0.5045593976974487,0.8596697449684143,0.33097076416015625,0.5677972435951233,0.9995015859603882
side_person17.mp4,side,21,700,30.0,848,478,29,left_heel,0.5165417790412903,0.9258554577827454,0.0669572576880455,0.9542290568351746,0.9973426461219788
side_person17.mp4,side,21,700,30.0,848,478,30,right_heel,0.5151076316833496,0.8883118033409119,0.3416036069393158,0.7266207337379456,0.99912029504776
side_person17.mp4,side,21,700,30.0,848,478,31,left_foot_index,0.46095967292785645,0.9299297332763672,-0.016383009031414986,0.947704553604126,0.9978931546211243
side_person17.mp4,side,21,700,30.0,848,478,32,right_foot_index,0.46484145522117615,0.8885814547538757,0.28270068764686584,0.7681138515472412,0.9994111061096191
side_person17.mp4,side,22,733,30.0,848,478,0,nose,0.4851137697696686,0.16110582649707794,-0.10251538455486298,0.9907934069633484,0.9986445307731628
side_person17.mp4,side,22,733,30.0,848,478,1,left_eye_inner,0.4887414574623108,0.14286603033542633,-0.12665751576423645,0.990272581577301,0.9982137680053711
side_person17.mp4,side,22,733,30.0,848,478,2,left_eye,0.49042704701423645,0.14170607924461365,-0.1267108917236328,0.9907299280166626,0.9981200098991394
side_person17.mp4,side,22,733,30.0,848,478,3,left_eye_outer,0.4923253059387207,0.1405123472213745,-0.12669958174228668,0.9917214512825012,0.9979997277259827
side_person17.mp4,side,22,733,30.0,848,478,4,right_eye_inner,0.48821204900741577,0.14337581396102905,-0.08885154128074646,0.9864220023155212,0.9984779953956604
side_person17.mp4,side,22,733,30.0,848,478,5,right_eye,0.48929473757743835,0.14257070422172546,-0.0888504683971405,0.984740674495697,0.9985560774803162
side_person17.mp4,side,22,733,30.0,848,478,6,right_eye_outer,0.49062398076057434,0.14169086515903473,-0.08888939768075943,0.9883633852005005,0.9985737800598145
side_person17.mp4,side,22,733,30.0,848,478,7,left_ear,0.5075571537017822,0.14223647117614746,-0.18083301186561584,0.9893765449523926,0.9981119632720947
side_person17.mp4,side,22,733,30.0,848,478,8,right_ear,0.5047402381896973,0.14337529242038727,-0.012319005094468594,0.9794461131095886,0.9986649751663208
side_person17.mp4,side,22,733,30.0,848,478,9,mouth_left,0.4924800395965576,0.17479750514030457,-0.11857981234788895,0.9912528395652771,0.9993088245391846
side_person17.mp4,side,22,733,30.0,848,478,10,mouth_right,0.491828054189682,0.17645403742790222,-0.06939614564180374,0.9847730398178101,0.9993619322776794
side_person17.mp4,side,22,733,30.0,848,478,11,left_shoulder,0.5306625366210938,0.22345787286758423,-0.27864235639572144,0.999586284160614,0.9993281364440918
side_person17.mp4,side,22,733,30.0,848,478,12,right_shoulder,0.5179804563522339,0.2432509958744049,0.11627889424562454,0.9972206354141235,0.9992963075637817
side_person17.mp4,side,22,733,30.0,848,478,13,left_elbow,0.43942445516586304,0.24658434092998505,-0.3469371497631073,0.9907980561256409,0.9989888072013855
side_person17.mp4,side,22,733,30.0,848,478,14,right_elbow,0.4437124729156494,0.27647480368614197,0.14852187037467957,0.28452810645103455,0.9996577501296997
side_person17.mp4,side,22,733,30.0,848,478,15,left_wrist,0.36676645278930664,0.2456291764974594,-0.33001086115837097,0.9739869236946106,0.997386634349823
side_person17.mp4,side,22,733,30.0,848,478,16,right_wrist,0.3713691532611847,0.27154606580734253,0.05682162195444107,0.43426868319511414,0.998940646648407
side_person17.mp4,side,22,733,30.0,848,478,17,left_pinky,0.34489524364471436,0.24469061195850372,-0.3770528733730316,0.9583468437194824,0.9972869157791138
side_person17.mp4,side,22,733,30.0,848,478,18,right_pinky,0.35361987352371216,0.26824241876602173,0.054153043776750565,0.43059054017066956,0.9987016916275024
side_person17.mp4,side,22,733,30.0,848,478,19,left_index,0.3447783589363098,0.2398323118686676,-0.3548949658870697,0.9547797441482544,0.9970045685768127
side_person17.mp4,side,22,733,30.0,848,478,20,right_index,0.35169345140457153,0.2659091651439667,0.015381254255771637,0.4514254033565521,0.9984785914421082
side_person17.mp4,side,22,733,30.0,848,478,21,left_thumb,0.35139673948287964,0.2374630868434906,-0.32172688841819763,0.9239339232444763,0.9970001578330994
side_person17.mp4,side,22,733,30.0,848,478,22,right_thumb,0.3551674485206604,0.2683103680610657,0.035861339420080185,0.4634343087673187,0.998584508895874
side_person17.mp4,side,22,733,30.0,848,478,23,left_hip,0.531236469745636,0.4969007670879364,-0.1178564578294754,0.9954593181610107,0.9977412223815918
side_person17.mp4,side,22,733,30.0,848,478,24,right_hip,0.5190277695655823,0.49505624175071716,0.11770166456699371,0.9910684823989868,0.9974769949913025
side_person17.mp4,side,22,733,30.0,848,478,25,left_knee,0.507671058177948,0.6972538232803345,-0.048186689615249634,0.8506361842155457,0.9994168281555176
side_person17.mp4,side,22,733,30.0,848,478,26,right_knee,0.4973692297935486,0.6826363205909729,0.20638719201087952,0.23496411740779877,0.9991539716720581
side_person17.mp4,side,22,733,30.0,848,478,27,left_ankle,0.5055171251296997,0.8948740363121033,0.05814629793167114,0.9501249194145203,0.9989097118377686
side_person17.mp4,side,22,733,30.0,848,478,28,right_ankle,0.503260612487793,0.859880268573761,0.33868804574012756,0.5602036118507385,0.9995120763778687
side_person17.mp4,side,22,733,30.0,848,478,29,left_heel,0.5152812004089355,0.9267882108688354,0.06481720507144928,0.9547244310379028,0.9978747367858887
side_person17.mp4,side,22,733,30.0,848,478,30,right_heel,0.5130600929260254,0.8901461958885193,0.3497481346130371,0.7222951650619507,0.999144434928894
side_person17.mp4,side,22,733,30.0,848,478,31,left_foot_index,0.4605054557323456,0.9297176003456116,-0.017223156988620758,0.947756290435791,0.9982996582984924
side_person17.mp4,side,22,733,30.0,848,478,32,right_foot_index,0.4632578492164612,0.8883535265922546,0.2932465672492981,0.7638956904411316,0.999480664730072
side_person17.mp4,side,23,767,30.0,848,478,0,nose,0.48311686515808105,0.16172969341278076,-0.07897447794675827,0.9912909269332886,0.998673677444458
side_person17.mp4,side,23,767,30.0,848,478,1,left_eye_inner,0.48690009117126465,0.1432456225156784,-0.10251978784799576,0.990787923336029,0.9982979893684387
side_person17.mp4,side,23,767,30.0,848,478,2,left_eye,0.48850488662719727,0.1420636773109436,-0.10256575047969818,0.9911895394325256,0.9982165694236755
side_person17.mp4,side,23,767,30.0,848,478,3,left_eye_outer,0.49022376537323,0.14087893068790436,-0.10254975408315659,0.9921621680259705,0.9980818033218384
side_person17.mp4,side,23,767,30.0,848,478,4,right_eye_inner,0.48645615577697754,0.14372268319129944,-0.06534896790981293,0.9871950745582581,0.9985406398773193
side_person17.mp4,side,23,767,30.0,848,478,5,right_eye,0.48759031295776367,0.14288315176963806,-0.0653405636548996,0.9856168031692505,0.9985968470573425
side_person17.mp4,side,23,767,30.0,848,478,6,right_eye_outer,0.4889470934867859,0.14197850227355957,-0.06537503004074097,0.9890922904014587,0.9986100196838379
side_person17.mp4,side,23,767,30.0,848,478,7,left_ear,0.5051630139350891,0.14249110221862793,-0.1552996188402176,0.9897764921188354,0.9981062412261963
side_person17.mp4,side,23,767,30.0,848,478,8,right_ear,0.5030454397201538,0.14361423254013062,0.010688555426895618,0.9805813431739807,0.9985806941986084
side_person17.mp4,side,23,767,30.0,848,478,9,mouth_left,0.49049052596092224,0.1753300577402115,-0.09460394084453583,0.9916236400604248,0.9991992115974426
side_person17.mp4,side,23,767,30.0,848,478,10,mouth_right,0.4901010990142822,0.17692877352237701,-0.04619080200791359,0.9855586886405945,0.999256432056427
side_person17.mp4,side,23,767,30.0,848,478,11,left_shoulder,0.5275948643684387,0.2234153300523758,-0.25313112139701843,0.999595046043396,0.9990904331207275
side_person17.mp4,side,23,767,30.0,848,478,12,right_shoulder,0.518193244934082,0.2452392429113388,0.13623127341270447,0.9973198771476746,0.9990898370742798
side_person17.mp4,side,23,767,30.0,848,478,13,left_elbow,0.4360607862472534,0.24668855965137482,-0.3206341862678528,0.9908088445663452,0.9988766312599182
side_person17.mp4,side,23,767,30.0,848,478,14,right_elbow,0.44375941157341003,0.280322402715683,0.1673688143491745,0.2920817732810974,0.9996001124382019
side_person17.mp4,side,23,767,30.0,848,478,15,left_wrist,0.3659372627735138,0.2455882430076599,-0.30085811018943787,0.9737911224365234,0.9972119927406311
side_person17.mp4,side,23,767,30.0,848,478,16,right_wrist,0.3721429705619812,0.2730320394039154,0.07569638639688492,0.43822312355041504,0.9988596439361572
side_person17.mp4,side,23,767,30.0,848,478,17,left_pinky,0.3450137674808502,0.244740292429924,-0.34668442606925964,0.9579399824142456,0.9971374273300171
side_person17.mp4,side,23,767,30.0,848,478,18,right_pinky,0.3568488657474518,0.2698058485984802,0.07479971647262573,0.4335211217403412,0.9986141920089722
side_person17.mp4,side,23,767,30.0,848,478,19,left_index,0.344653457403183,0.23983842134475708,-0.3230668604373932,0.9543014168739319,0.9968340992927551
side_person17.mp4,side,23,767,30.0,848,478,20,right_index,0.35378167033195496,0.26649945974349976,0.03597599267959595,0.45455315709114075,0.9983533620834351
side_person17.mp4,side,23,767,30.0,848,478,21,left_thumb,0.3516707122325897,0.23869898915290833,-0.2922060191631317,0.9234957098960876,0.996829092502594
side_person17.mp4,side,23,767,30.0,848,478,22,right_thumb,0.35639315843582153,0.26873162388801575,0.05508683621883392,0.46660664677619934,0.9984423518180847
side_person17.mp4,side,23,767,30.0,848,478,23,left_hip,0.5329089760780334,0.4960010349750519,-0.11821699887514114,0.9953868985176086,0.9965787529945374
side_person17.mp4,side,23,767,30.0,848,478,24,right_hip,0.5220799446105957,0.4951227009296417,0.11809072643518448,0.990940511226654,0.9963082671165466
side_person17.mp4,side,23,767,30.0,848,478,25,left_knee,0.508491575717926,0.6962718963623047,-0.052361082285642624,0.8531757593154907,0.9991666078567505
side_person17.mp4,side,23,767,30.0,848,478,26,right_knee,0.4987184703350067,0.6828210949897766,0.19711613655090332,0.23046544194221497,0.9990122318267822
side_person17.mp4,side,23,767,30.0,848,478,27,left_ankle,0.5053694248199463,0.8949955105781555,0.04541582614183426,0.9497727155685425,0.9984947443008423
side_person17.mp4,side,23,767,30.0,848,478,28,right_ankle,0.5032437443733215,0.8627007603645325,0.31093281507492065,0.5561724305152893,0.9993190765380859
side_person17.mp4,side,23,767,30.0,848,478,29,left_heel,0.515098512172699,0.9269739389419556,0.05117960646748543,0.9544327855110168,0.9972137808799744
side_person17.mp4,side,23,767,30.0,848,478,30,right_heel,0.5131272673606873,0.8937695622444153,0.3199952244758606,0.7194116711616516,0.9987645149230957
side_person17.mp4,side,23,767,30.0,848,478,31,left_foot_index,0.4604286551475525,0.9296555519104004,-0.02867368794977665,0.9475056529045105,0.9979475140571594
side_person17.mp4,side,23,767,30.0,848,478,32,right_foot_index,0.4627375602722168,0.891517162322998,0.257333368062973,0.7612447738647461,0.9992409944534302
side_person17.mp4,side,24,800,30.0,848,478,0,nose,0.4807497560977936,0.16351746022701263,-0.08307388424873352,0.9919108152389526,0.9990271329879761
side_person17.mp4,side,24,800,30.0,848,478,1,left_eye_inner,0.48458755016326904,0.14432786405086517,-0.10689037293195724,0.9914382696151733,0.9987660646438599
side_person17.mp4,side,24,800,30.0,848,478,2,left_eye,0.4862133264541626,0.14313456416130066,-0.10693540424108505,0.9918041229248047,0.998719334602356
side_person17.mp4,side,24,800,30.0,848,478,3,left_eye_outer,0.4878765940666199,0.14197121560573578,-0.10691959410905838,0.9927108287811279,0.9986353516578674
side_person17.mp4,side,24,800,30.0,848,478,4,right_eye_inner,0.4841668903827667,0.14477217197418213,-0.06935518980026245,0.9881314635276794,0.9989027976989746
side_person17.mp4,side,24,800,30.0,848,478,5,right_eye,0.4853779077529907,0.14386092126369476,-0.06933953613042831,0.9866874814033508,0.998934805393219
side_person17.mp4,side,24,800,30.0,848,478,6,right_eye_outer,0.48679980635643005,0.14288367331027985,-0.06936884671449661,0.9899182319641113,0.9989270567893982
side_person17.mp4,side,24,800,30.0,848,478,7,left_ear,0.5026840567588806,0.1433170735836029,-0.1594700962305069,0.9904372692108154,0.998673677444458
side_person17.mp4,side,24,800,30.0,848,478,8,right_ear,0.5010137557983398,0.1442352533340454,0.007954937405884266,0.9820234179496765,0.9989238381385803
side_person17.mp4,side,24,800,30.0,848,478,9,mouth_left,0.48819178342819214,0.17701782286167145,-0.09862345457077026,0.9921842813491821,0.9994072914123535
side_person17.mp4,side,24,800,30.0,848,478,10,mouth_right,0.48781371116638184,0.1784418672323227,-0.049794308841228485,0.9865822196006775,0.9994310736656189
side_person17.mp4,side,24,800,30.0,848,478,11,left_shoulder,0.5259835720062256,0.22399424016475677,-0.255776584148407,0.9996067881584167,0.9992184638977051
side_person17.mp4,side,24,800,30.0,848,478,12,right_shoulder,0.516302764415741,0.2469634860754013,0.13383133709430695,0.99742591381073,0.999099612236023
side_person17.mp4,side,24,800,30.0,848,478,13,left_elbow,0.4322357177734375,0.2477518767118454,-0.3255321681499481,0.9908891320228577,0.9988440275192261
side_person17.mp4,side,24,800,30.0,848,478,14,right_elbow,0.4411540627479553,0.2820257842540741,0.1629439890384674,0.29822587966918945,0.9995288848876953
side_person17.mp4,side,24,800,30.0,848,478,15,left_wrist,0.36013492941856384,0.24565890431404114,-0.3093271553516388,0.9739890098571777,0.9969056248664856
side_person17.mp4,side,24,800,30.0,848,478,16,right_wrist,0.3702045977115631,0.27353474497795105,0.07130812853574753,0.43852847814559937,0.9983148574829102
side_person17.mp4,side,24,800,30.0,848,478,17,left_pinky,0.3393891751766205,0.24380435049533844,-0.35706663131713867,0.9582316279411316,0.9967489242553711
side_person17.mp4,side,24,800,30.0,848,478,18,right_pinky,0.35306668281555176,0.2699115574359894,0.06923767924308777,0.4335554242134094,0.9979731440544128
side_person17.mp4,side,24,800,30.0,848,478,19,left_index,0.33836716413497925,0.23936520516872406,-0.3335312306880951,0.9545366168022156,0.9964902997016907
side_person17.mp4,side,24,800,30.0,848,478,20,right_index,0.35080549120903015,0.26657670736312866,0.03137774392962456,0.45471668243408203,0.9976008534431458
side_person17.mp4,side,24,800,30.0,848,478,21,left_thumb,0.3462483286857605,0.23938724398612976,-0.30088087916374207,0.9239954352378845,0.9964612126350403
side_person17.mp4,side,24,800,30.0,848,478,22,right_thumb,0.35297563672065735,0.2687395513057709,0.050770290195941925,0.4675781726837158,0.9977210164070129
side_person17.mp4,side,24,800,30.0,848,478,23,left_hip,0.5352253317832947,0.49577733874320984,-0.11828846484422684,0.9953660368919373,0.996462881565094
side_person17.mp4,side,24,800,30.0,848,478,24,right_hip,0.5235304236412048,0.49550554156303406,0.1181771457195282,0.9908411502838135,0.9960116147994995
side_person17.mp4,side,24,800,30.0,848,478,25,left_knee,0.5087688565254211,0.6965265870094299,-0.05599873885512352,0.8576101064682007,0.9991624355316162
side_person17.mp4,side,24,800,30.0,848,478,26,right_knee,0.4986770451068878,0.6841344237327576,0.1914144903421402,0.22860731184482574,0.9988839030265808
side_person17.mp4,side,24,800,30.0,848,478,27,left_ankle,0.5049985647201538,0.8960487842559814,0.037791475653648376,0.9500588178634644,0.9980852603912354
side_person17.mp4,side,24,800,30.0,848,478,28,right_ankle,0.5025856494903564,0.865229070186615,0.30127716064453125,0.5553572773933411,0.9991298317909241
side_person17.mp4,side,24,800,30.0,848,478,29,left_heel,0.5147427916526794,0.9272030591964722,0.04248975217342377,0.9544404745101929,0.9963191747665405
side_person17.mp4,side,24,800,30.0,848,478,30,right_heel,0.5123266577720642,0.8971555233001709,0.30980804562568665,0.7188894152641296,0.9983886480331421
side_person17.mp4,side,24,800,30.0,848,478,31,left_foot_index,0.4594915211200714,0.9294594526290894,-0.04138186573982239,0.9473530054092407,0.9971501231193542
side_person17.mp4,side,24,800,30.0,848,478,32,right_foot_index,0.4620034694671631,0.8932888507843018,0.24343979358673096,0.7602777481079102,0.9989975094795227
side_person17.mp4,side,25,833,30.0,848,478,0,nose,0.4784347116947174,0.16660349071025848,-0.08069013804197311,0.9923703074455261,0.998814582824707
side_person17.mp4,side,25,833,30.0,848,478,1,left_eye_inner,0.4822896122932434,0.14619754254817963,-0.10437674820423126,0.9918935894966125,0.9984607696533203
side_person17.mp4,side,25,833,30.0,848,478,2,left_eye,0.4838474690914154,0.14503493905067444,-0.10442250967025757,0.9922277927398682,0.9984111785888672
side_person17.mp4,side,25,833,30.0,848,478,3,left_eye_outer,0.48542070388793945,0.14385206997394562,-0.10440736263990402,0.9930991530418396,0.9983007311820984
side_person17.mp4,side,25,833,30.0,848,478,4,right_eye_inner,0.48186060786247253,0.1464574784040451,-0.06738469004631042,0.9887977838516235,0.998606264591217
side_person17.mp4,side,25,833,30.0,848,478,5,right_eye,0.4830563962459564,0.14543554186820984,-0.06735749542713165,0.9874438047409058,0.9986250400543213
side_person17.mp4,side,25,833,30.0,848,478,6,right_eye_outer,0.4844341278076172,0.1443023383617401,-0.06738808006048203,0.9905233383178711,0.9986093044281006
side_person17.mp4,side,25,833,30.0,848,478,7,left_ear,0.5005096197128296,0.1448773294687271,-0.15745726227760315,0.9908880591392517,0.9983433485031128
side_person17.mp4,side,25,833,30.0,848,478,8,right_ear,0.4985100030899048,0.14528900384902954,0.007806538604199886,0.9830970764160156,0.998536229133606
side_person17.mp4,side,25,833,30.0,848,478,9,mouth_left,0.4861229658126831,0.18018800020217896,-0.09645424038171768,0.992604672908783,0.9992595314979553
side_person17.mp4,side,25,833,30.0,848,478,10,mouth_right,0.4857262074947357,0.18131044507026672,-0.048241741955280304,0.9873502850532532,0.9992603659629822
side_person17.mp4,side,25,833,30.0,848,478,11,left_shoulder,0.5242278575897217,0.22529135644435883,-0.25194045901298523,0.9996146559715271,0.9990799427032471
side_person17.mp4,side,25,833,30.0,848,478,12,right_shoulder,0.5160349607467651,0.24816900491714478,0.13129621744155884,0.9975038170814514,0.9988632202148438
side_person17.mp4,side,25,833,30.0,848,478,13,left_elbow,0.43137040734291077,0.24931871891021729,-0.323961466550827,0.9910622835159302,0.9988013505935669
side_person17.mp4,side,25,833,30.0,848,478,14,right_elbow,0.4410393238067627,0.28367170691490173,0.16172492504119873,0.3073348104953766,0.9994914531707764
side_person17.mp4,side,25,833,30.0,848,478,15,left_wrist,0.3578333556652069,0.24882782995700836,-0.3079458177089691,0.9744943380355835,0.9971718192100525
side_person17.mp4,side,25,833,30.0,848,478,16,right_wrist,0.3702186346054077,0.2776617705821991,0.07071013748645782,0.4452960193157196,0.9984468817710876
side_person17.mp4,side,25,833,30.0,848,478,17,left_pinky,0.3373374342918396,0.2499973028898239,-0.3556585907936096,0.9588974714279175,0.9970027804374695
side_person17.mp4,side,25,833,30.0,848,478,18,right_pinky,0.3531745374202728,0.27654632925987244,0.06895197927951813,0.4395325481891632,0.99813312292099
side_person17.mp4,side,25,833,30.0,848,478,19,left_index,0.3353951573371887,0.24400509893894196,-0.33116915822029114,0.9552056789398193,0.9968721270561218
side_person17.mp4,side,25,833,30.0,848,478,20,right_index,0.3508603572845459,0.2735263407230377,0.029817573726177216,0.4609474837779999,0.997796893119812
side_person17.mp4,side,25,833,30.0,848,478,21,left_thumb,0.3431030809879303,0.24649806320667267,-0.29926279187202454,0.9252316355705261,0.9968384504318237
side_person17.mp4,side,25,833,30.0,848,478,22,right_thumb,0.3532441556453705,0.27373695373535156,0.049852970987558365,0.4741469621658325,0.9978938698768616
side_person17.mp4,side,25,833,30.0,848,478,23,left_hip,0.538225531578064,0.49578338861465454,-0.11706213653087616,0.9952903389930725,0.995583713054657
side_person17.mp4,side,25,833,30.0,848,478,24,right_hip,0.5242132544517517,0.4956282377243042,0.11699628084897995,0.9907437562942505,0.9947972893714905
side_person17.mp4,side,25,833,30.0,848,478,25,left_knee,0.5093887448310852,0.6965314149856567,-0.056821610778570175,0.8610548973083496,0.9986110925674438
side_person17.mp4,side,25,833,30.0,848,478,26,right_knee,0.49730658531188965,0.6841323971748352,0.1808609664440155,0.22910182178020477,0.9982303977012634
side_person17.mp4,side,25,833,30.0,848,478,27,left_ankle,0.5050492286682129,0.8963284492492676,0.03764563426375389,0.9494590163230896,0.9968510270118713
side_person17.mp4,side,25,833,30.0,848,478,28,right_ankle,0.5024546384811401,0.8665089011192322,0.2866649329662323,0.5543213486671448,0.9983774423599243
side_person17.mp4,side,25,833,30.0,848,478,29,left_heel,0.5145695209503174,0.9271746277809143,0.04253871366381645,0.9534538388252258,0.9940044283866882
side_person17.mp4,side,25,833,30.0,848,478,30,right_heel,0.5113085508346558,0.8979557156562805,0.29468831419944763,0.7172628045082092,0.9969159364700317
side_person17.mp4,side,25,833,30.0,848,478,31,left_foot_index,0.4598858058452606,0.9289305806159973,-0.040339574217796326,0.9461619853973389,0.9954448938369751
side_person17.mp4,side,25,833,30.0,848,478,32,right_foot_index,0.4620412290096283,0.8957452774047852,0.22713269293308258,0.7572236061096191,0.9980364441871643
side_person17.mp4,side,26,867,30.0,848,478,0,nose,0.47643789649009705,0.17208974063396454,-0.0801287442445755,0.9926195740699768,0.998375654220581
side_person17.mp4,side,26,867,30.0,848,478,1,left_eye_inner,0.47991642355918884,0.15078306198120117,-0.10439049452543259,0.9921724200248718,0.9981321692466736
side_person17.mp4,side,26,867,30.0,848,478,2,left_eye,0.4813571870326996,0.14958664774894714,-0.10444168001413345,0.9924951791763306,0.9981166124343872
side_person17.mp4,side,26,867,30.0,848,478,3,left_eye_outer,0.4828183054924011,0.1483750343322754,-0.10443032532930374,0.9933497905731201,0.9980327486991882
side_person17.mp4,side,26,867,30.0,848,478,4,right_eye_inner,0.4797632694244385,0.15100808441638947,-0.06678718328475952,0.9892120957374573,0.9982232451438904
side_person17.mp4,side,26,867,30.0,848,478,5,right_eye,0.48104339838027954,0.1499483585357666,-0.06675965338945389,0.9879392981529236,0.998236894607544
side_person17.mp4,side,26,867,30.0,848,478,6,right_eye_outer,0.482485830783844,0.1487729847431183,-0.06679242849349976,0.9909245371818542,0.9982080459594727
side_person17.mp4,side,26,867,30.0,848,478,7,left_ear,0.49777528643608093,0.1490791141986847,-0.15903207659721375,0.9911646246910095,0.9981605410575867
side_person17.mp4,side,26,867,30.0,848,478,8,right_ear,0.4962413012981415,0.14934270083904266,0.008709810674190521,0.983818769454956,0.9981372356414795
side_person17.mp4,side,26,867,30.0,848,478,9,mouth_left,0.48408859968185425,0.18547362089157104,-0.09642384201288223,0.9928428530693054,0.999067485332489
side_person17.mp4,side,26,867,30.0,848,478,10,mouth_right,0.4840235412120819,0.18662966787815094,-0.04747480899095535,0.9878001809120178,0.9990195035934448
side_person17.mp4,side,26,867,30.0,848,478,11,left_shoulder,0.5223408937454224,0.22819600999355316,-0.25381049513816833,0.9996196627616882,0.9990191459655762
side_person17.mp4,side,26,867,30.0,848,478,12,right_shoulder,0.5160778760910034,0.25078901648521423,0.13360756635665894,0.9975249767303467,0.9985281229019165
side_person17.mp4,side,26,867,30.0,848,478,13,left_elbow,0.4294310212135315,0.2551310658454895,-0.3250298500061035,0.991098940372467,0.9986634254455566
side_person17.mp4,side,26,867,30.0,848,478,14,right_elbow,0.4407566487789154,0.2873859107494354,0.16635459661483765,0.30800822377204895,0.9992997646331787
side_person17.mp4,side,26,867,30.0,848,478,15,left_wrist,0.3555285632610321,0.2532404661178589,-0.3048945963382721,0.9744280576705933,0.9966191053390503
side_person17.mp4,side,26,867,30.0,848,478,16,right_wrist,0.37020280957221985,0.2805923521518707,0.0719800665974617,0.44195684790611267,0.9977013468742371
side_person17.mp4,side,26,867,30.0,848,478,17,left_pinky,0.33559203147888184,0.25574690103530884,-0.3529297411441803,0.9587562680244446,0.9964455962181091
side_person17.mp4,side,26,867,30.0,848,478,18,right_pinky,0.3532271981239319,0.281037837266922,0.07026271522045135,0.43703657388687134,0.9973238706588745
side_person17.mp4,side,26,867,30.0,848,478,19,left_index,0.3337875008583069,0.2498646229505539,-0.3281942903995514,0.954989492893219,0.9962480664253235
side_person17.mp4,side,26,867,30.0,848,478,20,right_index,0.3508681058883667,0.2786184251308441,0.030179433524608612,0.4586731791496277,0.9968329071998596
side_person17.mp4,side,26,867,30.0,848,478,21,left_thumb,0.3410798907279968,0.2531712055206299,-0.2959747016429901,0.925022304058075,0.9961938858032227
side_person17.mp4,side,26,867,30.0,848,478,22,right_thumb,0.3534473776817322,0.2781325876712799,0.05079306662082672,0.4721991717815399,0.9969411492347717
side_person17.mp4,side,26,867,30.0,848,478,23,left_hip,0.5409402251243591,0.4968199133872986,-0.1171058714389801,0.9953130483627319,0.9965509176254272
side_person17.mp4,side,26,867,30.0,848,478,24,right_hip,0.5259653329849243,0.49705296754837036,0.11704888194799423,0.9906608462333679,0.9952405691146851
side_person17.mp4,side,26,867,30.0,848,478,25,left_knee,0.5096913576126099,0.69847571849823,-0.059264492243528366,0.8624779582023621,0.9986717700958252
side_person17.mp4,side,26,867,30.0,848,478,26,right_knee,0.4969966411590576,0.6846526861190796,0.1824749857187271,0.2264212667942047,0.9979069232940674
side_person17.mp4,side,26,867,30.0,848,478,27,left_ankle,0.5045064687728882,0.8975725769996643,0.03291131928563118,0.9485239386558533,0.9968395233154297
side_person17.mp4,side,26,867,30.0,848,478,28,right_ankle,0.5024734139442444,0.867274284362793,0.2895575761795044,0.548596203327179,0.9983287453651428
side_person17.mp4,side,26,867,30.0,848,478,29,left_heel,0.5144031643867493,0.9279459118843079,0.03763682395219803,0.9525343179702759,0.9941259622573853
side_person17.mp4,side,26,867,30.0,848,478,30,right_heel,0.5113844275474548,0.8993526697158813,0.29779118299484253,0.7130321264266968,0.9970670342445374
side_person17.mp4,side,26,867,30.0,848,478,31,left_foot_index,0.4598907232284546,0.9290527701377869,-0.044398292899131775,0.9447160363197327,0.9954233765602112
side_person17.mp4,side,26,867,30.0,848,478,32,right_foot_index,0.4620703160762787,0.8986737728118896,0.23244929313659668,0.751463770866394,0.9981327652931213
side_person17.mp4,side,27,900,30.0,848,478,0,nose,0.47483113408088684,0.17634780704975128,-0.08945634961128235,0.992796778678894,0.997955322265625
side_person17.mp4,side,27,900,30.0,848,478,1,left_eye_inner,0.47820115089416504,0.15507665276527405,-0.11357893794775009,0.9924044013023376,0.9978318810462952
side_person17.mp4,side,27,900,30.0,848,478,2,left_eye,0.4797149896621704,0.15393812954425812,-0.11363498866558075,0.9927266836166382,0.9978305697441101
side_person17.mp4,side,27,900,30.0,848,478,3,left_eye_outer,0.48123449087142944,0.1527460366487503,-0.11363331973552704,0.9935662746429443,0.9977838397026062
side_person17.mp4,side,27,900,30.0,848,478,4,right_eye_inner,0.47791874408721924,0.1550683081150055,-0.07512236386537552,0.9895629286766052,0.9978871941566467
side_person17.mp4,side,27,900,30.0,848,478,5,right_eye,0.47914138436317444,0.15392251312732697,-0.07509151846170425,0.9883769154548645,0.9979261159896851
side_person17.mp4,side,27,900,30.0,848,478,6,right_eye_outer,0.4805128276348114,0.15264879167079926,-0.07512576133012772,0.9912509322166443,0.997908353805542
side_person17.mp4,side,27,900,30.0,848,478,7,left_ear,0.49611127376556396,0.15344011783599854,-0.1672227829694748,0.9914004802703857,0.9979873895645142
side_person17.mp4,side,27,900,30.0,848,478,8,right_ear,0.4944111704826355,0.15316841006278992,0.0035635356325656176,0.9844435453414917,0.9979661703109741
side_person17.mp4,side,27,900,30.0,848,478,9,mouth_left,0.4824170768260956,0.19005584716796875,-0.10568134486675262,0.9930451512336731,0.9989339709281921
side_person17.mp4,side,27,900,30.0,848,478,10,mouth_right,0.48213282227516174,0.19087263941764832,-0.055849138647317886,0.9881359934806824,0.9988658428192139
side_person17.mp4,side,27,900,30.0,848,478,11,left_shoulder,0.5219649076461792,0.23336118459701538,-0.25959745049476624,0.9996172189712524,0.9988654851913452
side_person17.mp4,side,27,900,30.0,848,478,12,right_shoulder,0.5140919089317322,0.2525266706943512,0.13119274377822876,0.9975008368492126,0.9982810020446777
side_person17.mp4,side,27,900,30.0,848,478,13,left_elbow,0.42956167459487915,0.2609548568725586,-0.332413911819458,0.9910995960235596,0.9984128475189209
side_person17.mp4,side,27,900,30.0,848,478,14,right_elbow,0.4408228099346161,0.28866472840309143,0.16438962519168854,0.30351293087005615,0.9990347623825073
side_person17.mp4,side,27,900,30.0,848,478,15,left_wrist,0.35519924759864807,0.25916701555252075,-0.30752426385879517,0.9742758274078369,0.9957088232040405
side_person17.mp4,side,27,900,30.0,848,478,16,right_wrist,0.3698468804359436,0.28217974305152893,0.06441762298345566,0.43259063363075256,0.9962781071662903
side_person17.mp4,side,27,900,30.0,848,478,17,left_pinky,0.33362993597984314,0.26082029938697815,-0.3607255220413208,0.9585124254226685,0.9954410791397095
side_person17.mp4,side,27,900,30.0,848,478,18,right_pinky,0.3524154722690582,0.28343459963798523,0.06184221804141998,0.4290817081928253,0.995755672454834
side_person17.mp4,side,27,900,30.0,848,478,19,left_index,0.33214879035949707,0.2561286985874176,-0.33333703875541687,0.9546988606452942,0.9950764775276184
side_person17.mp4,side,27,900,30.0,848,478,20,right_index,0.34850725531578064,0.2812331020832062,0.02045062743127346,0.450697660446167,0.9949028491973877
side_person17.mp4,side,27,900,30.0,848,478,21,left_thumb,0.3388906419277191,0.259103000164032,-0.2976807653903961,0.9245014786720276,0.9950063228607178
side_person17.mp4,side,27,900,30.0,848,478,22,right_thumb,0.3526606559753418,0.2812313437461853,0.04254631698131561,0.464913934469223,0.9950451850891113
side_person17.mp4,side,27,900,30.0,848,478,23,left_hip,0.544416606426239,0.4992007315158844,-0.1171804741024971,0.9953824281692505,0.9968172311782837
side_person17.mp4,side,27,900,30.0,848,478,24,right_hip,0.5270414352416992,0.4989071488380432,0.11712755262851715,0.9905710220336914,0.995112955570221
side_person17.mp4,side,27,900,30.0,848,478,25,left_knee,0.5115246772766113,0.7002522349357605,-0.059415195137262344,0.8609490394592285,0.9987999200820923
side_person17.mp4,side,27,900,30.0,848,478,26,right_knee,0.49579131603240967,0.6846096515655518,0.18357227742671967,0.22157564759254456,0.997564435005188
side_person17.mp4,side,27,900,30.0,848,478,27,left_ankle,0.5043215155601501,0.8984405398368835,0.032546550035476685,0.9471397399902344,0.9967148303985596
side_person17.mp4,side,27,900,30.0,848,478,28,right_ankle,0.5024943947792053,0.8670362234115601,0.2945846617221832,0.5382595658302307,0.9983252882957458
side_person17.mp4,side,27,900,30.0,848,478,29,left_heel,0.5139500498771667,0.9287753105163574,0.0369885116815567,0.9510411620140076,0.9938852190971375
side_person17.mp4,side,27,900,30.0,848,478,30,right_heel,0.5114569067955017,0.8984488844871521,0.3033420145511627,0.7050376534461975,0.9972476363182068
side_person17.mp4,side,27,900,30.0,848,478,31,left_foot_index,0.4603192210197449,0.9294048547744751,-0.04886012151837349,0.9430609345436096,0.9950761198997498
side_person17.mp4,side,27,900,30.0,848,478,32,right_foot_index,0.4628913104534149,0.8993000984191895,0.24034498631954193,0.7439525127410889,0.9982764720916748
side_person17.mp4,side,28,933,30.0,848,478,0,nose,0.47281524538993835,0.1828390657901764,-0.09459303319454193,0.9930956959724426,0.9985107779502869
side_person17.mp4,side,28,933,30.0,848,478,1,left_eye_inner,0.4760465919971466,0.1616584211587906,-0.11863934993743896,0.9927390813827515,0.9983730316162109
side_person17.mp4,side,28,933,30.0,848,478,2,left_eye,0.4774385988712311,0.16053371131420135,-0.11868729442358017,0.9930511713027954,0.9983782768249512
side_person17.mp4,side,28,933,30.0,848,478,3,left_eye_outer,0.47886934876441956,0.15932266414165497,-0.11868581175804138,0.9938679933547974,0.9983088970184326
side_person17.mp4,side,28,933,30.0,848,478,4,right_eye_inner,0.47593170404434204,0.1616121381521225,-0.08085412532091141,0.9900408387184143,0.9984065890312195
side_person17.mp4,side,28,933,30.0,848,478,5,right_eye,0.47716209292411804,0.16045577824115753,-0.08082427084445953,0.9889531135559082,0.9984109401702881
side_person17.mp4,side,28,933,30.0,848,478,6,right_eye_outer,0.4785953462123871,0.1591028869152069,-0.08085492998361588,0.9917070865631104,0.9983710646629333
side_person17.mp4,side,28,933,30.0,848,478,7,left_ear,0.4934268891811371,0.15950189530849457,-0.17133203148841858,0.9917169213294983,0.9984196424484253
side_person17.mp4,side,28,933,30.0,848,478,8,right_ear,0.49243009090423584,0.15918664634227753,-0.003471019444987178,0.9852254986763,0.998309850692749
side_person17.mp4,side,28,933,30.0,848,478,9,mouth_left,0.4802466928958893,0.19626843929290771,-0.11038551479578018,0.9933156371116638,0.9990630745887756
side_person17.mp4,side,28,933,30.0,848,478,10,mouth_right,0.48019906878471375,0.19714292883872986,-0.06135118380188942,0.988617479801178,0.9990204572677612
side_person17.mp4,side,28,933,30.0,848,478,11,left_shoulder,0.5162920951843262,0.23794545233249664,-0.2606393098831177,0.9996166229248047,0.9988577365875244
side_person17.mp4,side,28,933,30.0,848,478,12,right_shoulder,0.5141487121582031,0.255869597196579,0.12301315367221832,0.997491717338562,0.9982746839523315
side_person17.mp4,side,28,933,30.0,848,478,13,left_elbow,0.42572692036628723,0.2659538984298706,-0.33420637249946594,0.991195023059845,0.9987145662307739
side_person17.mp4,side,28,933,30.0,848,478,14,right_elbow,0.44088906049728394,0.29190725088119507,0.15394315123558044,0.30080702900886536,0.9991394281387329
side_person17.mp4,side,28,933,30.0,848,478,15,left_wrist,0.3495398759841919,0.26623672246932983,-0.3083571195602417,0.9741596579551697,0.9965457320213318
side_person17.mp4,side,28,933,30.0,848,478,16,right_wrist,0.36951735615730286,0.2848716080188751,0.05128290131688118,0.42353808879852295,0.9969335794448853
side_person17.mp4,side,28,933,30.0,848,478,17,left_pinky,0.3304412066936493,0.26676857471466064,-0.3589771091938019,0.9581559300422668,0.9963222742080688
side_person17.mp4,side,28,933,30.0,848,478,18,right_pinky,0.3522987961769104,0.28780654072761536,0.048167306929826736,0.4212024509906769,0.9965527057647705
side_person17.mp4,side,28,933,30.0,848,478,19,left_index,0.32926928997039795,0.2638377249240875,-0.3324369788169861,0.9542549252510071,0.9961026906967163
side_person17.mp4,side,28,933,30.0,848,478,20,right_index,0.34859853982925415,0.28653860092163086,0.006447166670113802,0.4428500235080719,0.9958862662315369
side_person17.mp4,side,28,933,30.0,848,478,21,left_thumb,0.33604007959365845,0.26696333289146423,-0.2989822030067444,0.9240570068359375,0.9960989952087402
side_person17.mp4,side,28,933,30.0,848,478,22,right_thumb,0.3525102734565735,0.28647467494010925,0.029512882232666016,0.45785409212112427,0.9958992600440979
side_person17.mp4,side,28,933,30.0,848,478,23,left_hip,0.5460624694824219,0.5027719140052795,-0.1171540915966034,0.9954621195793152,0.9968059062957764
side_person17.mp4,side,28,933,30.0,848,478,24,right_hip,0.5300394296646118,0.502242386341095,0.11710293591022491,0.9905648231506348,0.9951720833778381
side_person17.mp4,side,28,933,30.0,848,478,25,left_knee,0.5129396319389343,0.7030957341194153,-0.05110367387533188,0.8636401891708374,0.998621940612793
side_person17.mp4,side,28,933,30.0,848,478,26,right_knee,0.4957978129386902,0.6850712299346924,0.18847021460533142,0.2200598120689392,0.9973586201667786
side_person17.mp4,side,28,933,30.0,848,478,27,left_ankle,0.5043300986289978,0.8990496397018433,0.04606858640909195,0.9470469951629639,0.9962466359138489
side_person17.mp4,side,28,933,30.0,848,478,28,right_ankle,0.5017825961112976,0.866830050945282,0.2968764305114746,0.534834623336792,0.99783855676651
side_person17.mp4,side,28,933,30.0,848,478,29,left_heel,0.5137022733688354,0.9305967688560486,0.050886474549770355,0.9501093029975891,0.9931886196136475
side_person17.mp4,side,28,933,30.0,848,478,30,right_heel,0.5100098848342896,0.8980624079704285,0.30544206500053406,0.703152596950531,0.9964435696601868
side_person17.mp4,side,28,933,30.0,848,478,31,left_foot_index,0.4604567289352417,0.9290972948074341,-0.032744936645030975,0.9422431588172913,0.9948571920394897
side_person17.mp4,side,28,933,30.0,848,478,32,right_foot_index,0.46241748332977295,0.8980891704559326,0.24066300690174103,0.7415173053741455,0.9979363679885864
side_person17.mp4,side,29,967,30.0,848,478,0,nose,0.4707432985305786,0.191625714302063,-0.10802735388278961,0.9934460520744324,0.9981770515441895
side_person17.mp4,side,29,967,30.0,848,478,1,left_eye_inner,0.4730880558490753,0.1697256863117218,-0.1313370019197464,0.9930812120437622,0.9979945421218872
side_person17.mp4,side,29,967,30.0,848,478,2,left_eye,0.4744388163089752,0.16841788589954376,-0.13138717412948608,0.993385374546051,0.9980025887489319
side_person17.mp4,side,29,967,30.0,848,478,3,left_eye_outer,0.47585758566856384,0.16705578565597534,-0.13138747215270996,0.9941797852516174,0.9979362487792969
side_person17.mp4,side,29,967,30.0,848,478,4,right_eye_inner,0.47299158573150635,0.1697913408279419,-0.09418924897909164,0.9905481934547424,0.9980734586715698
side_person17.mp4,side,29,967,30.0,848,478,5,right_eye,0.47418054938316345,0.16855169832706451,-0.09416093677282333,0.9895418286323547,0.9981034994125366
side_person17.mp4,side,29,967,30.0,848,478,6,right_eye_outer,0.4755859076976776,0.16714827716350555,-0.09419721364974976,0.9921653866767883,0.9980879426002502
side_person17.mp4,side,29,967,30.0,848,478,7,left_ear,0.49049457907676697,0.16616404056549072,-0.1818312555551529,0.992078959941864,0.9980435371398926
side_person17.mp4,side,29,967,30.0,848,478,8,right_ear,0.4896855652332306,0.16626127064228058,-0.016259003430604935,0.9860615730285645,0.9980359673500061
side_person17.mp4,side,29,967,30.0,848,478,9,mouth_left,0.47870928049087524,0.2049665004014969,-0.12316898256540298,0.993602454662323,0.9988256096839905
side_person17.mp4,side,29,967,30.0,848,478,10,mouth_right,0.4787038266658783,0.2060128003358841,-0.07477791607379913,0.9891204237937927,0.9987665414810181
side_person17.mp4,side,29,967,30.0,848,478,11,left_shoulder,0.5164963603019714,0.24353653192520142,-0.2701877951622009,0.9996052980422974,0.9983834028244019
side_person17.mp4,side,29,967,30.0,848,478,12,right_shoulder,0.5127224326133728,0.2600399851799011,0.10873018950223923,0.9974420666694641,0.9978691339492798
side_person17.mp4,side,29,967,30.0,848,478,13,left_elbow,0.42599523067474365,0.27329856157302856,-0.35058560967445374,0.9913197755813599,0.9984949827194214
side_person17.mp4,side,29,967,30.0,848,478,14,right_elbow,0.4406363070011139,0.29459771513938904,0.13826635479927063,0.3032226264476776,0.9991118311882019
side_person17.mp4,side,29,967,30.0,848,478,15,left_wrist,0.35032930970191956,0.27479103207588196,-0.32918375730514526,0.9743886590003967,0.9961407780647278
side_person17.mp4,side,29,967,30.0,848,478,16,right_wrist,0.3674543797969818,0.290121465921402,0.0361161008477211,0.4197922945022583,0.9966192245483398
side_person17.mp4,side,29,967,30.0,848,478,17,left_pinky,0.3300771117210388,0.27547869086265564,-0.38061752915382385,0.958432137966156,0.9957810640335083
side_person17.mp4,side,29,967,30.0,848,478,18,right_pinky,0.34935909509658813,0.2939938008785248,0.032018158584833145,0.4180484414100647,0.9960592985153198
side_person17.mp4,side,29,967,30.0,848,478,19,left_index,0.3287457227706909,0.2707812190055847,-0.35405439138412476,0.9545032978057861,0.9956991672515869
side_person17.mp4,side,29,967,30.0,848,478,20,right_index,0.345801442861557,0.2915589213371277,-0.008767385967075825,0.44000279903411865,0.9953546524047852
side_person17.mp4,side,29,967,30.0,848,478,21,left_thumb,0.33546799421310425,0.27409103512763977,-0.3202301263809204,0.9244061708450317,0.9956725835800171
side_person17.mp4,side,29,967,30.0,848,478,22,right_thumb,0.34997275471687317,0.2913813292980194,0.014399155974388123,0.4556330740451813,0.9954736828804016
side_person17.mp4,side,29,967,30.0,848,478,23,left_hip,0.5480697751045227,0.5074282884597778,-0.11626287549734116,0.9954673647880554,0.9963417649269104
side_person17.mp4,side,29,967,30.0,848,478,24,right_hip,0.5323599576950073,0.5065065026283264,0.1162336990237236,0.9905479550361633,0.9950160384178162
side_person17.mp4,side,29,967,30.0,848,478,25,left_knee,0.5132333636283875,0.7078465223312378,-0.05212405323982239,0.8686412572860718,0.9978755712509155
side_person17.mp4,side,29,967,30.0,848,478,26,right_knee,0.49339795112609863,0.6869654059410095,0.17444603145122528,0.22979536652565002,0.9964805245399475
side_person17.mp4,side,29,967,30.0,848,478,27,left_ankle,0.5037268996238708,0.8989815711975098,0.04722478613257408,0.9473351836204529,0.9940575361251831
side_person17.mp4,side,29,967,30.0,848,478,28,right_ankle,0.4995880424976349,0.8667964935302734,0.29311463236808777,0.5385977625846863,0.9973160624504089
side_person17.mp4,side,29,967,30.0,848,478,29,left_heel,0.5126902461051941,0.9308803081512451,0.05226792022585869,0.9485083818435669,0.9899882674217224
side_person17.mp4,side,29,967,30.0,848,478,30,right_heel,0.5084738731384277,0.897765040397644,0.3024889826774597,0.7044885158538818,0.9956010580062866
side_person17.mp4,side,29,967,30.0,848,478,31,left_foot_index,0.46029868721961975,0.9284266829490662,-0.0316370464861393,0.9414094686508179,0.9923412799835205
side_person17.mp4,side,29,967,30.0,848,478,32,right_foot_index,0.46045878529548645,0.898230254650116,0.23800210654735565,0.7402369379997253,0.9970844388008118
side_person17.mp4,side,30,1000,30.0,848,478,0,nose,0.46932440996170044,0.19890573620796204,-0.10869978368282318,0.9938743114471436,0.9986974596977234
side_person17.mp4,side,30,1000,30.0,848,478,1,left_eye_inner,0.47138842940330505,0.17798754572868347,-0.13259269297122955,0.9935210943222046,0.9985664486885071
side_person17.mp4,side,30,1000,30.0,848,478,2,left_eye,0.4728315770626068,0.1767364740371704,-0.13263750076293945,0.9938130974769592,0.9985802173614502
side_person17.mp4,side,30,1000,30.0,848,478,3,left_eye_outer,0.47436022758483887,0.17540501058101654,-0.13263875246047974,0.9945688843727112,0.9985332489013672
side_person17.mp4,side,30,1000,30.0,848,478,4,right_eye_inner,0.471170574426651,0.17800688743591309,-0.0951627865433693,0.9911689758300781,0.9986055493354797
side_person17.mp4,side,30,1000,30.0,848,478,5,right_eye,0.4723290205001831,0.1768450289964676,-0.09513134509325027,0.9902425408363342,0.9986169338226318
side_person17.mp4,side,30,1000,30.0,848,478,6,right_eye_outer,0.47371771931648254,0.17553500831127167,-0.0951685830950737,0.9927003383636475,0.9985968470573425
side_person17.mp4,side,30,1000,30.0,848,478,7,left_ear,0.4890137314796448,0.17438413202762604,-0.18459105491638184,0.9925581812858582,0.9985608458518982
side_person17.mp4,side,30,1000,30.0,848,478,8,right_ear,0.487798810005188,0.1743123084306717,-0.017808130010962486,0.9870301485061646,0.9985664486885071
side_person17.mp4,side,30,1000,30.0,848,478,9,mouth_left,0.4776492118835449,0.21281947195529938,-0.12430233508348465,0.9939372539520264,0.9989626407623291
side_person17.mp4,side,30,1000,30.0,848,478,10,mouth_right,0.4774944484233856,0.21369007229804993,-0.07558995485305786,0.9896932244300842,0.9988865256309509
side_person17.mp4,side,30,1000,30.0,848,478,11,left_shoulder,0.5158370137214661,0.251475989818573,-0.2707878053188324,0.9995914101600647,0.9983413219451904
side_person17.mp4,side,30,1000,30.0,848,478,12,right_shoulder,0.5125209093093872,0.2617613673210144,0.10508369654417038,0.9974347352981567,0.9981009364128113
side_person17.mp4,side,30,1000,30.0,848,478,13,left_elbow,0.42634856700897217,0.2853541672229767,-0.34947842359542847,0.9911657571792603,0.9983545541763306
side_person17.mp4,side,30,1000,30.0,848,478,14,right_elbow,0.4406594932079315,0.2965284287929535,0.13428044319152832,0.3030335307121277,0.9990946054458618
side_person17.mp4,side,30,1000,30.0,848,478,15,left_wrist,0.35080569982528687,0.2841642200946808,-0.31617215275764465,0.9740045666694641,0.9959110021591187
side_person17.mp4,side,30,1000,30.0,848,478,16,right_wrist,0.3674030900001526,0.29537636041641235,0.0351421982049942,0.41296106576919556,0.996476948261261
side_person17.mp4,side,30,1000,30.0,848,478,17,left_pinky,0.33033815026283264,0.2831530272960663,-0.3647755980491638,0.9580668210983276,0.9956296682357788
side_person17.mp4,side,30,1000,30.0,848,478,18,right_pinky,0.3513566851615906,0.2989174425601959,0.030581103637814522,0.41248658299446106,0.9959140419960022
side_person17.mp4,side,30,1000,30.0,848,478,19,left_index,0.3293278217315674,0.2797292172908783,-0.34136441349983215,0.9541058540344238,0.9955839514732361
side_person17.mp4,side,30,1000,30.0,848,478,20,right_index,0.34610065817832947,0.2969752848148346,-0.008385522291064262,0.4347400665283203,0.9953077435493469
side_person17.mp4,side,30,1000,30.0,848,478,21,left_thumb,0.3365062177181244,0.28166621923446655,-0.30830034613609314,0.9239012598991394,0.9955534338951111
side_person17.mp4,side,30,1000,30.0,848,478,22,right_thumb,0.3501473665237427,0.29743996262550354,0.014110763557255268,0.4508611857891083,0.9953871369361877
side_person17.mp4,side,30,1000,30.0,848,478,23,left_hip,0.5501664280891418,0.5110359787940979,-0.11537105590105057,0.9955629110336304,0.9977049231529236
side_person17.mp4,side,30,1000,30.0,848,478,24,right_hip,0.5333302617073059,0.5091699957847595,0.11536567658185959,0.9907743334770203,0.9970492720603943
side_person17.mp4,side,30,1000,30.0,848,478,25,left_knee,0.5139021873474121,0.7085722088813782,-0.07491658627986908,0.8736312985420227,0.9980962872505188
side_person17.mp4,side,30,1000,30.0,848,478,26,right_knee,0.49095234274864197,0.6868574619293213,0.14727027714252472,0.24493499100208282,0.9967138767242432
side_person17.mp4,side,30,1000,30.0,848,478,27,left_ankle,0.5037374496459961,0.8991305232048035,0.01553002092987299,0.9477946758270264,0.993285059928894
side_person17.mp4,side,30,1000,30.0,848,478,28,right_ankle,0.49919506907463074,0.8676153421401978,0.2565585672855377,0.5427798628807068,0.9970832467079163
side_person17.mp4,side,30,1000,30.0,848,478,29,left_heel,0.5126941204071045,0.9311843514442444,0.01974218711256981,0.9463524222373962,0.9886032342910767
side_person17.mp4,side,30,1000,30.0,848,478,30,right_heel,0.5064381957054138,0.8975523710250854,0.2650918960571289,0.7046615481376648,0.9953063130378723
side_person17.mp4,side,30,1000,30.0,848,478,31,left_foot_index,0.4603124260902405,0.9284554719924927,-0.061508793383836746,0.9404649138450623,0.9903754591941833
side_person17.mp4,side,30,1000,30.0,848,478,32,right_foot_index,0.4604494571685791,0.9000428915023804,0.2056165486574173,0.7367324829101562,0.9962976574897766
side_person17.mp4,side,31,1033,30.0,848,478,0,nose,0.46766239404678345,0.2062363475561142,-0.10891896486282349,0.9942487478256226,0.9974398612976074
side_person17.mp4,side,31,1033,30.0,848,478,1,left_eye_inner,0.4697802662849426,0.18556128442287445,-0.13284790515899658,0.9938971996307373,0.9972553849220276
side_person17.mp4,side,31,1033,30.0,848,478,2,left_eye,0.471250057220459,0.18443265557289124,-0.13289467990398407,0.9941751956939697,0.9973006844520569
side_person17.mp4,side,31,1033,30.0,848,478,3,left_eye_outer,0.4728122651576996,0.1832607388496399,-0.13290069997310638,0.9949074387550354,0.997260332107544
side_person17.mp4,side,31,1033,30.0,848,478,4,right_eye_inner,0.4695664048194885,0.18556851148605347,-0.09540864825248718,0.9917107820510864,0.9973445534706116
side_person17.mp4,side,31,1033,30.0,848,478,5,right_eye,0.4707488715648651,0.18449419736862183,-0.09538370370864868,0.9908533096313477,0.9973993301391602
side_person17.mp4,side,31,1033,30.0,848,478,6,right_eye_outer,0.4721704125404358,0.18329313397407532,-0.09542420506477356,0.9931730031967163,0.9974077343940735
side_person17.mp4,side,31,1033,30.0,848,478,7,left_ear,0.48732876777648926,0.18282051384449005,-0.18456612527370453,0.9929580688476562,0.9973840117454529
side_person17.mp4,side,31,1033,30.0,848,478,8,right_ear,0.48611322045326233,0.1823396533727646,-0.017712563276290894,0.9879276156425476,0.9974599480628967
side_person17.mp4,side,31,1033,30.0,848,478,9,mouth_left,0.4761456251144409,0.22063538432121277,-0.12440257519483566,0.9942070841789246,0.9980552196502686
side_person17.mp4,side,31,1033,30.0,848,478,10,mouth_right,0.47592347860336304,0.22142307460308075,-0.07567198574542999,0.9901658296585083,0.9978975057601929
side_person17.mp4,side,31,1033,30.0,848,478,11,left_shoulder,0.5140159726142883,0.26014935970306396,-0.2708807587623596,0.9995690584182739,0.9973638653755188
side_person17.mp4,side,31,1033,30.0,848,478,12,right_shoulder,0.5113551616668701,0.26823461055755615,0.10477982461452484,0.9974087476730347,0.9970443844795227
side_person17.mp4,side,31,1033,30.0,848,478,13,left_elbow,0.42561739683151245,0.29334309697151184,-0.3491421937942505,0.990986704826355,0.9977322816848755
side_person17.mp4,side,31,1033,30.0,848,478,14,right_elbow,0.44005388021469116,0.302701860666275,0.1326180100440979,0.30203017592430115,0.998759388923645
side_person17.mp4,side,31,1033,30.0,848,478,15,left_wrist,0.34857267141342163,0.2929766774177551,-0.3170778751373291,0.9740499258041382,0.9932606816291809
side_person17.mp4,side,31,1033,30.0,848,478,16,right_wrist,0.3666010797023773,0.30313754081726074,0.035733312368392944,0.40457645058631897,0.9927010536193848
side_person17.mp4,side,31,1033,30.0,848,478,17,left_pinky,0.3295286297798157,0.29226380586624146,-0.36608970165252686,0.958335816860199,0.9925684928894043
side_person17.mp4,side,31,1033,30.0,848,478,18,right_pinky,0.3506036400794983,0.306362509727478,0.031505558639764786,0.4048074781894684,0.9915133118629456
side_person17.mp4,side,31,1033,30.0,848,478,19,left_index,0.3279403746128082,0.28657445311546326,-0.34251466393470764,0.9543697834014893,0.9924815893173218
side_person17.mp4,side,31,1033,30.0,848,478,20,right_index,0.3449035882949829,0.305038183927536,-0.0073999366723001,0.42708805203437805,0.9899170994758606
side_person17.mp4,side,31,1033,30.0,848,478,21,left_thumb,0.33504700660705566,0.29038840532302856,-0.3095213770866394,0.9242711067199707,0.9923875331878662
side_person17.mp4,side,31,1033,30.0,848,478,22,right_thumb,0.34880295395851135,0.30565521121025085,0.014715705998241901,0.4440637528896332,0.9899731874465942
side_person17.mp4,side,31,1033,30.0,848,478,23,left_hip,0.5527048110961914,0.5161675214767456,-0.1139557957649231,0.9956295490264893,0.9972746968269348
side_person17.mp4,side,31,1033,30.0,848,478,24,right_hip,0.5347502827644348,0.5143941640853882,0.11397072672843933,0.9910665154457092,0.9967700242996216
side_person17.mp4,side,31,1033,30.0,848,478,25,left_knee,0.5138911604881287,0.7152402400970459,-0.07830263674259186,0.8798099160194397,0.9964356422424316
side_person17.mp4,side,31,1033,30.0,848,478,26,right_knee,0.4857458174228668,0.6868124008178711,0.13053365051746368,0.26660090684890747,0.9948816299438477
side_person17.mp4,side,31,1033,30.0,848,478,27,left_ankle,0.5040242075920105,0.8996360898017883,0.018261533230543137,0.9485579133033752,0.9882391691207886
side_person17.mp4,side,31,1033,30.0,848,478,28,right_ankle,0.49849066138267517,0.8738664388656616,0.24698208272457123,0.5521909594535828,0.9957119226455688
side_person17.mp4,side,31,1033,30.0,848,478,29,left_heel,0.5130945444107056,0.9311660528182983,0.023441361263394356,0.9437882900238037,0.9820992946624756
side_person17.mp4,side,31,1033,30.0,848,478,30,right_heel,0.5056911706924438,0.9030627608299255,0.2562728524208069,0.7056945562362671,0.9932583570480347
side_person17.mp4,side,31,1033,30.0,848,478,31,left_foot_index,0.46121615171432495,0.928455650806427,-0.055649664252996445,0.9397205114364624,0.9846435785293579
side_person17.mp4,side,31,1033,30.0,848,478,32,right_foot_index,0.4603112041950226,0.907850444316864,0.19603727757930756,0.7350839972496033,0.9940065145492554
side_person17.mp4,side,32,1067,30.0,848,478,0,nose,0.4662344455718994,0.2178988754749298,-0.09909291565418243,0.9944915175437927,0.9960557222366333
side_person17.mp4,side,32,1067,30.0,848,478,1,left_eye_inner,0.4680432379245758,0.1967574954032898,-0.12250227481126785,0.9941594004631042,0.9960221648216248
side_person17.mp4,side,32,1067,30.0,848,478,2,left_eye,0.46945422887802124,0.19548968970775604,-0.12255533039569855,0.9944320321083069,0.9961174726486206
side_person17.mp4,side,32,1067,30.0,848,478,3,left_eye_outer,0.4709729552268982,0.1941908299922943,-0.1225743219256401,0.9951720237731934,0.9960848093032837
side_person17.mp4,side,32,1067,30.0,848,478,4,right_eye_inner,0.46782663464546204,0.1968138962984085,-0.08594725281000137,0.992094099521637,0.9959971904754639
side_person17.mp4,side,32,1067,30.0,848,478,5,right_eye,0.46900489926338196,0.1956312656402588,-0.08593307435512543,0.9912962317466736,0.9960403442382812
side_person17.mp4,side,32,1067,30.0,848,478,6,right_eye_outer,0.47046422958374023,0.19429343938827515,-0.08597695827484131,0.9935352802276611,0.9960021376609802
side_person17.mp4,side,32,1067,30.0,848,478,7,left_ear,0.4852677583694458,0.19316783547401428,-0.1742403209209442,0.9932244420051575,0.9963601231575012
side_person17.mp4,side,32,1067,30.0,848,478,8,right_ear,0.48438769578933716,0.19272278249263763,-0.01135852187871933,0.988625168800354,0.9960915446281433
side_person17.mp4,side,32,1067,30.0,848,478,9,mouth_left,0.4748181998729706,0.2312164008617401,-0.1147707924246788,0.994356632232666,0.9972811937332153
side_person17.mp4,side,32,1067,30.0,848,478,10,mouth_right,0.47463467717170715,0.23211807012557983,-0.06720780581235886,0.9903948307037354,0.9969161748886108
side_person17.mp4,side,32,1067,30.0,848,478,11,left_shoulder,0.5106035470962524,0.2700732350349426,-0.2586274743080139,0.9995278716087341,0.996415376663208
side_person17.mp4,side,32,1067,30.0,848,478,12,right_shoulder,0.5110766291618347,0.27716732025146484,0.10730963945388794,0.9972605109214783,0.9956822395324707
side_person17.mp4,side,32,1067,30.0,848,478,13,left_elbow,0.4236261546611786,0.30435410141944885,-0.32736432552337646,0.9905657768249512,0.9973510503768921
side_person17.mp4,side,32,1067,30.0,848,478,14,right_elbow,0.43961843848228455,0.31272444128990173,0.14038130640983582,0.29770568013191223,0.9982153177261353
side_person17.mp4,side,32,1067,30.0,848,478,15,left_wrist,0.34687116742134094,0.30275583267211914,-0.2882789671421051,0.9736931920051575,0.9919347763061523
side_person17.mp4,side,32,1067,30.0,848,478,16,right_wrist,0.3673139214515686,0.32907259464263916,0.05376455932855606,0.39241471886634827,0.9905043244361877
side_person17.mp4,side,32,1067,30.0,848,478,17,left_pinky,0.3285139799118042,0.2987777888774872,-0.3335362672805786,0.9581571817398071,0.9909383058547974
side_person17.mp4,side,32,1067,30.0,848,478,18,right_pinky,0.350639283657074,0.3142153024673462,0.051482923328876495,0.39427071809768677,0.9891107678413391
side_person17.mp4,side,32,1067,30.0,848,478,19,left_index,0.3275398015975952,0.2944926917552948,-0.310136079788208,0.9541542530059814,0.9906976819038391
side_person17.mp4,side,32,1067,30.0,848,478,20,right_index,0.3508663475513458,0.31182438135147095,0.014049606397747993,0.41628706455230713,0.9870707392692566
side_person17.mp4,side,32,1067,30.0,848,478,21,left_thumb,0.3340027928352356,0.29842832684516907,-0.2802315652370453,0.9241300225257874,0.9908232688903809
side_person17.mp4,side,32,1067,30.0,848,478,22,right_thumb,0.3489254415035248,0.3149994909763336,0.03373827412724495,0.43395984172821045,0.9871999025344849
side_person17.mp4,side,32,1067,30.0,848,478,23,left_hip,0.5540818572044373,0.524025559425354,-0.11202002316713333,0.9956493377685547,0.9966277480125427
side_person17.mp4,side,32,1067,30.0,848,478,24,right_hip,0.5368388295173645,0.5216388702392578,0.1120486631989479,0.9911442995071411,0.9954953193664551
side_person17.mp4,side,32,1067,30.0,848,478,25,left_knee,0.5128954648971558,0.7216220498085022,-0.0769895613193512,0.8843522667884827,0.9955614805221558
side_person17.mp4,side,32,1067,30.0,848,478,26,right_knee,0.48503345251083374,0.6874945163726807,0.13250765204429626,0.2815168499946594,0.9924535155296326
side_person17.mp4,side,32,1067,30.0,848,478,27,left_ankle,0.5046315789222717,0.9005191922187805,0.017748665064573288,0.9481815695762634,0.9833512902259827
side_person17.mp4,side,32,1067,30.0,848,478,28,right_ankle,0.49860653281211853,0.87431800365448,0.24302077293395996,0.5536365509033203,0.993886411190033
side_person17.mp4,side,32,1067,30.0,848,478,29,left_heel,0.513300359249115,0.9317821264266968,0.023089386522769928,0.9402772784233093,0.9748148322105408
side_person17.mp4,side,32,1067,30.0,848,478,30,right_heel,0.505882203578949,0.9028576612472534,0.25207412242889404,0.7018981575965881,0.9908122420310974
side_person17.mp4,side,32,1067,30.0,848,478,31,left_foot_index,0.4612331986427307,0.9281913638114929,-0.05240536108613014,0.9377101063728333,0.9794148802757263
side_person17.mp4,side,32,1067,30.0,848,478,32,right_foot_index,0.4605311155319214,0.9070101976394653,0.19658973813056946,0.7294915914535522,0.992306649684906
side_person17.mp4,side,33,1100,30.0,848,478,0,nose,0.4653247594833374,0.2290007472038269,-0.10399552434682846,0.9946765303611755,0.9955850839614868
side_person17.mp4,side,33,1100,30.0,848,478,1,left_eye_inner,0.4667930006980896,0.2081523835659027,-0.12745730578899384,0.9943531155586243,0.9956679344177246
side_person17.mp4,side,33,1100,30.0,848,478,2,left_eye,0.4681071639060974,0.2068980634212494,-0.12751376628875732,0.9946199655532837,0.9957951307296753
side_person17.mp4,side,33,1100,30.0,848,478,3,left_eye_outer,0.46955692768096924,0.20566603541374207,-0.1275438815355301,0.995386004447937,0.995820164680481
side_person17.mp4,side,33,1100,30.0,848,478,4,right_eye_inner,0.46650925278663635,0.20828601717948914,-0.09134498983621597,0.9923698306083679,0.9956075549125671
side_person17.mp4,side,33,1100,30.0,848,478,5,right_eye,0.4676116406917572,0.207053080201149,-0.09133803099393845,0.9916167259216309,0.9956614375114441
side_person17.mp4,side,33,1100,30.0,848,478,6,right_eye_outer,0.46900129318237305,0.20565341413021088,-0.09138069301843643,0.9938054084777832,0.995591402053833
side_person17.mp4,side,33,1100,30.0,848,478,7,left_ear,0.48353955149650574,0.20399169623851776,-0.17921680212020874,0.9933910965919495,0.9961357116699219
side_person17.mp4,side,33,1100,30.0,848,478,8,right_ear,0.4825201630592346,0.2032313495874405,-0.018245240673422813,0.9891507625579834,0.995829164981842
side_person17.mp4,side,33,1100,30.0,848,478,9,mouth_left,0.4736192226409912,0.24181951582431793,-0.11968105286359787,0.994370698928833,0.9966678023338318
side_person17.mp4,side,33,1100,30.0,848,478,10,mouth_right,0.47336041927337646,0.24272654950618744,-0.07262606173753738,0.9903108477592468,0.9961810111999512
side_person17.mp4,side,33,1100,30.0,848,478,11,left_shoulder,0.5100682377815247,0.2789829969406128,-0.259410560131073,0.9994508028030396,0.9952775239944458
side_person17.mp4,side,33,1100,30.0,848,478,12,right_shoulder,0.510408341884613,0.28457388281822205,0.09874966740608215,0.9969606399536133,0.9949840307235718
side_person17.mp4,side,33,1100,30.0,848,478,13,left_elbow,0.4224649965763092,0.3155312240123749,-0.3289712071418762,0.9894471764564514,0.9961913824081421
side_person17.mp4,side,33,1100,30.0,848,478,14,right_elbow,0.43703898787498474,0.3205849230289459,0.12758342921733856,0.2902192175388336,0.9979231953620911
side_person17.mp4,side,33,1100,30.0,848,478,15,left_wrist,0.34468594193458557,0.314391553401947,-0.28860992193222046,0.97170090675354,0.9863004684448242
side_person17.mp4,side,33,1100,30.0,848,478,16,right_wrist,0.3681248724460602,0.33875179290771484,0.04645043984055519,0.3753073513507843,0.9872612953186035
side_person17.mp4,side,33,1100,30.0,848,478,17,left_pinky,0.32682788372039795,0.3090280592441559,-0.33257365226745605,0.956119954586029,0.9850635528564453
side_person17.mp4,side,33,1100,30.0,848,478,18,right_pinky,0.3482617437839508,0.31998762488365173,0.044065218418836594,0.37889495491981506,0.9852877855300903
side_person17.mp4,side,33,1100,30.0,848,478,19,left_index,0.32679659128189087,0.3043048083782196,-0.3104483485221863,0.9519796371459961,0.9848093390464783
side_person17.mp4,side,33,1100,30.0,848,478,20,right_index,0.3535792827606201,0.3179241120815277,0.008797027170658112,0.4001952111721039,0.9822074770927429
side_person17.mp4,side,33,1100,30.0,848,478,21,left_thumb,0.3324926197528839,0.3084128499031067,-0.28098762035369873,0.9211976528167725,0.9846258759498596
side_person17.mp4,side,33,1100,30.0,848,478,22,right_thumb,0.3534684479236603,0.32647013664245605,0.027228359133005142,0.41835352778434753,0.9826040863990784
side_person17.mp4,side,33,1100,30.0,848,478,23,left_hip,0.5564535856246948,0.5306591391563416,-0.11068148165941238,0.9956836700439453,0.9975547194480896
side_person17.mp4,side,33,1100,30.0,848,478,24,right_hip,0.5385655164718628,0.5276716351509094,0.11072583496570587,0.9912652969360352,0.997061550617218
side_person17.mp4,side,33,1100,30.0,848,478,25,left_knee,0.5103996992111206,0.7248194813728333,-0.08290883898735046,0.8885980844497681,0.9957131147384644
side_person17.mp4,side,33,1100,30.0,848,478,26,right_knee,0.4812515079975128,0.6874750256538391,0.12190341204404831,0.30064013600349426,0.9938187003135681
side_person17.mp4,side,33,1100,30.0,848,478,27,left_ankle,0.5046443343162537,0.9019074440002441,0.00990970153361559,0.9481367468833923,0.9851415157318115
side_person17.mp4,side,33,1100,30.0,848,478,28,right_ankle,0.49627944827079773,0.8748313784599304,0.23590469360351562,0.557220995426178,0.9956268072128296
side_person17.mp4,side,33,1100,30.0,848,478,29,left_heel,0.5133671164512634,0.9310919046401978,0.015465442091226578,0.9372710585594177,0.9782155156135559
side_person17.mp4,side,33,1100,30.0,848,478,30,right_heel,0.5056108236312866,0.9026858806610107,0.2456217110157013,0.6998029351234436,0.9935562014579773
side_person17.mp4,side,33,1100,30.0,848,478,31,left_foot_index,0.4611169695854187,0.9283921718597412,-0.05438528582453728,0.9361923933029175,0.9809536933898926
side_person17.mp4,side,33,1100,30.0,848,478,32,right_foot_index,0.4599679112434387,0.9069492220878601,0.1969020962715149,0.724322497844696,0.9936514496803284
side_person17.mp4,side,34,1133,30.0,848,478,0,nose,0.4636404514312744,0.2380446046590805,-0.10607577115297318,0.9948443174362183,0.9942171573638916
side_person17.mp4,side,34,1133,30.0,848,478,1,left_eye_inner,0.4652186632156372,0.21795795857906342,-0.12944772839546204,0.9945423007011414,0.9943230152130127
side_person17.mp4,side,34,1133,30.0,848,478,2,left_eye,0.466694176197052,0.21667662262916565,-0.12950736284255981,0.9947971701622009,0.9945017099380493
side_person17.mp4,side,34,1133,30.0,848,478,3,left_eye_outer,0.4682665169239044,0.21542082726955414,-0.1295454055070877,0.9955853223800659,0.9945251941680908
side_person17.mp4,side,34,1133,30.0,848,478,4,right_eye_inner,0.46471717953681946,0.21818314492702484,-0.09375087171792984,0.9926432967185974,0.9941524863243103
side_person17.mp4,side,34,1133,30.0,848,478,5,right_eye,0.4657212495803833,0.21704421937465668,-0.0937536433339119,0.991929292678833,0.9942346215248108
side_person17.mp4,side,34,1133,30.0,848,478,6,right_eye_outer,0.46696701645851135,0.21571841835975647,-0.09379512071609497,0.9940604567527771,0.9941285848617554
side_person17.mp4,side,34,1133,30.0,848,478,7,left_ear,0.48179662227630615,0.21360015869140625,-0.18030306696891785,0.9935458898544312,0.9950397610664368
side_person17.mp4,side,34,1133,30.0,848,478,8,right_ear,0.48016318678855896,0.21303200721740723,-0.02121705748140812,0.9896616339683533,0.9946375489234924
side_person17.mp4,side,34,1133,30.0,848,478,9,mouth_left,0.4720454812049866,0.25028347969055176,-0.1212802529335022,0.994350016117096,0.99519944190979
side_person17.mp4,side,34,1133,30.0,848,478,10,mouth_right,0.4714916944503784,0.2511312961578369,-0.07477552443742752,0.9901646971702576,0.9945070147514343
side_person17.mp4,side,34,1133,30.0,848,478,11,left_shoulder,0.5070444345474243,0.2896271049976349,-0.2609736919403076,0.9993510246276855,0.9936111569404602
side_person17.mp4,side,34,1133,30.0,848,478,12,right_shoulder,0.5083082914352417,0.29358142614364624,0.09552135318517685,0.9966332912445068,0.9934422969818115
side_person17.mp4,side,34,1133,30.0,848,478,13,left_elbow,0.42179957032203674,0.32672569155693054,-0.3200438916683197,0.9882429242134094,0.9957354068756104
side_person17.mp4,side,34,1133,30.0,848,478,14,right_elbow,0.43533989787101746,0.33083561062812805,0.12347889691591263,0.28094789385795593,0.9974600672721863
side_person17.mp4,side,34,1133,30.0,848,478,15,left_wrist,0.3437635600566864,0.3248588442802429,-0.26160722970962524,0.9694980382919312,0.9854564070701599
side_person17.mp4,side,34,1133,30.0,848,478,16,right_wrist,0.3686847984790802,0.3520786166191101,0.0460289791226387,0.3570827841758728,0.9834941625595093
side_person17.mp4,side,34,1133,30.0,848,478,17,left_pinky,0.32497161626815796,0.32116082310676575,-0.30244338512420654,0.9537172913551331,0.9838634729385376
side_person17.mp4,side,34,1133,30.0,848,478,18,right_pinky,0.34821271896362305,0.32822731137275696,0.043759796768426895,0.36218589544296265,0.9811781644821167
side_person17.mp4,side,34,1133,30.0,848,478,19,left_index,0.3247801661491394,0.31621140241622925,-0.28136226534843445,0.9494513869285583,0.9835188984870911
side_person17.mp4,side,34,1133,30.0,848,478,20,right_index,0.3547971844673157,0.33058133721351624,0.008737259544432163,0.38266438245773315,0.9773264527320862
side_person17.mp4,side,34,1133,30.0,848,478,21,left_thumb,0.33210229873657227,0.31953519582748413,-0.25390681624412537,0.9180037975311279,0.9834310412406921
side_person17.mp4,side,34,1133,30.0,848,478,22,right_thumb,0.3556276857852936,0.34056469798088074,0.027031153440475464,0.4012642502784729,0.9775009155273438
side_person17.mp4,side,34,1133,30.0,848,478,23,left_hip,0.5585513710975647,0.5402131080627441,-0.10951895266771317,0.9957230091094971,0.9976296424865723
side_person17.mp4,side,34,1133,30.0,848,478,24,right_hip,0.5405524969100952,0.5368473529815674,0.1095743179321289,0.9914342164993286,0.9973541498184204
side_person17.mp4,side,34,1133,30.0,848,478,25,left_knee,0.504967212677002,0.7283903360366821,-0.08024709671735764,0.893538773059845,0.9942891597747803
side_person17.mp4,side,34,1133,30.0,848,478,26,right_knee,0.4799209237098694,0.6897510290145874,0.1233404204249382,0.3206782341003418,0.9929245710372925
side_person17.mp4,side,34,1133,30.0,848,478,27,left_ankle,0.504492998123169,0.9034140706062317,0.015499391593039036,0.9484174847602844,0.9843595623970032
side_person17.mp4,side,34,1133,30.0,848,478,28,right_ankle,0.49464619159698486,0.8758413791656494,0.2401679903268814,0.5639084577560425,0.9952635765075684
side_person17.mp4,side,34,1133,30.0,848,478,29,left_heel,0.5133016109466553,0.9301641583442688,0.02104445919394493,0.9356003403663635,0.97804856300354
side_person17.mp4,side,34,1133,30.0,848,478,30,right_heel,0.5056194067001343,0.9048015475273132,0.25041964650154114,0.698544442653656,0.9930667877197266
side_person17.mp4,side,34,1133,30.0,848,478,31,left_foot_index,0.4609335660934448,0.9279752373695374,-0.04022786393761635,0.9353614449501038,0.9803358316421509
side_person17.mp4,side,34,1133,30.0,848,478,32,right_foot_index,0.45986640453338623,0.9068472385406494,0.20495256781578064,0.7204011678695679,0.992913544178009
side_person17.mp4,side,35,1167,30.0,848,478,0,nose,0.4622332751750946,0.2496010959148407,-0.10372361540794373,0.9950851798057556,0.9947591423988342
side_person17.mp4,side,35,1167,30.0,848,478,1,left_eye_inner,0.46373772621154785,0.2296556979417801,-0.12657146155834198,0.9947872161865234,0.994949221611023
side_person17.mp4,side,35,1167,30.0,848,478,2,left_eye,0.46502482891082764,0.2285154014825821,-0.12662431597709656,0.9950352907180786,0.9950295090675354
side_person17.mp4,side,35,1167,30.0,848,478,3,left_eye_outer,0.4664585292339325,0.22725054621696472,-0.12665912508964539,0.9958195090293884,0.9950160384178162
side_person17.mp4,side,35,1167,30.0,848,478,4,right_eye_inner,0.46336492896080017,0.2296781986951828,-0.09174712002277374,0.9930108189582825,0.9948545694351196
side_person17.mp4,side,35,1167,30.0,848,478,5,right_eye,0.46437719464302063,0.22849147021770477,-0.09176333993673325,0.9923552870750427,0.9948610663414001
side_person17.mp4,side,35,1167,30.0,848,478,6,right_eye_outer,0.46566176414489746,0.22700105607509613,-0.09180154651403427,0.9943931698799133,0.9947309494018555
side_person17.mp4,side,35,1167,30.0,848,478,7,left_ear,0.47956880927085876,0.22533243894577026,-0.17655347287654877,0.9937759041786194,0.9950947761535645
side_person17.mp4,side,35,1167,30.0,848,478,8,right_ear,0.4787883162498474,0.2242727428674698,-0.02017800323665142,0.9903128743171692,0.9948186278343201
side_person17.mp4,side,35,1167,30.0,848,478,9,mouth_left,0.47040247917175293,0.261576384305954,-0.11868930608034134,0.9944497346878052,0.9951764345169067
side_person17.mp4,side,35,1167,30.0,848,478,10,mouth_right,0.47004419565200806,0.2623356878757477,-0.07344840466976166,0.9903523325920105,0.9946194887161255
side_person17.mp4,side,35,1167,30.0,848,478,11,left_shoulder,0.5038172006607056,0.3038736879825592,-0.2570318579673767,0.9992581009864807,0.9919956922531128
side_person17.mp4,side,35,1167,30.0,848,478,12,right_shoulder,0.5082133412361145,0.30435502529144287,0.09748072922229767,0.9963953495025635,0.9926865100860596
side_person17.mp4,side,35,1167,30.0,848,478,13,left_elbow,0.4198698401451111,0.3398178815841675,-0.31731894612312317,0.9877299666404724,0.9959909319877625
side_person17.mp4,side,35,1167,30.0,848,478,14,right_elbow,0.4345349371433258,0.3407149016857147,0.12353285402059555,0.274242639541626,0.9974958300590515
side_person17.mp4,side,35,1167,30.0,848,478,15,left_wrist,0.33906063437461853,0.3331022560596466,-0.2722277045249939,0.9692301154136658,0.9846631288528442
side_person17.mp4,side,35,1167,30.0,848,478,16,right_wrist,0.3690367043018341,0.3618565499782562,0.044443391263484955,0.3417535126209259,0.9836983680725098
side_person17.mp4,side,35,1167,30.0,848,478,17,left_pinky,0.3214694559574127,0.33191874623298645,-0.3159089982509613,0.9537369012832642,0.9816458225250244
side_person17.mp4,side,35,1167,30.0,848,478,18,right_pinky,0.35090553760528564,0.3343578577041626,0.04202796891331673,0.3483412265777588,0.9812933802604675
side_person17.mp4,side,35,1167,30.0,848,478,19,left_index,0.3216176927089691,0.3260420858860016,-0.2927490770816803,0.9494953155517578,0.9812993407249451
side_person17.mp4,side,35,1167,30.0,848,478,20,right_index,0.3559032678604126,0.3405446708202362,0.0070975665003061295,0.3678559362888336,0.9772980213165283
side_person17.mp4,side,35,1167,30.0,848,478,21,left_thumb,0.32810521125793457,0.32821378111839294,-0.26428359746932983,0.9183279275894165,0.9815783500671387
side_person17.mp4,side,35,1167,30.0,848,478,22,right_thumb,0.3570050597190857,0.3514399528503418,0.025623461231589317,0.386678010225296,0.9775876402854919
side_person17.mp4,side,35,1167,30.0,848,478,23,left_hip,0.5586373805999756,0.5510920882225037,-0.10893043130636215,0.9958356618881226,0.9970510005950928
side_person17.mp4,side,35,1167,30.0,848,478,24,right_hip,0.5428944826126099,0.5461710095405579,0.10898083448410034,0.9917187690734863,0.9971079230308533
side_person17.mp4,side,35,1167,30.0,848,478,25,left_knee,0.49993300437927246,0.7326902747154236,-0.07951284199953079,0.8993735313415527,0.9933663010597229
side_person17.mp4,side,35,1167,30.0,848,478,26,right_knee,0.47872433066368103,0.6924194097518921,0.12141717225313187,0.33920857310295105,0.9924519658088684
side_person17.mp4,side,35,1167,30.0,848,478,27,left_ankle,0.5047249794006348,0.9048115015029907,0.018198370933532715,0.9494609832763672,0.9842602610588074
side_person17.mp4,side,35,1167,30.0,848,478,28,right_ankle,0.4950791895389557,0.8763781785964966,0.2381816953420639,0.5708056092262268,0.9954522252082825
side_person17.mp4,side,35,1167,30.0,848,478,29,left_heel,0.5144742727279663,0.9297975301742554,0.023621778935194016,0.9359185695648193,0.9790828824043274
side_person17.mp4,side,35,1167,30.0,848,478,30,right_heel,0.5068236589431763,0.9082391262054443,0.2486427128314972,0.7009939551353455,0.993362307548523
side_person17.mp4,side,35,1167,30.0,848,478,31,left_foot_index,0.46104028820991516,0.9279868006706238,-0.02756321243941784,0.9354273080825806,0.9819232821464539
side_person17.mp4,side,35,1167,30.0,848,478,32,right_foot_index,0.4601929485797882,0.9095596671104431,0.2071637362241745,0.7190153002738953,0.9932416677474976
side_person17.mp4,side,36,1200,30.0,848,478,0,nose,0.46120908856391907,0.2622813284397125,-0.07586707919836044,0.9952428340911865,0.9949705004692078
side_person17.mp4,side,36,1200,30.0,848,478,1,left_eye_inner,0.4627682566642761,0.24250583350658417,-0.09849879145622253,0.9949805736541748,0.9951543807983398
side_person17.mp4,side,36,1200,30.0,848,478,2,left_eye,0.4640354514122009,0.24137161672115326,-0.09855122119188309,0.9952248334884644,0.9952911138534546
side_person17.mp4,side,36,1200,30.0,848,478,3,left_eye_outer,0.465417742729187,0.24015147984027863,-0.09857846796512604,0.9960213303565979,0.9952484965324402
side_person17.mp4,side,36,1200,30.0,848,478,4,right_eye_inner,0.4623758792877197,0.242470383644104,-0.06396878510713577,0.9932976365089417,0.9948127269744873
side_person17.mp4,side,36,1200,30.0,848,478,5,right_eye,0.46336260437965393,0.24123497307300568,-0.0639781504869461,0.9926834106445312,0.9947539567947388
side_person17.mp4,side,36,1200,30.0,848,478,6,right_eye_outer,0.46461692452430725,0.23972056806087494,-0.06400968879461288,0.9946632981300354,0.9945371747016907
side_person17.mp4,side,36,1200,30.0,848,478,7,left_ear,0.4783431589603424,0.23796194791793823,-0.15076029300689697,0.9939354062080383,0.9954839944839478
side_person17.mp4,side,36,1200,30.0,848,478,8,right_ear,0.47766199707984924,0.23673845827579498,0.002690057037398219,0.9908506274223328,0.9944983124732971
side_person17.mp4,side,36,1200,30.0,848,478,9,mouth_left,0.46948039531707764,0.2741091847419739,-0.09190644323825836,0.9944684505462646,0.9955670237541199
side_person17.mp4,side,36,1200,30.0,848,478,10,mouth_right,0.46916043758392334,0.27466389536857605,-0.047122761607170105,0.9903604388237,0.9947236776351929
side_person17.mp4,side,36,1200,30.0,848,478,11,left_shoulder,0.5005369186401367,0.31586727499961853,-0.23305583000183105,0.9991846084594727,0.9929594993591309
side_person17.mp4,side,36,1200,30.0,848,478,12,right_shoulder,0.5083403587341309,0.3154199421405792,0.11233281344175339,0.9961128234863281,0.9924405813217163
side_person17.mp4,side,36,1200,30.0,848,478,13,left_elbow,0.41847923398017883,0.3521868586540222,-0.2827814519405365,0.9872125387191772,0.9966084957122803
side_person17.mp4,side,36,1200,30.0,848,478,14,right_elbow,0.43513527512550354,0.35257062315940857,0.14676406979560852,0.2650408148765564,0.9971587657928467
side_person17.mp4,side,36,1200,30.0,848,478,15,left_wrist,0.3390459716320038,0.3429638147354126,-0.21740537881851196,0.9683933258056641,0.9894996285438538
side_person17.mp4,side,36,1200,30.0,848,478,16,right_wrist,0.37408703565597534,0.37123337388038635,0.07960006594657898,0.3248327076435089,0.9856041669845581
side_person17.mp4,side,36,1200,30.0,848,478,17,left_pinky,0.3215090334415436,0.34271445870399475,-0.2562409043312073,0.9529247283935547,0.9877287149429321
side_person17.mp4,side,36,1200,30.0,848,478,18,right_pinky,0.36284878849983215,0.3496635854244232,0.07827536016702652,0.33318576216697693,0.9840328097343445
side_person17.mp4,side,36,1200,30.0,848,478,19,left_index,0.321075975894928,0.33691826462745667,-0.23435452580451965,0.9487422704696655,0.9871734380722046
side_person17.mp4,side,36,1200,30.0,848,478,20,right_index,0.3614490330219269,0.3489806652069092,0.0449889600276947,0.3518146872520447,0.9810794591903687
side_person17.mp4,side,36,1200,30.0,848,478,21,left_thumb,0.3276348114013672,0.3383944630622864,-0.2094426304101944,0.9177607297897339,0.9875456690788269
side_person17.mp4,side,36,1200,30.0,848,478,22,right_thumb,0.36274343729019165,0.3597527742385864,0.06199510022997856,0.3705940544605255,0.9812357425689697
side_person17.mp4,side,36,1200,30.0,848,478,23,left_hip,0.5587259531021118,0.562076210975647,-0.10780912637710571,0.996008038520813,0.9978566765785217
side_person17.mp4,side,36,1200,30.0,848,478,24,right_hip,0.5440881848335266,0.5554064512252808,0.10786759108304977,0.9920468926429749,0.9976147413253784
side_person17.mp4,side,36,1200,30.0,848,478,25,left_knee,0.49506083130836487,0.7370172739028931,-0.07802459597587585,0.9041377902030945,0.9950883984565735
side_person17.mp4,side,36,1200,30.0,848,478,26,right_knee,0.47683629393577576,0.6957185864448547,0.12274806946516037,0.35003307461738586,0.9931858777999878
side_person17.mp4,side,36,1200,30.0,848,478,27,left_ankle,0.5048417448997498,0.9060996174812317,0.019357163459062576,0.9498996138572693,0.9868943691253662
side_person17.mp4,side,36,1200,30.0,848,478,28,right_ankle,0.4962451457977295,0.8772215843200684,0.2334655076265335,0.5716581344604492,0.9956515431404114
side_person17.mp4,side,36,1200,30.0,848,478,29,left_heel,0.5160195827484131,0.929775059223175,0.025192899629473686,0.9363599419593811,0.9822630286216736
side_person17.mp4,side,36,1200,30.0,848,478,30,right_heel,0.5084841251373291,0.9079263806343079,0.24365276098251343,0.6991835236549377,0.9938730001449585
side_person17.mp4,side,36,1200,30.0,848,478,31,left_foot_index,0.46160227060317993,0.9300627708435059,-0.017589936032891273,0.9351224303245544,0.9842920303344727
side_person17.mp4,side,36,1200,30.0,848,478,32,right_foot_index,0.46241673827171326,0.9134727120399475,0.20818199217319489,0.7138325572013855,0.9937228560447693
side_person17.mp4,side,37,1233,30.0,848,478,0,nose,0.4596741497516632,0.2751445174217224,-0.07511957734823227,0.9954394102096558,0.9954314231872559
side_person17.mp4,side,37,1233,30.0,848,478,1,left_eye_inner,0.4612047076225281,0.2556576728820801,-0.09758547693490982,0.9952147603034973,0.9954492449760437
side_person17.mp4,side,37,1233,30.0,848,478,2,left_eye,0.46247026324272156,0.25450265407562256,-0.0976330116391182,0.995445191860199,0.995542585849762
side_person17.mp4,side,37,1233,30.0,848,478,3,left_eye_outer,0.46382489800453186,0.2533082664012909,-0.09766124188899994,0.996237576007843,0.9954816102981567
side_person17.mp4,side,37,1233,30.0,848,478,4,right_eye_inner,0.4608641564846039,0.2555268406867981,-0.06309425830841064,0.9936201572418213,0.9951933026313782
side_person17.mp4,side,37,1233,30.0,848,478,5,right_eye,0.46186357736587524,0.25421690940856934,-0.06310459226369858,0.9930418133735657,0.995155930519104
side_person17.mp4,side,37,1233,30.0,848,478,6,right_eye_outer,0.46313029527664185,0.2526319622993469,-0.06313356012105942,0.9949480891227722,0.9949416518211365
side_person17.mp4,side,37,1233,30.0,848,478,7,left_ear,0.4767082929611206,0.25072717666625977,-0.14944681525230408,0.9941238164901733,0.9957113265991211
side_person17.mp4,side,37,1233,30.0,848,478,8,right_ear,0.47613218426704407,0.24909761548042297,0.0036289519630372524,0.9913856983184814,0.9949735403060913
side_person17.mp4,side,37,1233,30.0,848,478,9,mouth_left,0.46805107593536377,0.28672730922698975,-0.09108683466911316,0.994529664516449,0.9954792261123657
side_person17.mp4,side,37,1233,30.0,848,478,10,mouth_right,0.46774736046791077,0.2872062623500824,-0.04634896665811539,0.9904423952102661,0.9947223663330078
side_person17.mp4,side,37,1233,30.0,848,478,11,left_shoulder,0.4986144006252289,0.32730868458747864,-0.23228678107261658,0.9991140961647034,0.9928115010261536
side_person17.mp4,side,37,1233,30.0,848,478,12,right_shoulder,0.5080088376998901,0.32640355825424194,0.11291801929473877,0.9958838224411011,0.9929684996604919
side_person17.mp4,side,37,1233,30.0,848,478,13,left_elbow,0.41729751229286194,0.36495453119277954,-0.27765917778015137,0.9866108894348145,0.9967511892318726
side_person17.mp4,side,37,1233,30.0,848,478,14,right_elbow,0.4344140887260437,0.3641747832298279,0.14732268452644348,0.25646841526031494,0.9974516034126282
side_person17.mp4,side,37,1233,30.0,848,478,15,left_wrist,0.33825230598449707,0.35572925209999084,-0.20623067021369934,0.9674032926559448,0.9907678961753845
side_person17.mp4,side,37,1233,30.0,848,478,16,right_wrist,0.3741593658924103,0.37961673736572266,0.08219295740127563,0.30890145897865295,0.9860700964927673
side_person17.mp4,side,37,1233,30.0,848,478,17,left_pinky,0.32139721512794495,0.35504284501075745,-0.24409788846969604,0.9517983198165894,0.9889349341392517
side_person17.mp4,side,37,1233,30.0,848,478,18,right_pinky,0.3630959987640381,0.3594758212566376,0.08128997683525085,0.3184601664543152,0.9840181469917297
side_person17.mp4,side,37,1233,30.0,848,478,19,left_index,0.32075437903404236,0.34807097911834717,-0.22262392938137054,0.9476931095123291,0.9883602857589722
side_person17.mp4,side,37,1233,30.0,848,478,20,right_index,0.3609498143196106,0.35744601488113403,0.04835238680243492,0.3361716568470001,0.9809617400169373
side_person17.mp4,side,37,1233,30.0,848,478,21,left_thumb,0.32727766036987305,0.35054171085357666,-0.19825959205627441,0.9167583584785461,0.9888067245483398
side_person17.mp4,side,37,1233,30.0,848,478,22,right_thumb,0.36251938343048096,0.3682405650615692,0.06479264795780182,0.3550766706466675,0.9813305735588074
side_person17.mp4,side,37,1233,30.0,848,478,23,left_hip,0.5599556565284729,0.5694119930267334,-0.10750472545623779,0.9962130784988403,0.9985677003860474
side_person17.mp4,side,37,1233,30.0,848,478,24,right_hip,0.545589029788971,0.5616270303726196,0.10756400227546692,0.9924715161323547,0.9985778331756592
side_person17.mp4,side,37,1233,30.0,848,478,25,left_knee,0.4888545572757721,0.7389687895774841,-0.07751764357089996,0.9092382788658142,0.9956515431404114
side_person17.mp4,side,37,1233,30.0,848,478,26,right_knee,0.47427651286125183,0.6969481706619263,0.12445702403783798,0.3602190315723419,0.9946790933609009
side_person17.mp4,side,37,1233,30.0,848,478,27,left_ankle,0.5042256712913513,0.9074318408966064,0.024000560864806175,0.9506489038467407,0.9899311065673828
side_person17.mp4,side,37,1233,30.0,848,478,28,right_ankle,0.49638819694519043,0.8781598806381226,0.23946285247802734,0.572534441947937,0.9966961145401001
side_person17.mp4,side,37,1233,30.0,848,478,29,left_heel,0.5156169533729553,0.9301168322563171,0.03310912102460861,0.9372802376747131,0.986839234828949
side_person17.mp4,side,37,1233,30.0,848,478,30,right_heel,0.5084870457649231,0.9091629981994629,0.2500849962234497,0.6961383819580078,0.995414137840271
side_person17.mp4,side,37,1233,30.0,848,478,31,left_foot_index,0.4615921974182129,0.9302980303764343,-0.0013740267604589462,0.9354198575019836,0.9873725771903992
side_person17.mp4,side,37,1233,30.0,848,478,32,right_foot_index,0.46240678429603577,0.913677990436554,0.21641404926776886,0.7077171206474304,0.9948652386665344
side_person17.mp4,side,38,1267,30.0,848,478,0,nose,0.4583367705345154,0.2864065170288086,-0.07942556589841843,0.9957085251808167,0.993759274482727
side_person17.mp4,side,38,1267,30.0,848,478,1,left_eye_inner,0.45993030071258545,0.26681283116340637,-0.10170050710439682,0.9954933524131775,0.9935128092765808
side_person17.mp4,side,38,1267,30.0,848,478,2,left_eye,0.4611210823059082,0.2657530605792999,-0.10173839330673218,0.995705783367157,0.9935615062713623
side_person17.mp4,side,38,1267,30.0,848,478,3,left_eye_outer,0.46243542432785034,0.2645729184150696,-0.10176528990268707,0.9964747428894043,0.99347984790802
side_person17.mp4,side,38,1267,30.0,848,478,4,right_eye_inner,0.4597215950489044,0.26655808091163635,-0.06759560108184814,0.993999719619751,0.9933449029922485
side_person17.mp4,side,38,1267,30.0,848,478,5,right_eye,0.4607950747013092,0.2652575969696045,-0.06760682910680771,0.9934592843055725,0.9932823181152344
side_person17.mp4,side,38,1267,30.0,848,478,6,right_eye_outer,0.46209895610809326,0.26372453570365906,-0.06763625144958496,0.9952585697174072,0.992980420589447
side_person17.mp4,side,38,1267,30.0,848,478,7,left_ear,0.47491469979286194,0.2630349397659302,-0.15205822885036469,0.9943900108337402,0.9934537410736084
side_person17.mp4,side,38,1267,30.0,848,478,8,right_ear,0.47506943345069885,0.26121073961257935,0.0013839262537658215,0.991957426071167,0.99294513463974
side_person17.mp4,side,38,1267,30.0,848,478,9,mouth_left,0.4664897322654724,0.29900485277175903,-0.09497284144163132,0.9946383237838745,0.9926566481590271
side_person17.mp4,side,38,1267,30.0,848,478,10,mouth_right,0.46629732847213745,0.2994600534439087,-0.050591226667165756,0.9906691908836365,0.9916573762893677
side_person17.mp4,side,38,1267,30.0,848,478,11,left_shoulder,0.4970654845237732,0.3417798578739166,-0.23569771647453308,0.9989805817604065,0.9878084659576416
side_person17.mp4,side,38,1267,30.0,848,478,12,right_shoulder,0.5064388513565063,0.33783677220344543,0.10766790807247162,0.9955984950065613,0.9890700578689575
side_person17.mp4,side,38,1267,30.0,848,478,13,left_elbow,0.4164617657661438,0.378103643655777,-0.2778482139110565,0.9859343767166138,0.9952284097671509
side_person17.mp4,side,38,1267,30.0,848,478,14,right_elbow,0.4326203465461731,0.3756503164768219,0.13536927103996277,0.24721413850784302,0.9964757561683655
side_person17.mp4,side,38,1267,30.0,848,478,15,left_wrist,0.3374890089035034,0.367120623588562,-0.2044883370399475,0.9672136306762695,0.986684262752533
side_person17.mp4,side,38,1267,30.0,848,478,16,right_wrist,0.37308332324028015,0.38964030146598816,0.07516837865114212,0.29500287771224976,0.9756646752357483
side_person17.mp4,side,38,1267,30.0,848,478,17,left_pinky,0.3195790946483612,0.36415696144104004,-0.24027188122272491,0.9518929719924927,0.9820908904075623
side_person17.mp4,side,38,1267,30.0,848,478,18,right_pinky,0.3618103563785553,0.3714679181575775,0.07336269319057465,0.30552083253860474,0.9704420566558838
side_person17.mp4,side,38,1267,30.0,848,478,19,left_index,0.32058092951774597,0.35513073205947876,-0.2205624282360077,0.9478820562362671,0.9811915755271912
side_person17.mp4,side,38,1267,30.0,848,478,20,right_index,0.3607880175113678,0.36935412883758545,0.037545785307884216,0.32222428917884827,0.9649717807769775
side_person17.mp4,side,38,1267,30.0,848,478,21,left_thumb,0.32659444212913513,0.3594460189342499,-0.19693121314048767,0.9177163243293762,0.9825376868247986
side_person17.mp4,side,38,1267,30.0,848,478,22,right_thumb,0.36213794350624084,0.37972286343574524,0.055665817111730576,0.3416297137737274,0.9655093550682068
side_person17.mp4,side,38,1267,30.0,848,478,23,left_hip,0.5614463090896606,0.5776187777519226,-0.10661308467388153,0.9963950514793396,0.9984044432640076
side_person17.mp4,side,38,1267,30.0,848,478,24,right_hip,0.5463260412216187,0.5666140913963318,0.10667039453983307,0.9929453134536743,0.9987144470214844
side_person17.mp4,side,38,1267,30.0,848,478,25,left_knee,0.48404422402381897,0.7396988272666931,-0.08190897852182388,0.9148069024085999,0.9930170774459839
side_person17.mp4,side,38,1267,30.0,848,478,26,right_knee,0.4719557762145996,0.6973685026168823,0.10656283050775528,0.37434613704681396,0.9934477210044861
side_person17.mp4,side,38,1267,30.0,848,478,27,left_ankle,0.5048891305923462,0.9072698950767517,0.022236356511712074,0.9513720870018005,0.9815149903297424
side_person17.mp4,side,38,1267,30.0,848,478,28,right_ankle,0.49877992272377014,0.8815792202949524,0.22174017131328583,0.5750790238380432,0.994806706905365
side_person17.mp4,side,38,1267,30.0,848,478,29,left_heel,0.5162413716316223,0.9305094480514526,0.03244679421186447,0.9370012283325195,0.9777846336364746
side_person17.mp4,side,38,1267,30.0,848,478,30,right_heel,0.5090351700782776,0.9099806547164917,0.23274485766887665,0.6930829882621765,0.9926718473434448
side_person17.mp4,side,38,1267,30.0,848,478,31,left_foot_index,0.462625652551651,0.9301897287368774,0.0020531194750219584,0.9350866675376892,0.9760158061981201
side_person17.mp4,side,38,1267,30.0,848,478,32,right_foot_index,0.46279484033584595,0.9155517816543579,0.2081172913312912,0.699244499206543,0.9896019101142883
side_person17.mp4,side,39,1300,30.0,848,478,0,nose,0.4573388695716858,0.29983919858932495,-0.09887136518955231,0.9960207343101501,0.994708776473999
side_person17.mp4,side,39,1300,30.0,848,478,1,left_eye_inner,0.4584653377532959,0.2802492678165436,-0.1194848045706749,0.9958105087280273,0.9947125911712646
side_person17.mp4,side,39,1300,30.0,848,478,2,left_eye,0.45956382155418396,0.27920234203338623,-0.11950123310089111,0.9960041046142578,0.9948129653930664
side_person17.mp4,side,39,1300,30.0,848,478,3,left_eye_outer,0.4608069360256195,0.2780377268791199,-0.11953849345445633,0.9967361688613892,0.9948461055755615
side_person17.mp4,side,39,1300,30.0,848,478,4,right_eye_inner,0.4583666920661926,0.27987760305404663,-0.0873822569847107,0.9944254755973816,0.9944005608558655
side_person17.mp4,side,39,1300,30.0,848,478,5,right_eye,0.45943334698677063,0.2785293161869049,-0.08740612119436264,0.9939231276512146,0.9942442774772644
side_person17.mp4,side,39,1300,30.0,848,478,6,right_eye_outer,0.4607241153717041,0.27692797780036926,-0.08742722123861313,0.995603084564209,0.9939358830451965
side_person17.mp4,side,39,1300,30.0,848,478,7,left_ear,0.47306135296821594,0.2763519585132599,-0.16451282799243927,0.9947167634963989,0.9944900274276733
side_person17.mp4,side,39,1300,30.0,848,478,8,right_ear,0.47346267104148865,0.27433833479881287,-0.021877849474549294,0.9925730228424072,0.9933663010597229
side_person17.mp4,side,39,1300,30.0,848,478,9,mouth_left,0.46520355343818665,0.3122423589229584,-0.11294771730899811,0.994859516620636,0.9931854009628296
side_person17.mp4,side,39,1300,30.0,848,478,10,mouth_right,0.4650733470916748,0.31268271803855896,-0.07123708724975586,0.9910716414451599,0.992116391658783
side_person17.mp4,side,39,1300,30.0,848,478,11,left_shoulder,0.49606674909591675,0.3569479286670685,-0.24432846903800964,0.9988909959793091,0.9883913397789001
side_person17.mp4,side,39,1300,30.0,848,478,12,right_shoulder,0.5046442747116089,0.35100480914115906,0.0836271196603775,0.9953866600990295,0.9896535277366638
side_person17.mp4,side,39,1300,30.0,848,478,13,left_elbow,0.41473889350891113,0.3911532163619995,-0.29524311423301697,0.9858149290084839,0.9960094690322876
side_person17.mp4,side,39,1300,30.0,848,478,14,right_elbow,0.43065452575683594,0.38789260387420654,0.10130717605352402,0.2405480146408081,0.9968621730804443
side_person17.mp4,side,39,1300,30.0,848,478,15,left_wrist,0.33623820543289185,0.37908193469047546,-0.24431009590625763,0.9681004285812378,0.9873754978179932
side_person17.mp4,side,39,1300,30.0,848,478,16,right_wrist,0.37034347653388977,0.4039740264415741,0.03262191265821457,0.28356730937957764,0.9772571325302124
side_person17.mp4,side,39,1300,30.0,848,478,17,left_pinky,0.3194487988948822,0.3650017976760864,-0.2842610776424408,0.9533119797706604,0.9818733930587769
side_person17.mp4,side,39,1300,30.0,848,478,18,right_pinky,0.36012569069862366,0.38447895646095276,0.028279075399041176,0.2950742840766907,0.9727233648300171
side_person17.mp4,side,39,1300,30.0,848,478,19,left_index,0.3173358142375946,0.366422563791275,-0.2626783847808838,0.949462890625,0.9811752438545227
side_person17.mp4,side,39,1300,30.0,848,478,20,right_index,0.3579821288585663,0.38325563073158264,-0.003945872653275728,0.31068888306617737,0.9671425819396973
side_person17.mp4,side,39,1300,30.0,848,478,21,left_thumb,0.32561227679252625,0.3708913028240204,-0.23777678608894348,0.9202967882156372,0.9826346039772034
side_person17.mp4,side,39,1300,30.0,848,478,22,right_thumb,0.3599292039871216,0.39443573355674744,0.015020209364593029,0.33036911487579346,0.9678065180778503
side_person17.mp4,side,39,1300,30.0,848,478,23,left_hip,0.561552882194519,0.5868791937828064,-0.1061122789978981,0.996605634689331,0.9984256029129028
side_person17.mp4,side,39,1300,30.0,848,478,24,right_hip,0.546579122543335,0.574379026889801,0.10616450756788254,0.9934234619140625,0.9989032745361328
side_person17.mp4,side,39,1300,30.0,848,478,25,left_knee,0.48220905661582947,0.7426289319992065,-0.08375758677721024,0.9206650257110596,0.9934686422348022
side_person17.mp4,side,39,1300,30.0,848,478,26,right_knee,0.4686201810836792,0.7003055214881897,0.10407717525959015,0.39015793800354004,0.994465172290802
side_person17.mp4,side,39,1300,30.0,848,478,27,left_ankle,0.5054437518119812,0.9069294929504395,0.02615799754858017,0.9530583024024963,0.9869449734687805
side_person17.mp4,side,39,1300,30.0,848,478,28,right_ankle,0.49983498454093933,0.8824002146720886,0.22806411981582642,0.5803340077400208,0.996137797832489
side_person17.mp4,side,39,1300,30.0,848,478,29,left_heel,0.5170449018478394,0.9299510717391968,0.03858913853764534,0.938563883304596,0.9853718876838684
side_person17.mp4,side,39,1300,30.0,848,478,30,right_heel,0.5099180340766907,0.9102829098701477,0.23970338702201843,0.6935556530952454,0.9946172833442688
side_person17.mp4,side,39,1300,30.0,848,478,31,left_foot_index,0.46475961804389954,0.9301763772964478,0.01858653873205185,0.9361163973808289,0.9829766750335693
side_person17.mp4,side,39,1300,30.0,848,478,32,right_foot_index,0.4633917808532715,0.9179447889328003,0.21269634366035461,0.6941173672676086,0.9919861555099487
side_person17.mp4,side,40,1333,30.0,848,478,0,nose,0.45638713240623474,0.31156232953071594,-0.08812658488750458,0.996178925037384,0.9910367727279663
side_person17.mp4,side,40,1333,30.0,848,478,1,left_eye_inner,0.45727768540382385,0.2922735810279846,-0.11006339639425278,0.9959785342216492,0.9920126795768738
side_person17.mp4,side,40,1333,30.0,848,478,2,left_eye,0.4583093822002411,0.2913001477718353,-0.11008717119693756,0.9961628913879395,0.9921867847442627
side_person17.mp4,side,40,1333,30.0,848,478,3,left_eye_outer,0.4594140946865082,0.29035860300064087,-0.11012472212314606,0.9969008564949036,0.9923958778381348
side_person17.mp4,side,40,1333,30.0,848,478,4,right_eye_inner,0.4573628306388855,0.2917869985103607,-0.07800336927175522,0.9946848154067993,0.9916313290596008
side_person17.mp4,side,40,1333,30.0,848,478,5,right_eye,0.45848140120506287,0.29048478603363037,-0.07802823185920715,0.9942033886909485,0.9915398955345154
side_person17.mp4,side,40,1333,30.0,848,478,6,right_eye_outer,0.4597567021846771,0.2890988290309906,-0.0780629962682724,0.9958138465881348,0.9913213849067688
side_person17.mp4,side,40,1333,30.0,848,478,7,left_ear,0.47157689929008484,0.28957805037498474,-0.16007018089294434,0.9948439598083496,0.9920651316642761
side_person17.mp4,side,40,1333,30.0,848,478,8,right_ear,0.4728028178215027,0.2872384190559387,-0.020819634199142456,0.9930168390274048,0.99115389585495
side_person17.mp4,side,40,1333,30.0,848,478,9,mouth_left,0.46380186080932617,0.32440653443336487,-0.10369375348091125,0.9948358535766602,0.9912288188934326
side_person17.mp4,side,40,1333,30.0,848,478,10,mouth_right,0.4639386832714081,0.32479041814804077,-0.06242763251066208,0.9910830855369568,0.9903462529182434
side_person17.mp4,side,40,1333,30.0,848,478,11,left_shoulder,0.49362292885780334,0.37001338601112366,-0.24250230193138123,0.9988307356834412,0.9898687601089478
side_person17.mp4,side,40,1333,30.0,848,478,12,right_shoulder,0.5045891404151917,0.36176374554634094,0.08777298778295517,0.9951556324958801,0.9894499182701111
side_person17.mp4,side,40,1333,30.0,848,478,13,left_elbow,0.4146215617656708,0.40270230174064636,-0.2918051481246948,0.9860406517982483,0.9966045618057251
side_person17.mp4,side,40,1333,30.0,848,478,14,right_elbow,0.4340769946575165,0.401140958070755,0.12703610956668854,0.22518779337406158,0.9961007833480835
side_person17.mp4,side,40,1333,30.0,848,478,15,left_wrist,0.33197280764579773,0.38864433765411377,-0.23358416557312012,0.9696519374847412,0.9898277521133423
side_person17.mp4,side,40,1333,30.0,848,478,16,right_wrist,0.3889942467212677,0.4031200408935547,0.07907719165086746,0.26796892285346985,0.9823414087295532
side_person17.mp4,side,40,1333,30.0,848,478,17,left_pinky,0.31459173560142517,0.3804214596748352,-0.2720077335834503,0.9556819200515747,0.9852566123008728
side_person17.mp4,side,40,1333,30.0,848,478,18,right_pinky,0.3749811053276062,0.4062099754810333,0.07821763306856155,0.2813129425048828,0.9804319143295288
side_person17.mp4,side,40,1333,30.0,848,478,19,left_index,0.3149106800556183,0.37489423155784607,-0.25142166018486023,0.9520392417907715,0.9844183921813965
side_person17.mp4,side,40,1333,30.0,848,478,20,right_index,0.3717271387577057,0.4032193124294281,0.04858396574854851,0.29581642150878906,0.9775764346122742
side_person17.mp4,side,40,1333,30.0,848,478,21,left_thumb,0.32131677865982056,0.3795787990093231,-0.22630776464939117,0.924172043800354,0.9859652519226074
side_person17.mp4,side,40,1333,30.0,848,478,22,right_thumb,0.3735881745815277,0.41300028562545776,0.06345885246992111,0.31522977352142334,0.97784024477005
side_person17.mp4,side,40,1333,30.0,848,478,23,left_hip,0.5619953870773315,0.5967148542404175,-0.10591068863868713,0.9968129992485046,0.9984684586524963
side_person17.mp4,side,40,1333,30.0,848,478,24,right_hip,0.5474116802215576,0.5818769931793213,0.10595351457595825,0.9938697814941406,0.9988161325454712
side_person17.mp4,side,40,1333,30.0,848,478,25,left_knee,0.4788890779018402,0.7430304288864136,-0.08108894526958466,0.925858736038208,0.9947679042816162
side_person17.mp4,side,40,1333,30.0,848,478,26,right_knee,0.467125803232193,0.7015448808670044,0.10989189893007278,0.407661110162735,0.9951395988464355
side_person17.mp4,side,40,1333,30.0,848,478,27,left_ankle,0.5054353475570679,0.9068180322647095,0.03669074550271034,0.9545749425888062,0.9881559610366821
side_person17.mp4,side,40,1333,30.0,848,478,28,right_ankle,0.49905291199684143,0.8820666670799255,0.23306801915168762,0.5871875882148743,0.9966545104980469
side_person17.mp4,side,40,1333,30.0,848,478,29,left_heel,0.5172833204269409,0.9288493990898132,0.049616891890764236,0.9397792220115662,0.986599862575531
side_person17.mp4,side,40,1333,30.0,848,478,30,right_heel,0.5099057555198669,0.9105284214019775,0.24396073818206787,0.6973174214363098,0.9955152869224548
side_person17.mp4,side,40,1333,30.0,848,478,31,left_foot_index,0.4650421738624573,0.9301585555076599,0.03473617509007454,0.9372486472129822,0.9840074181556702
side_person17.mp4,side,40,1333,30.0,848,478,32,right_foot_index,0.4633719027042389,0.9180386662483215,0.23087334632873535,0.6930882334709167,0.9933719635009766
side_person17.mp4,side,41,1367,30.0,848,478,0,nose,0.4549640417098999,0.32209765911102295,-0.0748465284705162,0.996443510055542,0.9956017732620239
side_person17.mp4,side,41,1367,30.0,848,478,1,left_eye_inner,0.45606479048728943,0.3028724193572998,-0.09639804065227509,0.9962358474731445,0.9956578016281128
side_person17.mp4,side,41,1367,30.0,848,478,2,left_eye,0.45710045099258423,0.30189570784568787,-0.09642144292593002,0.9964065551757812,0.9956724643707275
side_person17.mp4,side,41,1367,30.0,848,478,3,left_eye_outer,0.4582020044326782,0.3009718954563141,-0.09644998610019684,0.9971147775650024,0.9956415891647339
side_person17.mp4,side,41,1367,30.0,848,478,4,right_eye_inner,0.45618149638175964,0.302490770816803,-0.063874751329422,0.995043933391571,0.9956579208374023
side_person17.mp4,side,41,1367,30.0,848,478,5,right_eye,0.4573112428188324,0.30124661326408386,-0.06389105319976807,0.9945969581604004,0.9955951571464539
side_person17.mp4,side,41,1367,30.0,848,478,6,right_eye_outer,0.45856282114982605,0.2999584674835205,-0.06391480565071106,0.9961037039756775,0.9954423904418945
side_person17.mp4,side,41,1367,30.0,848,478,7,left_ear,0.47020846605300903,0.30000704526901245,-0.14601176977157593,0.9951069951057434,0.9949992895126343
side_person17.mp4,side,41,1367,30.0,848,478,8,right_ear,0.4712686240673065,0.2980850040912628,-0.003039636416360736,0.9935383796691895,0.9947939515113831
side_person17.mp4,side,41,1367,30.0,848,478,9,mouth_left,0.46245887875556946,0.3343978524208069,-0.09052649140357971,0.9950537085533142,0.9945428371429443
side_person17.mp4,side,41,1367,30.0,848,478,10,mouth_right,0.4626329839229584,0.33486223220825195,-0.04850396141409874,0.9914974570274353,0.9941788911819458
side_person17.mp4,side,41,1367,30.0,848,478,11,left_shoulder,0.49162280559539795,0.38158145546913147,-0.2330966740846634,0.9988085627555847,0.9899438619613647
side_person17.mp4,side,41,1367,30.0,848,478,12,right_shoulder,0.5024210810661316,0.3753565847873688,0.10286276042461395,0.9951081275939941,0.991290807723999
side_person17.mp4,side,41,1367,30.0,848,478,13,left_elbow,0.4114302098751068,0.4118458032608032,-0.29036685824394226,0.9862655401229858,0.996692419052124
side_person17.mp4,side,41,1367,30.0,848,478,14,right_elbow,0.43402883410453796,0.413944810628891,0.13722403347492218,0.21607165038585663,0.9971555471420288
side_person17.mp4,side,41,1367,30.0,848,478,15,left_wrist,0.3279171288013458,0.3991055488586426,-0.23777659237384796,0.9709086418151855,0.9903740882873535
side_person17.mp4,side,41,1367,30.0,848,478,16,right_wrist,0.38515883684158325,0.4116046726703644,0.07980206608772278,0.25799134373664856,0.9841969609260559
side_person17.mp4,side,41,1367,30.0,848,478,17,left_pinky,0.30970826745033264,0.39305341243743896,-0.27707481384277344,0.9575529098510742,0.9860338568687439
side_person17.mp4,side,41,1367,30.0,848,478,18,right_pinky,0.371159166097641,0.4146440029144287,0.07847248762845993,0.27261242270469666,0.9812254309654236
side_person17.mp4,side,41,1367,30.0,848,478,19,left_index,0.30999812483787537,0.3862513601779938,-0.25490954518318176,0.954035758972168,0.9854512214660645
side_person17.mp4,side,41,1367,30.0,848,478,20,right_index,0.3685275614261627,0.4120118021965027,0.04781392216682434,0.286241352558136,0.9782935380935669
side_person17.mp4,side,41,1367,30.0,848,478,21,left_thumb,0.3164343237876892,0.39051181077957153,-0.2300000637769699,0.92729651927948,0.9868114590644836
side_person17.mp4,side,41,1367,30.0,848,478,22,right_thumb,0.3704705238342285,0.42199021577835083,0.06345487385988235,0.3060283958911896,0.9787026047706604
side_person17.mp4,side,41,1367,30.0,848,478,23,left_hip,0.5623563528060913,0.6023774743080139,-0.10601203143596649,0.9970231652259827,0.9986086487770081
side_person17.mp4,side,41,1367,30.0,848,478,24,right_hip,0.5477451682090759,0.5889891386032104,0.10605236142873764,0.9943259358406067,0.9990264177322388
side_person17.mp4,side,41,1367,30.0,848,478,25,left_knee,0.47739094495773315,0.7446863055229187,-0.08746356517076492,0.9310854077339172,0.9954236149787903
side_person17.mp4,side,41,1367,30.0,848,478,26,right_knee,0.46458908915519714,0.7032116651535034,0.09810986369848251,0.4234941601753235,0.9961037635803223
side_person17.mp4,side,41,1367,30.0,848,478,27,left_ankle,0.505726158618927,0.9067373871803284,0.02914593368768692,0.9567756056785583,0.98811274766922
side_person17.mp4,side,41,1367,30.0,848,478,28,right_ankle,0.49906882643699646,0.8822575807571411,0.22010135650634766,0.5961019396781921,0.9968172311782837
side_person17.mp4,side,41,1367,30.0,848,478,29,left_heel,0.5178181529045105,0.9277633428573608,0.04409722983837128,0.9418751001358032,0.9867826700210571
side_person17.mp4,side,41,1367,30.0,848,478,30,right_heel,0.5099250674247742,0.9106859564781189,0.2318383902311325,0.7038711309432983,0.9957234859466553
side_person17.mp4,side,41,1367,30.0,848,478,31,left_foot_index,0.4655058979988098,0.930642306804657,0.02047710120677948,0.9393275380134583,0.9837400317192078
side_person17.mp4,side,41,1367,30.0,848,478,32,right_foot_index,0.46352311968803406,0.9199175834655762,0.2178126871585846,0.6943630576133728,0.9927424192428589
side_person17.mp4,side,42,1400,30.0,848,478,0,nose,0.45418819785118103,0.3335595428943634,-0.08865424990653992,0.9966597557067871,0.9947443008422852
side_person17.mp4,side,42,1400,30.0,848,478,1,left_eye_inner,0.4552192687988281,0.3143503963947296,-0.1098826676607132,0.9964494109153748,0.9949389696121216
side_person17.mp4,side,42,1400,30.0,848,478,2,left_eye,0.4563214182853699,0.31339433789253235,-0.10990261286497116,0.9966099858283997,0.994936466217041
side_person17.mp4,side,42,1400,30.0,848,478,3,left_eye_outer,0.45742881298065186,0.31265541911125183,-0.10994593799114227,0.9972928762435913,0.994932234287262
side_person17.mp4,side,42,1400,30.0,848,478,4,right_eye_inner,0.4551692605018616,0.3139720559120178,-0.07802525162696838,0.9953439831733704,0.994961142539978
side_person17.mp4,side,42,1400,30.0,848,478,5,right_eye,0.4562809467315674,0.31269359588623047,-0.07805730402469635,0.994924783706665,0.9949211478233337
side_person17.mp4,side,42,1400,30.0,848,478,6,right_eye_outer,0.4574708640575409,0.31147077679634094,-0.07808637619018555,0.9963356256484985,0.9947633743286133
side_person17.mp4,side,42,1400,30.0,848,478,7,left_ear,0.4697692394256592,0.31218379735946655,-0.1580856740474701,0.9953001141548157,0.9941898584365845
side_person17.mp4,side,42,1400,30.0,848,478,8,right_ear,0.47053980827331543,0.3101353347301483,-0.016931209713220596,0.993979275226593,0.994354248046875
side_person17.mp4,side,42,1400,30.0,848,478,9,mouth_left,0.46135416626930237,0.34654420614242554,-0.10382221639156342,0.995225727558136,0.9936739206314087
side_person17.mp4,side,42,1400,30.0,848,478,10,mouth_right,0.46136295795440674,0.34705519676208496,-0.06250935792922974,0.9918044805526733,0.9933013916015625
side_person17.mp4,side,42,1400,30.0,848,478,11,left_shoulder,0.49150800704956055,0.3951256275177002,-0.2429804652929306,0.9987136721611023,0.9882196187973022
side_person17.mp4,side,42,1400,30.0,848,478,12,right_shoulder,0.4991772472858429,0.38601547479629517,0.09003697335720062,0.9949498176574707,0.9917958378791809
side_person17.mp4,side,42,1400,30.0,848,478,13,left_elbow,0.4120545983314514,0.42563867568969727,-0.29702383279800415,0.9857936501502991,0.9960935711860657
side_person17.mp4,side,42,1400,30.0,848,478,14,right_elbow,0.4319230914115906,0.4209481179714203,0.12318246066570282,0.20863205194473267,0.9973499774932861
side_person17.mp4,side,42,1400,30.0,848,478,15,left_wrist,0.3278087377548218,0.410797655582428,-0.2419656366109848,0.9713790416717529,0.9909127950668335
side_person17.mp4,side,42,1400,30.0,848,478,16,right_wrist,0.38424593210220337,0.42060035467147827,0.0630401074886322,0.2502641975879669,0.9845166802406311
side_person17.mp4,side,42,1400,30.0,848,478,17,left_pinky,0.3090374767780304,0.4066254496574402,-0.2794795632362366,0.9584082365036011,0.9866346120834351
side_person17.mp4,side,42,1400,30.0,848,478,18,right_pinky,0.36966338753700256,0.4199700951576233,0.058472853153944016,0.2664448618888855,0.9807989597320557
side_person17.mp4,side,42,1400,30.0,848,478,19,left_index,0.3099682033061981,0.39935994148254395,-0.2628799080848694,0.955019474029541,0.9864597320556641
side_person17.mp4,side,42,1400,30.0,848,478,20,right_index,0.3681485950946808,0.41780903935432434,0.030628811568021774,0.27952104806900024,0.9779326915740967
side_person17.mp4,side,42,1400,30.0,848,478,21,left_thumb,0.31588438153266907,0.40296751260757446,-0.23632927238941193,0.928939163684845,0.9877973198890686
side_person17.mp4,side,42,1400,30.0,848,478,22,right_thumb,0.36983102560043335,0.4275497794151306,0.047540683299303055,0.2998436391353607,0.9793804287910461
side_person17.mp4,side,42,1400,30.0,848,478,23,left_hip,0.5635905861854553,0.6137115359306335,-0.10612042248249054,0.9971770644187927,0.9982095956802368
side_person17.mp4,side,42,1400,30.0,848,478,24,right_hip,0.5482499003410339,0.5971969366073608,0.10615912079811096,0.9947100281715393,0.9989759922027588
side_person17.mp4,side,42,1400,30.0,848,478,25,left_knee,0.4755692481994629,0.7453600764274597,-0.08695946633815765,0.9345843195915222,0.9956521391868591
side_person17.mp4,side,42,1400,30.0,848,478,26,right_knee,0.46329590678215027,0.7064905762672424,0.10423034429550171,0.43648380041122437,0.9968595504760742
side_person17.mp4,side,42,1400,30.0,848,478,27,left_ankle,0.5059448480606079,0.9066935181617737,0.044897180050611496,0.957610547542572,0.9883131384849548
side_person17.mp4,side,42,1400,30.0,848,478,28,right_ankle,0.49964243173599243,0.8811659812927246,0.2396552413702011,0.5980431437492371,0.9975146055221558
side_person17.mp4,side,42,1400,30.0,848,478,29,left_heel,0.5177901387214661,0.9271578788757324,0.05908510088920593,0.9422082304954529,0.9871774911880493
side_person17.mp4,side,42,1400,30.0,848,478,30,right_heel,0.5103784799575806,0.9093529582023621,0.2548803389072418,0.7060615420341492,0.996724545955658
side_person17.mp4,side,42,1400,30.0,848,478,31,left_foot_index,0.4660705626010895,0.9305919408798218,0.04372550919651985,0.9395459294319153,0.9839249849319458
side_person17.mp4,side,42,1400,30.0,848,478,32,right_foot_index,0.4640975594520569,0.9193518757820129,0.24887795746326447,0.6911917328834534,0.9945735335350037
side_person17.mp4,side,43,1433,30.0,848,478,0,nose,0.4529224634170532,0.3433576226234436,-0.11638027429580688,0.9968159198760986,0.9938672184944153
side_person17.mp4,side,43,1433,30.0,848,478,1,left_eye_inner,0.4541955292224884,0.32424330711364746,-0.13715240359306335,0.9966013431549072,0.9945808053016663
side_person17.mp4,side,43,1433,30.0,848,478,2,left_eye,0.4552783668041229,0.3234451115131378,-0.1371905356645584,0.9967604279518127,0.9947493672370911
side_person17.mp4,side,43,1433,30.0,848,478,3,left_eye_outer,0.4564194083213806,0.3228531777858734,-0.13724081218242645,0.9974343180656433,0.9949548840522766
side_person17.mp4,side,43,1433,30.0,848,478,4,right_eye_inner,0.4541071057319641,0.323782354593277,-0.10548119992017746,0.9955475330352783,0.9941763877868652
side_person17.mp4,side,43,1433,30.0,848,478,5,right_eye,0.4551762640476227,0.3225811719894409,-0.10551407933235168,0.995151162147522,0.9939683675765991
side_person17.mp4,side,43,1433,30.0,848,478,6,right_eye_outer,0.456359326839447,0.3214045464992523,-0.10555142164230347,0.9964916706085205,0.9936650991439819
side_person17.mp4,side,43,1433,30.0,848,478,7,left_ear,0.46879103779792786,0.3232809007167816,-0.18382759392261505,0.9953740239143372,0.9941841959953308
side_person17.mp4,side,43,1433,30.0,848,478,8,right_ear,0.46935826539993286,0.32076820731163025,-0.043489083647727966,0.9942998290061951,0.9926867485046387
side_person17.mp4,side,43,1433,30.0,848,478,9,mouth_left,0.45978179574012756,0.3569773733615875,-0.13068091869354248,0.9952697157859802,0.9932657480239868
side_person17.mp4,side,43,1433,30.0,848,478,10,mouth_right,0.45961737632751465,0.35731860995292664,-0.08959168940782547,0.9918293356895447,0.9923403263092041
side_person17.mp4,side,43,1433,30.0,848,478,11,left_shoulder,0.4913574159145355,0.4069673717021942,-0.2625157833099365,0.9986215829849243,0.9896682500839233
side_person17.mp4,side,43,1433,30.0,848,478,12,right_shoulder,0.49599960446357727,0.39624127745628357,0.06204308941960335,0.9945257306098938,0.990016520023346
side_person17.mp4,side,43,1433,30.0,848,478,13,left_elbow,0.4111010432243347,0.4358080327510834,-0.32676443457603455,0.9850897789001465,0.996563732624054
side_person17.mp4,side,43,1433,30.0,848,478,14,right_elbow,0.42804914712905884,0.43163827061653137,0.09235729277133942,0.20123593509197235,0.9967591166496277
side_person17.mp4,side,43,1433,30.0,848,478,15,left_wrist,0.32935577630996704,0.42274975776672363,-0.298301100730896,0.9718760848045349,0.9911481142044067
side_person17.mp4,side,43,1433,30.0,848,478,16,right_wrist,0.3711616098880768,0.4275556206703186,0.025186870247125626,0.2428615540266037,0.980566143989563
side_person17.mp4,side,43,1433,30.0,848,478,17,left_pinky,0.30836671590805054,0.4189879596233368,-0.34191185235977173,0.9593686461448669,0.9867413640022278
side_person17.mp4,side,43,1433,30.0,848,478,18,right_pinky,0.3652494549751282,0.42795565724372864,0.019056029617786407,0.260640412569046,0.9769313931465149
side_person17.mp4,side,43,1433,30.0,848,478,19,left_index,0.3099921643733978,0.41004839539527893,-0.3238030970096588,0.9561272859573364,0.9868298172950745
side_person17.mp4,side,43,1433,30.0,848,478,20,right_index,0.3628021478652954,0.4269946813583374,-0.01070245262235403,0.27321431040763855,0.9729859232902527
side_person17.mp4,side,43,1433,30.0,848,478,21,left_thumb,0.31748828291893005,0.4134032726287842,-0.29299524426460266,0.9305820465087891,0.9880704879760742
side_person17.mp4,side,43,1433,30.0,848,478,22,right_thumb,0.36489272117614746,0.43714597821235657,0.008711687289178371,0.29406294226646423,0.975335955619812
side_person17.mp4,side,43,1433,30.0,848,478,23,left_hip,0.5639707446098328,0.6231540441513062,-0.10543055087327957,0.9973275065422058,0.9981460571289062
side_person17.mp4,side,43,1433,30.0,848,478,24,right_hip,0.547914981842041,0.6017060875892639,0.10546275228261948,0.9950180649757385,0.9986649751663208
side_person17.mp4,side,43,1433,30.0,848,478,25,left_knee,0.4740486443042755,0.7471177577972412,-0.08349503576755524,0.9365044832229614,0.9967604279518127
side_person17.mp4,side,43,1433,30.0,848,478,26,right_knee,0.4611862897872925,0.7060427069664001,0.10788553208112717,0.446056067943573,0.9968782663345337
side_person17.mp4,side,43,1433,30.0,848,478,27,left_ankle,0.5059460401535034,0.9068152904510498,0.05158621817827225,0.957825779914856,0.9905327558517456
side_person17.mp4,side,43,1433,30.0,848,478,28,right_ankle,0.5001890659332275,0.880002498626709,0.26394256949424744,0.5943790674209595,0.9980548620223999
side_person17.mp4,side,43,1433,30.0,848,478,29,left_heel,0.5182034373283386,0.9282218217849731,0.06476032733917236,0.9412997364997864,0.9897223114967346
side_person17.mp4,side,43,1433,30.0,848,478,30,right_heel,0.5106808543205261,0.9066600799560547,0.2805629074573517,0.7051491737365723,0.9976205229759216
side_person17.mp4,side,43,1433,30.0,848,478,31,left_foot_index,0.46614453196525574,0.9302741289138794,0.045900922268629074,0.9387791752815247,0.9875019788742065
side_person17.mp4,side,43,1433,30.0,848,478,32,right_foot_index,0.46425214409828186,0.9182428121566772,0.27817338705062866,0.6859710812568665,0.9963325262069702
side_person17.mp4,side,44,1467,30.0,848,478,0,nose,0.4520125389099121,0.35422924160957336,-0.13406872749328613,0.9970142841339111,0.9965003728866577
side_person17.mp4,side,44,1467,30.0,848,478,1,left_eye_inner,0.45335376262664795,0.335014283657074,-0.15544138848781586,0.9968166947364807,0.9968746900558472
side_person17.mp4,side,44,1467,30.0,848,478,2,left_eye,0.45441657304763794,0.3342513144016266,-0.15549002587795258,0.9969694018363953,0.9970120191574097
side_person17.mp4,side,44,1467,30.0,848,478,3,left_eye_outer,0.4555564522743225,0.33366307616233826,-0.15555544197559357,0.9976117610931396,0.997163712978363
side_person17.mp4,side,44,1467,30.0,848,478,4,right_eye_inner,0.4532927870750427,0.33458706736564636,-0.12324658781290054,0.995818018913269,0.9964962601661682
side_person17.mp4,side,44,1467,30.0,848,478,5,right_eye,0.45437708497047424,0.3334626257419586,-0.12327511608600616,0.9954497814178467,0.9962939620018005
side_person17.mp4,side,44,1467,30.0,848,478,6,right_eye_outer,0.45560818910598755,0.3323930501937866,-0.12330292165279388,0.9967041611671448,0.9960305094718933
side_person17.mp4,side,44,1467,30.0,848,478,7,left_ear,0.46798282861709595,0.33410951495170593,-0.2032458782196045,0.9955722093582153,0.9966052770614624
side_person17.mp4,side,44,1467,30.0,848,478,8,right_ear,0.4688888490200043,0.33169025182724,-0.06050264090299606,0.9946824908256531,0.9950258135795593
side_person17.mp4,side,44,1467,30.0,848,478,9,mouth_left,0.45867273211479187,0.36797091364860535,-0.14833764731884003,0.9954440593719482,0.9957039952278137
side_person17.mp4,side,44,1467,30.0,848,478,10,mouth_right,0.45855221152305603,0.36844420433044434,-0.10649578273296356,0.9920811057090759,0.9949010610580444
side_person17.mp4,side,44,1467,30.0,848,478,11,left_shoulder,0.489327996969223,0.42038124799728394,-0.27848872542381287,0.9986163973808289,0.9942615032196045
side_person17.mp4,side,44,1467,30.0,848,478,12,right_shoulder,0.4953958988189697,0.40612027049064636,0.04623311758041382,0.9944007396697998,0.9935168027877808
side_person17.mp4,side,44,1467,30.0,848,478,13,left_elbow,0.4082522988319397,0.4491274952888489,-0.3413817286491394,0.9847800135612488,0.9985916018486023
side_person17.mp4,side,44,1467,30.0,848,478,14,right_elbow,0.4259495735168457,0.4427112340927124,0.07589881867170334,0.19897843897342682,0.998323380947113
side_person17.mp4,side,44,1467,30.0,848,478,15,left_wrist,0.32767724990844727,0.43386197090148926,-0.31537002325057983,0.9733496904373169,0.9966446161270142
side_person17.mp4,side,44,1467,30.0,848,478,16,right_wrist,0.3581126630306244,0.43917903304100037,0.009020800702273846,0.244144469499588,0.9915959239006042
side_person17.mp4,side,44,1467,30.0,848,478,17,left_pinky,0.30568796396255493,0.42709505558013916,-0.36189693212509155,0.9615789651870728,0.9946375489234924
side_person17.mp4,side,44,1467,30.0,848,478,18,right_pinky,0.3604871928691864,0.43388107419013977,0.0033569287043064833,0.26329341530799866,0.9900825619697571
side_person17.mp4,side,44,1467,30.0,848,478,19,left_index,0.3068922460079193,0.41837015748023987,-0.34226515889167786,0.9585364460945129,0.9947852492332458
side_person17.mp4,side,44,1467,30.0,848,478,20,right_index,0.3569818139076233,0.43317678570747375,-0.02842726744711399,0.2755511999130249,0.9883317351341248
side_person17.mp4,side,44,1467,30.0,848,478,21,left_thumb,0.3154416084289551,0.4226479232311249,-0.30975833535194397,0.9341685175895691,0.9953733086585999
side_person17.mp4,side,44,1467,30.0,848,478,22,right_thumb,0.3446264863014221,0.4350799322128296,-0.007952638901770115,0.29715293645858765,0.9895299077033997
side_person17.mp4,side,44,1467,30.0,848,478,23,left_hip,0.5643882155418396,0.6326705813407898,-0.1051391139626503,0.997519850730896,0.9991604089736938
side_person17.mp4,side,44,1467,30.0,848,478,24,right_hip,0.5480784773826599,0.6089297533035278,0.10518671572208405,0.9953799843788147,0.9993563294410706
side_person17.mp4,side,44,1467,30.0,848,478,25,left_knee,0.47192487120628357,0.7478951215744019,-0.07370495796203613,0.9387891888618469,0.998237133026123
side_person17.mp4,side,44,1467,30.0,848,478,26,right_knee,0.4600003659725189,0.7056891322135925,0.11702574789524078,0.45689472556114197,0.9983891248703003
side_person17.mp4,side,44,1467,30.0,848,478,27,left_ankle,0.505833089351654,0.9067779779434204,0.07624500244855881,0.9580177664756775,0.9963834285736084
side_person17.mp4,side,44,1467,30.0,848,478,28,right_ankle,0.5001823306083679,0.8793160319328308,0.2862769663333893,0.5942961573600769,0.9990861415863037
side_person17.mp4,side,44,1467,30.0,848,478,29,left_heel,0.5183100700378418,0.9288597702980042,0.09126848727464676,0.9412493705749512,0.9961135387420654
side_person17.mp4,side,44,1467,30.0,848,478,30,right_heel,0.5106615424156189,0.9055835008621216,0.3040877878665924,0.7059270739555359,0.9988998174667358
side_person17.mp4,side,44,1467,30.0,848,478,31,left_foot_index,0.46610206365585327,0.9298546314239502,0.0788387879729271,0.9383465051651001,0.995244562625885
side_person17.mp4,side,44,1467,30.0,848,478,32,right_foot_index,0.4641130268573761,0.9176343679428101,0.30537018179893494,0.6840356588363647,0.9983718991279602
side_person17.mp4,side,45,1500,30.0,848,478,0,nose,0.451006680727005,0.36507049202919006,-0.15069220960140228,0.9972485899925232,0.997969925403595
side_person17.mp4,side,45,1500,30.0,848,478,1,left_eye_inner,0.4523392915725708,0.34577760100364685,-0.17028096318244934,0.9970623850822449,0.9978815913200378
side_person17.mp4,side,45,1500,30.0,848,478,2,left_eye,0.45344242453575134,0.3450908064842224,-0.17031291127204895,0.9972043037414551,0.9978698492050171
side_person17.mp4,side,45,1500,30.0,848,478,3,left_eye_outer,0.4545825719833374,0.34461915493011475,-0.17036795616149902,0.9978012442588806,0.9978704452514648
side_person17.mp4,side,45,1500,30.0,848,478,4,right_eye_inner,0.4521256983280182,0.345139741897583,-0.13978317379951477,0.9961303472518921,0.9977752566337585
side_person17.mp4,side,45,1500,30.0,848,478,5,right_eye,0.4531133770942688,0.34394165873527527,-0.1398366540670395,0.995794415473938,0.9976494908332825
side_person17.mp4,side,45,1500,30.0,848,478,6,right_eye_outer,0.4542052745819092,0.34285539388656616,-0.1398751586675644,0.9969524145126343,0.9974591135978699
side_person17.mp4,side,45,1500,30.0,848,478,7,left_ear,0.46715548634529114,0.3449940085411072,-0.21311792731285095,0.9958416223526001,0.9969878792762756
side_person17.mp4,side,45,1500,30.0,848,478,8,right_ear,0.46755650639533997,0.3418038487434387,-0.07808776199817657,0.9951051473617554,0.996496856212616
side_person17.mp4,side,45,1500,30.0,848,478,9,mouth_left,0.45759621262550354,0.3788973093032837,-0.16349369287490845,0.9957253336906433,0.9968189001083374
side_person17.mp4,side,45,1500,30.0,848,478,10,mouth_right,0.4572222828865051,0.3792338967323303,-0.12394145876169205,0.9925493001937866,0.9965900182723999
side_person17.mp4,side,45,1500,30.0,848,478,11,left_shoulder,0.4897240996360779,0.4295569062232971,-0.28106623888015747,0.9985764026641846,0.9922186136245728
side_person17.mp4,side,45,1500,30.0,848,478,12,right_shoulder,0.49127283692359924,0.4132857024669647,0.018746931105852127,0.994303286075592,0.9950001239776611
side_person17.mp4,side,45,1500,30.0,848,478,13,left_elbow,0.4086844325065613,0.45693278312683105,-0.33980613946914673,0.9845430254936218,0.9980930685997009
side_person17.mp4,side,45,1500,30.0,848,478,14,right_elbow,0.41793352365493774,0.44844892621040344,0.04138115793466568,0.21289893984794617,0.9988835453987122
side_person17.mp4,side,45,1500,30.0,848,478,15,left_wrist,0.3278290331363678,0.44523173570632935,-0.3216397166252136,0.9743378162384033,0.9966303706169128
side_person17.mp4,side,45,1500,30.0,848,478,16,right_wrist,0.34382355213165283,0.44406816363334656,-0.031035907566547394,0.26029905676841736,0.992314875125885
side_person17.mp4,side,45,1500,30.0,848,478,17,left_pinky,0.31237196922302246,0.4358696937561035,-0.3672245442867279,0.9629804491996765,0.9947664737701416
side_person17.mp4,side,45,1500,30.0,848,478,18,right_pinky,0.33291661739349365,0.4394359886646271,-0.04049999639391899,0.2784801721572876,0.9889988303184509
side_person17.mp4,side,45,1500,30.0,848,478,19,left_index,0.31432345509529114,0.4296874403953552,-0.35088396072387695,0.9601076245307922,0.9950029253959656
side_person17.mp4,side,45,1500,30.0,848,478,20,right_index,0.331723153591156,0.4354408383369446,-0.07145850360393524,0.29086485505104065,0.9871314764022827
side_person17.mp4,side,45,1500,30.0,848,478,21,left_thumb,0.324609637260437,0.432918518781662,-0.31740450859069824,0.9366152286529541,0.9955201148986816
side_person17.mp4,side,45,1500,30.0,848,478,22,right_thumb,0.33022341132164,0.4366827607154846,-0.048104509711265564,0.3141244351863861,0.9893093109130859
side_person17.mp4,side,45,1500,30.0,848,478,23,left_hip,0.5645888447761536,0.6406461596488953,-0.10167928040027618,0.9977033734321594,0.9990148544311523
side_person17.mp4,side,45,1500,30.0,848,478,24,right_hip,0.5469540357589722,0.6153465509414673,0.10170727223157883,0.9957351684570312,0.9994434714317322
side_person17.mp4,side,45,1500,30.0,848,478,25,left_knee,0.47144532203674316,0.7529962658882141,-0.0655389130115509,0.9414482116699219,0.9985812902450562
side_person17.mp4,side,45,1500,30.0,848,478,26,right_knee,0.4579785168170929,0.705365002155304,0.11726880818605423,0.4722197353839874,0.9988139867782593
side_person17.mp4,side,45,1500,30.0,848,478,27,left_ankle,0.5055511593818665,0.9070636034011841,0.07726579904556274,0.959432065486908,0.9965062141418457
side_person17.mp4,side,45,1500,30.0,848,478,28,right_ankle,0.49955227971076965,0.8701907992362976,0.2943294942378998,0.5956952571868896,0.9993461966514587
side_person17.mp4,side,45,1500,30.0,848,478,29,left_heel,0.5181918740272522,0.92908775806427,0.09130854904651642,0.942728579044342,0.9961656332015991
side_person17.mp4,side,45,1500,30.0,848,478,30,right_heel,0.5106368064880371,0.9029332995414734,0.3133563697338104,0.7091904878616333,0.999202311038971
side_person17.mp4,side,45,1500,30.0,848,478,31,left_foot_index,0.4658208191394806,0.9295819997787476,0.07424642145633698,0.9395668506622314,0.9945639371871948
side_person17.mp4,side,45,1500,30.0,848,478,32,right_foot_index,0.46379631757736206,0.9141054749488831,0.31761035323143005,0.6843259334564209,0.9986178874969482
side_person17.mp4,side,46,1533,30.0,848,478,0,nose,0.44910159707069397,0.3724869191646576,-0.14368270337581635,0.9974328279495239,0.9971963167190552
side_person17.mp4,side,46,1533,30.0,848,478,1,left_eye_inner,0.4506665766239166,0.3541734218597412,-0.1633792221546173,0.9972491264343262,0.9971643090248108
side_person17.mp4,side,46,1533,30.0,848,478,2,left_eye,0.45179837942123413,0.3533827066421509,-0.16341818869113922,0.997385561466217,0.9971524477005005
side_person17.mp4,side,46,1533,30.0,848,478,3,left_eye_outer,0.452955424785614,0.3527544438838959,-0.1634814590215683,0.9979458451271057,0.9971749782562256
side_person17.mp4,side,46,1533,30.0,848,478,4,right_eye_inner,0.4504433870315552,0.3536246418952942,-0.1326146274805069,0.9963631629943848,0.9971258044242859
side_person17.mp4,side,46,1533,30.0,848,478,5,right_eye,0.45147180557250977,0.3523595929145813,-0.13266527652740479,0.9960622787475586,0.997008740901947
side_person17.mp4,side,46,1533,30.0,848,478,6,right_eye_outer,0.45262670516967773,0.3511362075805664,-0.13269977271556854,0.9971478581428528,0.9968836903572083
side_person17.mp4,side,46,1533,30.0,848,478,7,left_ear,0.46573606133461,0.35355430841445923,-0.20613358914852142,0.9960069060325623,0.9960361123085022
side_person17.mp4,side,46,1533,30.0,848,478,8,right_ear,0.46597597002983093,0.3503515124320984,-0.06918099522590637,0.9954639077186584,0.9958783388137817
side_person17.mp4,side,46,1533,30.0,848,478,9,mouth_left,0.455729603767395,0.3864973485469818,-0.1564115732908249,0.9959314465522766,0.9964632391929626
side_person17.mp4,side,46,1533,30.0,848,478,10,mouth_right,0.45535653829574585,0.387088805437088,-0.11629468202590942,0.9929092526435852,0.9963077306747437
side_person17.mp4,side,46,1533,30.0,848,478,11,left_shoulder,0.4901898503303528,0.4383947551250458,-0.2744526267051697,0.9985679984092712,0.9931776523590088
side_person17.mp4,side,46,1533,30.0,848,478,12,right_shoulder,0.4869232475757599,0.4248449206352234,0.026617713272571564,0.9943923950195312,0.996494710445404
side_person17.mp4,side,46,1533,30.0,848,478,13,left_elbow,0.40789511799812317,0.4680080711841583,-0.3327537775039673,0.9845632910728455,0.9982593655586243
side_person17.mp4,side,46,1533,30.0,848,478,14,right_elbow,0.4144638776779175,0.459458589553833,0.052360232919454575,0.2324594408273697,0.9991831183433533
side_person17.mp4,side,46,1533,30.0,848,478,15,left_wrist,0.3285967707633972,0.4569684863090515,-0.31715184450149536,0.9755985736846924,0.9963799118995667
side_person17.mp4,side,46,1533,30.0,848,478,16,right_wrist,0.34324911236763,0.4552287459373474,-0.01753552258014679,0.28499266505241394,0.9945982694625854
side_person17.mp4,side,46,1533,30.0,848,478,17,left_pinky,0.31242626905441284,0.4456920623779297,-0.3637828528881073,0.9648239016532898,0.9943097829818726
side_person17.mp4,side,46,1533,30.0,848,478,18,right_pinky,0.3318714499473572,0.4465259909629822,-0.025904806330800056,0.30194947123527527,0.9919136762619019
side_person17.mp4,side,46,1533,30.0,848,478,19,left_index,0.31440556049346924,0.43916481733322144,-0.34643593430519104,0.9620900750160217,0.9945670366287231
side_person17.mp4,side,46,1533,30.0,848,478,20,right_index,0.33066263794898987,0.4428531527519226,-0.057863518595695496,0.3143225610256195,0.9904475212097168
side_person17.mp4,side,46,1533,30.0,848,478,21,left_thumb,0.32353949546813965,0.4433746337890625,-0.3127681016921997,0.9396910071372986,0.9951322674751282
side_person17.mp4,side,46,1533,30.0,848,478,22,right_thumb,0.3314981758594513,0.44564375281333923,-0.03472982347011566,0.3386666476726532,0.9921900629997253
side_person17.mp4,side,46,1533,30.0,848,478,23,left_hip,0.5648049116134644,0.6481550931930542,-0.09938449412584305,0.9978687763214111,0.9989432692527771
side_person17.mp4,side,46,1533,30.0,848,478,24,right_hip,0.5464349985122681,0.6221989393234253,0.09945003688335419,0.9960602521896362,0.9994712471961975
side_person17.mp4,side,46,1533,30.0,848,478,25,left_knee,0.46882686018943787,0.7548444271087646,-0.06710994243621826,0.9438403844833374,0.9978107810020447
side_person17.mp4,side,46,1533,30.0,848,478,26,right_knee,0.4567261040210724,0.7071328163146973,0.11970005929470062,0.4799535572528839,0.9984563589096069
side_person17.mp4,side,46,1533,30.0,848,478,27,left_ankle,0.5056769251823425,0.9070377945899963,0.07891571521759033,0.9591195583343506,0.9951621890068054
side_person17.mp4,side,46,1533,30.0,848,478,28,right_ankle,0.4976695775985718,0.86838299036026,0.2888045310974121,0.5907503962516785,0.9988786578178406
side_person17.mp4,side,46,1533,30.0,848,478,29,left_heel,0.5181702375411987,0.9288478493690491,0.09449654072523117,0.9426425695419312,0.994844913482666
side_person17.mp4,side,46,1533,30.0,848,478,30,right_heel,0.5105692148208618,0.902901828289032,0.3068974018096924,0.7076985239982605,0.9986722469329834
side_person17.mp4,side,46,1533,30.0,848,478,31,left_foot_index,0.46597012877464294,0.9294120669364929,0.08955466747283936,0.9381848573684692,0.9930289387702942
side_person17.mp4,side,46,1533,30.0,848,478,32,right_foot_index,0.46373251080513,0.9134926199913025,0.31333813071250916,0.679591953754425,0.9977479577064514
side_person17.mp4,side,47,1567,30.0,848,478,0,nose,0.44859838485717773,0.3849690556526184,-0.13925069570541382,0.997624397277832,0.9981294274330139
side_person17.mp4,side,47,1567,30.0,848,478,1,left_eye_inner,0.4496710002422333,0.3660918176174164,-0.158578559756279,0.9974549412727356,0.99798583984375
side_person17.mp4,side,47,1567,30.0,848,478,2,left_eye,0.4507923424243927,0.3651161789894104,-0.1586136668920517,0.9975841045379639,0.9979318380355835
side_person17.mp4,side,47,1567,30.0,848,478,3,left_eye_outer,0.4518851637840271,0.364351361989975,-0.15867751836776733,0.9981022477149963,0.9979181885719299
side_person17.mp4,side,47,1567,30.0,848,478,4,right_eye_inner,0.44951608777046204,0.3655600845813751,-0.12830042839050293,0.9966260194778442,0.9979609251022339
side_person17.mp4,side,47,1567,30.0,848,478,5,right_eye,0.4504851996898651,0.36433783173561096,-0.12835410237312317,0.9963553547859192,0.9978470802307129
side_person17.mp4,side,47,1567,30.0,848,478,6,right_eye_outer,0.4516129791736603,0.36307182908058167,-0.12838535010814667,0.9973598122596741,0.9977113008499146
side_person17.mp4,side,47,1567,30.0,848,478,7,left_ear,0.4647355377674103,0.36508452892303467,-0.2006673961877823,0.9962419867515564,0.9969446063041687
side_person17.mp4,side,47,1567,30.0,848,478,8,right_ear,0.4648658335208893,0.3623526394367218,-0.06567015498876572,0.9958304166793823,0.996830403804779
side_person17.mp4,side,47,1567,30.0,848,478,9,mouth_left,0.45489969849586487,0.3986265957355499,-0.151563823223114,0.9961898922920227,0.9973875880241394
side_person17.mp4,side,47,1567,30.0,848,478,10,mouth_right,0.4545837640762329,0.3994276225566864,-0.11210169643163681,0.9933517575263977,0.9972483515739441
side_person17.mp4,side,47,1567,30.0,848,478,11,left_shoulder,0.4897823929786682,0.4477858543395996,-0.2695696949958801,0.9985643625259399,0.9939689636230469
side_person17.mp4,side,47,1567,30.0,848,478,12,right_shoulder,0.4852098524570465,0.4356107711791992,0.027617692947387695,0.9945063591003418,0.9968103766441345
side_person17.mp4,side,47,1567,30.0,848,478,13,left_elbow,0.40582433342933655,0.47727248072624207,-0.31836065649986267,0.9846038818359375,0.9986045956611633
side_person17.mp4,side,47,1567,30.0,848,478,14,right_elbow,0.4103449583053589,0.4679025709629059,0.05673886835575104,0.2547520101070404,0.9993532299995422
side_person17.mp4,side,47,1567,30.0,848,478,15,left_wrist,0.3291899859905243,0.4656407833099365,-0.3047313988208771,0.9768571853637695,0.9974949359893799
side_person17.mp4,side,47,1567,30.0,848,478,16,right_wrist,0.3409174084663391,0.46233969926834106,-0.01443543191999197,0.313561350107193,0.9962060451507568
side_person17.mp4,side,47,1567,30.0,848,478,17,left_pinky,0.31252521276474,0.45158496499061584,-0.35027313232421875,0.9666025042533875,0.9958611130714417
side_person17.mp4,side,47,1567,30.0,848,478,18,right_pinky,0.3269071877002716,0.4514954090118408,-0.023914644494652748,0.32915782928466797,0.9939497709274292
side_person17.mp4,side,47,1567,30.0,848,478,19,left_index,0.3144502341747284,0.44957971572875977,-0.33309221267700195,0.9640171527862549,0.9960772395133972
side_person17.mp4,side,47,1567,30.0,848,478,20,right_index,0.32647788524627686,0.4492205083370209,-0.05532936006784439,0.34159430861473083,0.9928552508354187
side_person17.mp4,side,47,1567,30.0,848,478,21,left_thumb,0.32354819774627686,0.4529944360256195,-0.29997575283050537,0.9427133202552795,0.9965687990188599
side_person17.mp4,side,47,1567,30.0,848,478,22,right_thumb,0.3283824324607849,0.45302292704582214,-0.03140251711010933,0.36629509925842285,0.9943917393684387
side_person17.mp4,side,47,1567,30.0,848,478,23,left_hip,0.5647999048233032,0.6548253297805786,-0.09657269716262817,0.9980263113975525,0.9989857077598572
side_person17.mp4,side,47,1567,30.0,848,478,24,right_hip,0.5463573336601257,0.6306545734405518,0.09663555026054382,0.9963700771331787,0.9994910955429077
side_person17.mp4,side,47,1567,30.0,848,478,25,left_knee,0.46819964051246643,0.754631757736206,-0.05550246685743332,0.946040689945221,0.9983823299407959
side_person17.mp4,side,47,1567,30.0,848,478,26,right_knee,0.45662686228752136,0.7100217938423157,0.12659844756126404,0.4893059730529785,0.9987490177154541
side_person17.mp4,side,47,1567,30.0,848,478,27,left_ankle,0.5056478977203369,0.9070138335227966,0.09655237197875977,0.9594250917434692,0.996168315410614
side_person17.mp4,side,47,1567,30.0,848,478,28,right_ankle,0.4980020821094513,0.8640088438987732,0.3027591407299042,0.5883896946907043,0.9992040991783142
side_person17.mp4,side,47,1567,30.0,848,478,29,left_heel,0.517909824848175,0.9285088777542114,0.11268065869808197,0.943545937538147,0.9958414435386658
side_person17.mp4,side,47,1567,30.0,848,478,30,right_heel,0.5106172561645508,0.9010904431343079,0.3223111629486084,0.7089927196502686,0.9990575909614563
side_person17.mp4,side,47,1567,30.0,848,478,31,left_foot_index,0.4658869206905365,0.9297102689743042,0.10648451000452042,0.938001811504364,0.9943401217460632
side_person17.mp4,side,47,1567,30.0,848,478,32,right_foot_index,0.46400490403175354,0.9109507203102112,0.33139702677726746,0.6786639094352722,0.9984511137008667
side_person17.mp4,side,48,1600,30.0,848,478,0,nose,0.4476204216480255,0.39473190903663635,-0.1444711834192276,0.9978023171424866,0.9984044432640076
side_person17.mp4,side,48,1600,30.0,848,478,1,left_eye_inner,0.44860097765922546,0.3764587342739105,-0.1638880968093872,0.9976451396942139,0.9983002543449402
side_person17.mp4,side,48,1600,30.0,848,478,2,left_eye,0.4496164917945862,0.37559643387794495,-0.16392073035240173,0.9977673292160034,0.9982707500457764
side_person17.mp4,side,48,1600,30.0,848,478,3,left_eye_outer,0.4506404399871826,0.3749120533466339,-0.16398872435092926,0.9982452988624573,0.9982677698135376
side_person17.mp4,side,48,1600,30.0,848,478,4,right_eye_inner,0.44842973351478577,0.37605413794517517,-0.13344208896160126,0.9968691468238831,0.9982821941375732
side_person17.mp4,side,48,1600,30.0,848,478,5,right_eye,0.4493485689163208,0.37487396597862244,-0.13350003957748413,0.9966263175010681,0.9982013702392578
side_person17.mp4,side,48,1600,30.0,848,478,6,right_eye_outer,0.4504278898239136,0.37368595600128174,-0.1335264891386032,0.9975557923316956,0.998114824295044
side_person17.mp4,side,48,1600,30.0,848,478,7,left_ear,0.46335741877555847,0.3760458827018738,-0.20536589622497559,0.9964653253555298,0.9973932504653931
side_person17.mp4,side,48,1600,30.0,848,478,8,right_ear,0.46349677443504333,0.3733350336551666,-0.06942125409841537,0.9961696267127991,0.9974024891853333
side_person17.mp4,side,48,1600,30.0,848,478,9,mouth_left,0.45366379618644714,0.4084227383136749,-0.156468465924263,0.9964413642883301,0.9978587031364441
side_person17.mp4,side,48,1600,30.0,848,478,10,mouth_right,0.4533889591693878,0.409118115901947,-0.1166502833366394,0.9937980771064758,0.9978212118148804
side_person17.mp4,side,48,1600,30.0,848,478,11,left_shoulder,0.48916465044021606,0.45953261852264404,-0.26829493045806885,0.9985888600349426,0.995026171207428
side_person17.mp4,side,48,1600,30.0,848,478,12,right_shoulder,0.4824156165122986,0.44547924399375916,0.02366773411631584,0.9947159290313721,0.997761607170105
side_person17.mp4,side,48,1600,30.0,848,478,13,left_elbow,0.40464264154434204,0.4883512556552887,-0.318973571062088,0.9849144220352173,0.9987862706184387
side_person17.mp4,side,48,1600,30.0,848,478,14,right_elbow,0.4079810082912445,0.47716224193573,0.05594375729560852,0.2816199064254761,0.9995112419128418
side_person17.mp4,side,48,1600,30.0,848,478,15,left_wrist,0.32957538962364197,0.47445785999298096,-0.31331947445869446,0.9781791567802429,0.997809112071991
side_person17.mp4,side,48,1600,30.0,848,478,16,right_wrist,0.33913201093673706,0.46941840648651123,-0.016371920704841614,0.34752434492111206,0.9971514344215393
side_person17.mp4,side,48,1600,30.0,848,478,17,left_pinky,0.31261301040649414,0.46115419268608093,-0.36158519983291626,0.9684215784072876,0.9963451027870178
side_person17.mp4,side,48,1600,30.0,848,478,18,right_pinky,0.3255944848060608,0.45910707116127014,-0.025900008156895638,0.3608733117580414,0.9952954649925232
side_person17.mp4,side,48,1600,30.0,848,478,19,left_index,0.3169039189815521,0.4582332670688629,-0.34521278738975525,0.9659773111343384,0.9965153932571411
side_person17.mp4,side,48,1600,30.0,848,478,20,right_index,0.32499706745147705,0.4572494328022003,-0.058384742587804794,0.3733956217765808,0.9943907856941223
side_person17.mp4,side,48,1600,30.0,848,478,21,left_thumb,0.323543518781662,0.461906373500824,-0.30947378277778625,0.9457184076309204,0.9969524145126343
side_person17.mp4,side,48,1600,30.0,848,478,22,right_thumb,0.3269690275192261,0.4607905447483063,-0.03364434093236923,0.3981017470359802,0.9956842660903931
side_person17.mp4,side,48,1600,30.0,848,478,23,left_hip,0.5649288892745972,0.6636362075805664,-0.09591761231422424,0.9981679320335388,0.9989432692527771
side_person17.mp4,side,48,1600,30.0,848,478,24,right_hip,0.5456122159957886,0.6377288699150085,0.09598366171121597,0.9966506361961365,0.9994934797286987
side_person17.mp4,side,48,1600,30.0,848,478,25,left_knee,0.4683492183685303,0.7565872073173523,-0.052201349288225174,0.9479060769081116,0.9983223080635071
side_person17.mp4,side,48,1600,30.0,848,478,26,right_knee,0.4564126431941986,0.712852418422699,0.1358577311038971,0.4960755705833435,0.9987635612487793
side_person17.mp4,side,48,1600,30.0,848,478,27,left_ankle,0.5055429935455322,0.9074451923370361,0.10671757161617279,0.9591389894485474,0.9962536096572876
side_person17.mp4,side,48,1600,30.0,848,478,28,right_ankle,0.49824804067611694,0.864866316318512,0.3172994554042816,0.5840578079223633,0.9991023540496826
side_person17.mp4,side,48,1600,30.0,848,478,29,left_heel,0.5178487300872803,0.9288339614868164,0.12354321032762527,0.9434986710548401,0.996081531047821
side_person17.mp4,side,48,1600,30.0,848,478,30,right_heel,0.5103877186775208,0.8990722894668579,0.337541788816452,0.7088412046432495,0.9989768266677856
side_person17.mp4,side,48,1600,30.0,848,478,31,left_foot_index,0.46556365489959717,0.9296361804008484,0.11853580921888351,0.9369276762008667,0.9948559999465942
side_person17.mp4,side,48,1600,30.0,848,478,32,right_foot_index,0.46255192160606384,0.9093981981277466,0.34810394048690796,0.6769300103187561,0.9984161853790283
side_person17.mp4,side,49,1633,30.0,848,478,0,nose,0.4461990296840668,0.4038309156894684,-0.12987014651298523,0.9979659914970398,0.9987035989761353
side_person17.mp4,side,49,1633,30.0,848,478,1,left_eye_inner,0.447004497051239,0.3854568898677826,-0.15023469924926758,0.9978185892105103,0.9986316561698914
side_person17.mp4,side,49,1633,30.0,848,478,2,left_eye,0.447925329208374,0.38460421562194824,-0.15025556087493896,0.9979345202445984,0.9986417889595032
side_person17.mp4,side,49,1633,30.0,848,478,3,left_eye_outer,0.44889554381370544,0.3839588761329651,-0.1503339558839798,0.9983750581741333,0.9986500144004822
side_person17.mp4,side,49,1633,30.0,848,478,4,right_eye_inner,0.44700393080711365,0.3852800726890564,-0.11823567003011703,0.9970890879631042,0.9985789060592651
side_person17.mp4,side,49,1633,30.0,848,478,5,right_eye,0.4479748010635376,0.3842187225818634,-0.11826616525650024,0.9968711733818054,0.9984951019287109
side_person17.mp4,side,49,1633,30.0,848,478,6,right_eye_outer,0.44910675287246704,0.38318875432014465,-0.11825655400753021,0.9977337121963501,0.9984110593795776
side_person17.mp4,side,49,1633,30.0,848,478,7,left_ear,0.4614717960357666,0.385190486907959,-0.19459198415279388,0.9966737627983093,0.9981879591941833
side_person17.mp4,side,49,1633,30.0,848,478,8,right_ear,0.46195274591445923,0.3829948902130127,-0.0513741709291935,0.9964635968208313,0.9978837370872498
side_person17.mp4,side,49,1633,30.0,848,478,9,mouth_left,0.45234397053718567,0.41739827394485474,-0.14329296350479126,0.9966585040092468,0.9983013868331909
side_person17.mp4,side,49,1633,30.0,848,478,10,mouth_right,0.45236626267433167,0.4184489846229553,-0.10150539875030518,0.9941997528076172,0.9981361627578735
side_person17.mp4,side,49,1633,30.0,848,478,11,left_shoulder,0.4865754246711731,0.46958595514297485,-0.25944602489471436,0.9985916614532471,0.9963812828063965
side_person17.mp4,side,49,1633,30.0,848,478,12,right_shoulder,0.4819081425666809,0.45571574568748474,0.04284312203526497,0.9948602318763733,0.9975672960281372
side_person17.mp4,side,49,1633,30.0,848,478,13,left_elbow,0.4043304920196533,0.49988436698913574,-0.29602229595184326,0.9846788048744202,0.9985207915306091
side_person17.mp4,side,49,1633,30.0,848,478,14,right_elbow,0.4089619517326355,0.4874407947063446,0.07938630878925323,0.2896634042263031,0.9992341995239258
side_person17.mp4,side,49,1633,30.0,848,478,15,left_wrist,0.32934603095054626,0.48369598388671875,-0.2528206706047058,0.9788932800292969,0.9971179962158203
side_person17.mp4,side,49,1633,30.0,848,478,16,right_wrist,0.34029924869537354,0.4781189262866974,0.010301949456334114,0.3586166203022003,0.9951789379119873
side_person17.mp4,side,49,1633,30.0,848,478,17,left_pinky,0.3130817711353302,0.472249299287796,-0.29417234659194946,0.969424307346344,0.9954553842544556
side_person17.mp4,side,49,1633,30.0,848,478,18,right_pinky,0.3285589814186096,0.46823593974113464,0.0011209009680896997,0.3723205029964447,0.9924606680870056
side_person17.mp4,side,49,1633,30.0,848,478,19,left_index,0.31757527589797974,0.4675523638725281,-0.2799958884716034,0.9671024084091187,0.9956328272819519
side_person17.mp4,side,49,1633,30.0,848,478,20,right_index,0.3275277018547058,0.4660611152648926,-0.027436958625912666,0.3854057788848877,0.9915986061096191
side_person17.mp4,side,49,1633,30.0,848,478,21,left_thumb,0.3254148066043854,0.4707668125629425,-0.24857564270496368,0.9476410746574402,0.9961399435997009
side_person17.mp4,side,49,1633,30.0,848,478,22,right_thumb,0.3289673626422882,0.46902787685394287,-0.00575349060818553,0.4111538231372833,0.9930359721183777
side_person17.mp4,side,49,1633,30.0,848,478,23,left_hip,0.5648725628852844,0.6738914847373962,-0.09602577984333038,0.9982646107673645,0.9989972710609436
side_person17.mp4,side,49,1633,30.0,848,478,24,right_hip,0.5455659627914429,0.6474918127059937,0.09611032903194427,0.9968754649162292,0.9994096755981445
side_person17.mp4,side,49,1633,30.0,848,478,25,left_knee,0.4624229371547699,0.7557560205459595,-0.060275837779045105,0.9485841989517212,0.9985052347183228
side_person17.mp4,side,49,1633,30.0,848,478,26,right_knee,0.45557039976119995,0.7123391032218933,0.15563641488552094,0.49379071593284607,0.9987447261810303
side_person17.mp4,side,49,1633,30.0,848,478,27,left_ankle,0.5057610869407654,0.9075741171836853,0.10868488252162933,0.9565204381942749,0.9978079199790955
side_person17.mp4,side,49,1633,30.0,848,478,28,right_ankle,0.5010219216346741,0.8653497695922852,0.32105258107185364,0.5776582360267639,0.9990087747573853
side_person17.mp4,side,49,1633,30.0,848,478,29,left_heel,0.5184852480888367,0.9289113879203796,0.12852972745895386,0.9408800601959229,0.9978341460227966
side_person17.mp4,side,49,1633,30.0,848,478,30,right_heel,0.5131664276123047,0.8977940678596497,0.33916276693344116,0.7040959000587463,0.9989669322967529
side_person17.mp4,side,49,1633,30.0,848,478,31,left_foot_index,0.4660987854003906,0.9296435117721558,0.14399182796478271,0.9334138035774231,0.9969246983528137
side_person17.mp4,side,49,1633,30.0,848,478,32,right_foot_index,0.46374136209487915,0.9092334508895874,0.3560831546783447,0.6727195978164673,0.9984104633331299
side_person17.mp4,side,50,1667,30.0,848,478,0,nose,0.44586020708084106,0.4164186120033264,-0.12351103872060776,0.998096227645874,0.9980809688568115
side_person17.mp4,side,50,1667,30.0,848,478,1,left_eye_inner,0.4463109076023102,0.3971400558948517,-0.1451137810945511,0.997958242893219,0.9981198906898499
side_person17.mp4,side,50,1667,30.0,848,478,2,left_eye,0.44720369577407837,0.39628323912620544,-0.1451258510351181,0.9980705380439758,0.9981569647789001
side_person17.mp4,side,50,1667,30.0,848,478,3,left_eye_outer,0.44816988706588745,0.39559078216552734,-0.1452021449804306,0.9984787702560425,0.998199462890625
side_person17.mp4,side,50,1667,30.0,848,478,4,right_eye_inner,0.4464162290096283,0.39695408940315247,-0.11181028932332993,0.9972641468048096,0.998050332069397
side_person17.mp4,side,50,1667,30.0,848,478,5,right_eye,0.44742926955223083,0.39589112997055054,-0.11182864755392075,0.9970690608024597,0.9979704022407532
side_person17.mp4,side,50,1667,30.0,848,478,6,right_eye_outer,0.4485938251018524,0.39484676718711853,-0.11181489378213882,0.997877299785614,0.9979141354560852
side_person17.mp4,side,50,1667,30.0,848,478,7,left_ear,0.4608844816684723,0.3957957923412323,-0.19279851019382477,0.9968348145484924,0.9976664781570435
side_person17.mp4,side,50,1667,30.0,848,478,8,right_ear,0.4615934193134308,0.3936193585395813,-0.044014669954776764,0.9967016577720642,0.9973211884498596
side_person17.mp4,side,50,1667,30.0,848,478,9,mouth_left,0.45212504267692566,0.430368036031723,-0.1385214775800705,0.996833086013794,0.9978660941123962
side_person17.mp4,side,50,1667,30.0,848,478,10,mouth_right,0.45227259397506714,0.431380957365036,-0.09508831053972244,0.9945434927940369,0.9977436065673828
side_person17.mp4,side,50,1667,30.0,848,478,11,left_shoulder,0.485058456659317,0.4780712425708771,-0.2599247097969055,0.9985694885253906,0.9960154891014099
side_person17.mp4,side,50,1667,30.0,848,478,12,right_shoulder,0.48217615485191345,0.46621036529541016,0.054470501840114594,0.9949848651885986,0.9975087642669678
side_person17.mp4,side,50,1667,30.0,848,478,13,left_elbow,0.40412840247154236,0.5095024704933167,-0.3003598153591156,0.9843552708625793,0.9980835914611816
side_person17.mp4,side,50,1667,30.0,848,478,14,right_elbow,0.40777143836021423,0.49617263674736023,0.09221762418746948,0.2924456298351288,0.9990313053131104
side_person17.mp4,side,50,1667,30.0,848,478,15,left_wrist,0.32731419801712036,0.49329254031181335,-0.2498238980770111,0.9791977405548096,0.9959003329277039
side_person17.mp4,side,50,1667,30.0,848,478,16,right_wrist,0.3377181589603424,0.48687687516212463,0.01695415936410427,0.3638712465763092,0.9940906167030334
side_person17.mp4,side,50,1667,30.0,848,478,17,left_pinky,0.3129707872867584,0.4868139624595642,-0.2903376817703247,0.9698906540870667,0.9935626983642578
side_person17.mp4,side,50,1667,30.0,848,478,18,right_pinky,0.32436445355415344,0.4773297905921936,0.006791640538722277,0.3796016573905945,0.9906741976737976
side_person17.mp4,side,50,1667,30.0,848,478,19,left_index,0.31670495867729187,0.47987380623817444,-0.2761755883693695,0.9676532745361328,0.9937463998794556
side_person17.mp4,side,50,1667,30.0,848,478,20,right_index,0.32339048385620117,0.47598686814308167,-0.022035794332623482,0.3933184742927551,0.9897178411483765
side_person17.mp4,side,50,1667,30.0,848,478,21,left_thumb,0.32079508900642395,0.4820461571216583,-0.24521425366401672,0.9486935138702393,0.9944615364074707
side_person17.mp4,side,50,1667,30.0,848,478,22,right_thumb,0.32557424902915955,0.478816419839859,0.00035393593134358525,0.4200300872325897,0.9914900660514832
side_person17.mp4,side,50,1667,30.0,848,478,23,left_hip,0.5645970106124878,0.6818719506263733,-0.09935066103935242,0.998324453830719,0.9985710382461548
side_person17.mp4,side,50,1667,30.0,848,478,24,right_hip,0.5457208156585693,0.6571753025054932,0.09943919628858566,0.9970434308052063,0.9991544485092163
side_person17.mp4,side,50,1667,30.0,848,478,25,left_knee,0.45794785022735596,0.755463182926178,-0.07427161931991577,0.9484058618545532,0.9984676241874695
side_person17.mp4,side,50,1667,30.0,848,478,26,right_knee,0.45459112524986267,0.7120953798294067,0.15948747098445892,0.48489776253700256,0.9985670447349548
side_person17.mp4,side,50,1667,30.0,848,478,27,left_ankle,0.5051465630531311,0.9073454141616821,0.10214120149612427,0.9542387127876282,0.9977546334266663
side_person17.mp4,side,50,1667,30.0,848,478,28,right_ankle,0.5012289881706238,0.8657029271125793,0.32046282291412354,0.5662800073623657,0.9986768364906311
side_person17.mp4,side,50,1667,30.0,848,478,29,left_heel,0.5184664130210876,0.9289162158966064,0.12221205979585648,0.9387656450271606,0.997857391834259
side_person17.mp4,side,50,1667,30.0,848,478,30,right_heel,0.5130966305732727,0.8968998789787292,0.337643563747406,0.6954748034477234,0.9986788630485535
side_person17.mp4,side,50,1667,30.0,848,478,31,left_foot_index,0.4659753739833832,0.9299902319908142,0.13889530301094055,0.9305190443992615,0.9968231916427612
side_person17.mp4,side,50,1667,30.0,848,478,32,right_foot_index,0.46410825848579407,0.9099221229553223,0.3513813018798828,0.6645060181617737,0.9980465173721313
side_person17.mp4,side,51,1700,30.0,848,478,0,nose,0.445593923330307,0.4250296354293823,-0.13244250416755676,0.9981859922409058,0.9979859590530396
side_person17.mp4,side,51,1700,30.0,848,478,1,left_eye_inner,0.4461536109447479,0.4070918560028076,-0.15440654754638672,0.9980610609054565,0.9981990456581116
side_person17.mp4,side,51,1700,30.0,848,478,2,left_eye,0.4470435678958893,0.40632808208465576,-0.15442776679992676,0.9981719851493835,0.9982702732086182
side_person17.mp4,side,51,1700,30.0,848,478,3,left_eye_outer,0.44800683856010437,0.40571328997612,-0.15450194478034973,0.9985533356666565,0.9983548521995544
side_person17.mp4,side,51,1700,30.0,848,478,4,right_eye_inner,0.44626152515411377,0.40677493810653687,-0.1207149550318718,0.9973870515823364,0.9980777502059937
side_person17.mp4,side,51,1700,30.0,848,478,5,right_eye,0.44728192687034607,0.40572524070739746,-0.1207321360707283,0.9972134232521057,0.9979854822158813
side_person17.mp4,side,51,1700,30.0,848,478,6,right_eye_outer,0.44844987988471985,0.40469565987586975,-0.12072785943746567,0.9979793429374695,0.9979420304298401
side_person17.mp4,side,51,1700,30.0,848,478,7,left_ear,0.46046215295791626,0.40661096572875977,-0.20198389887809753,0.9969394207000732,0.9979807734489441
side_person17.mp4,side,51,1700,30.0,848,478,8,right_ear,0.4612441062927246,0.40409034490585327,-0.05070190504193306,0.9968953132629395,0.9974735379219055
side_person17.mp4,side,51,1700,30.0,848,478,9,mouth_left,0.45208078622817993,0.4408181309700012,-0.1471128910779953,0.9969394207000732,0.9980741739273071
side_person17.mp4,side,51,1700,30.0,848,478,10,mouth_right,0.4522790014743805,0.44189539551734924,-0.10306283831596375,0.9948021769523621,0.997922956943512
side_person17.mp4,side,51,1700,30.0,848,478,11,left_shoulder,0.484142929315567,0.4888474941253662,-0.27047601342201233,0.9985827803611755,0.9972473978996277
side_person17.mp4,side,51,1700,30.0,848,478,12,right_shoulder,0.4811002314090729,0.4744890034198761,0.051125261932611465,0.9951674938201904,0.9983409643173218
side_person17.mp4,side,51,1700,30.0,848,478,13,left_elbow,0.4041857123374939,0.5187584161758423,-0.31196773052215576,0.9840318560600281,0.9984501600265503
side_person17.mp4,side,51,1700,30.0,848,478,14,right_elbow,0.4067448675632477,0.5027446150779724,0.09015635401010513,0.29461926221847534,0.9992212057113647
side_person17.mp4,side,51,1700,30.0,848,478,15,left_wrist,0.32493141293525696,0.5024816989898682,-0.25495725870132446,0.9796329140663147,0.9961011409759521
side_person17.mp4,side,51,1700,30.0,848,478,16,right_wrist,0.33794328570365906,0.5004260540008545,0.011434949934482574,0.3719460368156433,0.9946156144142151
side_person17.mp4,side,51,1700,30.0,848,478,17,left_pinky,0.31206652522087097,0.49719780683517456,-0.29778337478637695,0.9705377221107483,0.993883490562439
side_person17.mp4,side,51,1700,30.0,848,478,18,right_pinky,0.32145270705223083,0.48680219054222107,0.0014473024057224393,0.38932159543037415,0.9914032816886902
side_person17.mp4,side,51,1700,30.0,848,478,19,left_index,0.316435843706131,0.4844910800457001,-0.28817591071128845,0.9683775901794434,0.9940675497055054
side_person17.mp4,side,51,1700,30.0,848,478,20,right_index,0.32101836800575256,0.4851602613925934,-0.029671762138605118,0.4035874903202057,0.9903138279914856
side_person17.mp4,side,51,1700,30.0,848,478,21,left_thumb,0.31847283244132996,0.49069663882255554,-0.2523711025714874,0.9498467445373535,0.994644284248352
side_person17.mp4,side,51,1700,30.0,848,478,22,right_thumb,0.32287389039993286,0.4882306754589081,-0.005880300886929035,0.4310900866985321,0.9920814037322998
side_person17.mp4,side,51,1700,30.0,848,478,23,left_hip,0.5645436644554138,0.6913800239562988,-0.10085630416870117,0.9984303116798401,0.9993138313293457
side_person17.mp4,side,51,1700,30.0,848,478,24,right_hip,0.545707106590271,0.6632007360458374,0.10094994306564331,0.997250497341156,0.9995927214622498
side_person17.mp4,side,51,1700,30.0,848,478,25,left_knee,0.4565697908401489,0.7552725672721863,-0.08111372590065002,0.948564350605011,0.9988099336624146
side_person17.mp4,side,51,1700,30.0,848,478,26,right_knee,0.454711377620697,0.7103800773620605,0.1715279370546341,0.4754056930541992,0.9988852143287659
side_person17.mp4,side,51,1700,30.0,848,478,27,left_ankle,0.5051663517951965,0.9068496823310852,0.10661786794662476,0.9513298273086548,0.9983782768249512
side_person17.mp4,side,51,1700,30.0,848,478,28,right_ankle,0.501196563243866,0.860239565372467,0.33414047956466675,0.5530540347099304,0.9989458918571472
side_person17.mp4,side,51,1700,30.0,848,478,29,left_heel,0.519133448600769,0.9289328455924988,0.12818573415279388,0.9351423978805542,0.9984856247901917
side_person17.mp4,side,51,1700,30.0,848,478,30,right_heel,0.5161654353141785,0.8764860033988953,0.351470410823822,0.6838540434837341,0.9989609718322754
side_person17.mp4,side,51,1700,30.0,848,478,31,left_foot_index,0.46643632650375366,0.9297341108322144,0.1511939913034439,0.9265024662017822,0.9975935816764832
side_person17.mp4,side,51,1700,30.0,848,478,32,right_foot_index,0.46631112694740295,0.9068094491958618,0.36984482407569885,0.6543199419975281,0.9983208775520325
side_person17.mp4,side,52,1733,30.0,848,478,0,nose,0.4435546100139618,0.43035122752189636,-0.16283132135868073,0.9982916712760925,0.9975958466529846
side_person17.mp4,side,52,1733,30.0,848,478,1,left_eye_inner,0.44454294443130493,0.4133263826370239,-0.1856164038181305,0.9981834292411804,0.9980443716049194
side_person17.mp4,side,52,1733,30.0,848,478,2,left_eye,0.44550302624702454,0.41274529695510864,-0.1856311708688736,0.9982912540435791,0.9982136487960815
side_person17.mp4,side,52,1733,30.0,848,478,3,left_eye_outer,0.4465557634830475,0.41233378648757935,-0.1857035905122757,0.9986428022384644,0.9983730316162109
side_person17.mp4,side,52,1733,30.0,848,478,4,right_eye_inner,0.4445840120315552,0.41295725107192993,-0.1509871780872345,0.9975305199623108,0.9976978898048401
side_person17.mp4,side,52,1733,30.0,848,478,5,right_eye,0.44559744000434875,0.4120112657546997,-0.15102441608905792,0.9973738789558411,0.9975622892379761
side_person17.mp4,side,52,1733,30.0,848,478,6,right_eye_outer,0.446767121553421,0.4111095666885376,-0.1510356366634369,0.9980922341346741,0.9975134134292603
side_person17.mp4,side,52,1733,30.0,848,478,7,left_ear,0.4593752324581146,0.4145973026752472,-0.23283639550209045,0.9971044659614563,0.9980650544166565
side_person17.mp4,side,52,1733,30.0,848,478,8,right_ear,0.4597630500793457,0.4118022620677948,-0.07726510614156723,0.9971033930778503,0.9970255494117737
side_person17.mp4,side,52,1733,30.0,848,478,9,mouth_left,0.45045435428619385,0.44585296511650085,-0.17705611884593964,0.9970976710319519,0.997951090335846
side_person17.mp4,side,52,1733,30.0,848,478,10,mouth_right,0.4503103792667389,0.44564923644065857,-0.13175761699676514,0.9951184391975403,0.997648298740387
side_person17.mp4,side,52,1733,30.0,848,478,11,left_shoulder,0.48362287878990173,0.5006076693534851,-0.2957754135131836,0.9986072182655334,0.9972724318504333
side_person17.mp4,side,52,1733,30.0,848,478,12,right_shoulder,0.478933185338974,0.4809556305408478,0.025815147906541824,0.9953703880310059,0.9984825253486633
side_person17.mp4,side,52,1733,30.0,848,478,13,left_elbow,0.40268394351005554,0.5304475426673889,-0.34425967931747437,0.9839957356452942,0.9979598522186279
side_person17.mp4,side,52,1733,30.0,848,478,14,right_elbow,0.40369969606399536,0.5121460556983948,0.06148487329483032,0.2980470359325409,0.9989450573921204
side_person17.mp4,side,52,1733,30.0,848,478,15,left_wrist,0.32552212476730347,0.5162445902824402,-0.31357434391975403,0.9802108407020569,0.9954547882080078
side_person17.mp4,side,52,1733,30.0,848,478,16,right_wrist,0.3331907391548157,0.5063328742980957,-0.022936159744858742,0.38229140639305115,0.9914764761924744
side_person17.mp4,side,52,1733,30.0,848,478,17,left_pinky,0.3108477294445038,0.5016948580741882,-0.3626190721988678,0.9714131355285645,0.9926185011863708
side_person17.mp4,side,52,1733,30.0,848,478,18,right_pinky,0.31452128291130066,0.4917449951171875,-0.03564809635281563,0.4017796814441681,0.9862273335456848
side_person17.mp4,side,52,1733,30.0,848,478,19,left_index,0.3158004581928253,0.48654407262802124,-0.35056841373443604,0.9693652391433716,0.9929162263870239
side_person17.mp4,side,52,1733,30.0,848,478,20,right_index,0.31540560722351074,0.4907050132751465,-0.06963859498500824,0.4167306423187256,0.984379768371582
side_person17.mp4,side,52,1733,30.0,848,478,21,left_thumb,0.31880125403404236,0.4934660792350769,-0.3111969828605652,0.9513695240020752,0.9937194585800171
side_person17.mp4,side,52,1733,30.0,848,478,22,right_thumb,0.3160565495491028,0.49531254172325134,-0.04147017374634743,0.4447830617427826,0.9873179793357849
side_person17.mp4,side,52,1733,30.0,848,478,23,left_hip,0.5645192265510559,0.6983471512794495,-0.10220856964588165,0.9985291957855225,0.9992069602012634
side_person17.mp4,side,52,1733,30.0,848,478,24,right_hip,0.5456861257553101,0.6679280996322632,0.1023072674870491,0.9974456429481506,0.9996007084846497
side_person17.mp4,side,52,1733,30.0,848,478,25,left_knee,0.45377352833747864,0.7548477053642273,-0.08751241862773895,0.9490463733673096,0.9985101819038391
side_person17.mp4,side,52,1733,30.0,848,478,26,right_knee,0.4528127610683441,0.7104066610336304,0.165391206741333,0.47023218870162964,0.9987239241600037
side_person17.mp4,side,52,1733,30.0,848,478,27,left_ankle,0.5051275491714478,0.9058778285980225,0.10110905766487122,0.9499350190162659,0.9978825449943542
side_person17.mp4,side,52,1733,30.0,848,478,28,right_ankle,0.5007269382476807,0.8598886728286743,0.3333548903465271,0.5424310564994812,0.9984049201011658
side_person17.mp4,side,52,1733,30.0,848,478,29,left_heel,0.5193138718605042,0.9249337911605835,0.12201283872127533,0.9332059025764465,0.998095691204071
side_person17.mp4,side,52,1733,30.0,848,478,30,right_heel,0.5157877802848816,0.8792517185211182,0.35146385431289673,0.6742311120033264,0.9984473586082458
side_person17.mp4,side,52,1733,30.0,848,478,31,left_foot_index,0.4665091037750244,0.9297630786895752,0.14486829936504364,0.9238970279693604,0.9965634942054749
side_person17.mp4,side,52,1733,30.0,848,478,32,right_foot_index,0.466675728559494,0.90696120262146,0.3718417286872864,0.6447433829307556,0.9972060322761536
side_person17.mp4,side,53,1767,30.0,848,478,0,nose,0.4423280358314514,0.44466453790664673,-0.1591736376285553,0.9983747005462646,0.9982831478118896
side_person17.mp4,side,53,1767,30.0,848,478,1,left_eye_inner,0.4425866901874542,0.4259980320930481,-0.18193143606185913,0.9982835054397583,0.9986428618431091
side_person17.mp4,side,53,1767,30.0,848,478,2,left_eye,0.4435105621814728,0.42524075508117676,-0.18195848166942596,0.9983896613121033,0.9987629652023315
side_person17.mp4,side,53,1767,30.0,848,478,3,left_eye_outer,0.4445457458496094,0.4246165156364441,-0.18203550577163696,0.9987172484397888,0.9988836646080017
side_person17.mp4,side,53,1767,30.0,848,478,4,right_eye_inner,0.4425051808357239,0.4256916344165802,-0.14736244082450867,0.997650682926178,0.9984196424484253
side_person17.mp4,side,53,1767,30.0,848,478,5,right_eye,0.44339659810066223,0.42460376024246216,-0.14739003777503967,0.9975103735923767,0.998331606388092
side_person17.mp4,side,53,1767,30.0,848,478,6,right_eye_outer,0.44444864988327026,0.42353859543800354,-0.14739321172237396,0.9981867671012878,0.9983080625534058
side_person17.mp4,side,53,1767,30.0,848,478,7,left_ear,0.4578403830528259,0.4253830015659332,-0.23027853667736053,0.9972360730171204,0.9987074136734009
side_person17.mp4,side,53,1767,30.0,848,478,8,right_ear,0.45776113867759705,0.4230216443538666,-0.07460549473762512,0.9972823262214661,0.998028576374054
side_person17.mp4,side,53,1767,30.0,848,478,9,mouth_left,0.44914770126342773,0.45761263370513916,-0.17375095188617706,0.9972317218780518,0.9985947012901306
side_person17.mp4,side,53,1767,30.0,848,478,10,mouth_right,0.4490886926651001,0.45832693576812744,-0.12838226556777954,0.995406448841095,0.9984121322631836
side_person17.mp4,side,53,1767,30.0,848,478,11,left_shoulder,0.4832746684551239,0.5091577172279358,-0.2951604723930359,0.9986528158187866,0.99818354845047
side_person17.mp4,side,53,1767,30.0,848,478,12,right_shoulder,0.4776468575000763,0.4889269173145294,0.0299787949770689,0.9956042766571045,0.9989640712738037
side_person17.mp4,side,53,1767,30.0,848,478,13,left_elbow,0.40143755078315735,0.5390751361846924,-0.3507573902606964,0.98423832654953,0.998728334903717
side_person17.mp4,side,53,1767,30.0,848,478,14,right_elbow,0.4037698209285736,0.5150104761123657,0.06688109785318375,0.30097249150276184,0.9992713332176208
side_person17.mp4,side,53,1767,30.0,848,478,15,left_wrist,0.32338520884513855,0.5274367928504944,-0.32742810249328613,0.9810009598731995,0.9963100552558899
side_person17.mp4,side,53,1767,30.0,848,478,16,right_wrist,0.3351956009864807,0.5069536566734314,-0.01806332729756832,0.393373966217041,0.9948803186416626
side_person17.mp4,side,53,1767,30.0,848,478,17,left_pinky,0.2960326671600342,0.5140267610549927,-0.37815287709236145,0.9724696278572083,0.993733823299408
side_person17.mp4,side,53,1767,30.0,848,478,18,right_pinky,0.31767603754997253,0.4972621202468872,-0.029303736984729767,0.41407397389411926,0.991600513458252
side_person17.mp4,side,53,1767,30.0,848,478,19,left_index,0.3074445128440857,0.5022290945053101,-0.36279797554016113,0.9705156087875366,0.9939393997192383
side_person17.mp4,side,53,1767,30.0,848,478,20,right_index,0.31777751445770264,0.4961080551147461,-0.06417948007583618,0.42941439151763916,0.9904148578643799
side_person17.mp4,side,53,1767,30.0,848,478,21,left_thumb,0.3081505000591278,0.5068463087081909,-0.3240371346473694,0.9530436396598816,0.9946962594985962
side_person17.mp4,side,53,1767,30.0,848,478,22,right_thumb,0.31822338700294495,0.5000338554382324,-0.03680656850337982,0.4574715495109558,0.992422878742218
side_person17.mp4,side,53,1767,30.0,848,478,23,left_hip,0.5642884373664856,0.7071086168289185,-0.10301737487316132,0.9986342787742615,0.9994912147521973
side_person17.mp4,side,53,1767,30.0,848,478,24,right_hip,0.5456668138504028,0.6738055348396301,0.10312358289957047,0.9976351261138916,0.9997183680534363
side_person17.mp4,side,53,1767,30.0,848,478,25,left_knee,0.45274946093559265,0.7554947137832642,-0.0902700424194336,0.9489323496818542,0.9986787438392639
side_person17.mp4,side,53,1767,30.0,848,478,26,right_knee,0.4516318440437317,0.7113162279129028,0.17666836082935333,0.4621325135231018,0.998956561088562
side_person17.mp4,side,53,1767,30.0,848,478,27,left_ankle,0.504588782787323,0.9032945036888123,0.10704954713582993,0.9461387395858765,0.998078465461731
side_person17.mp4,side,53,1767,30.0,848,478,28,right_ankle,0.4992440640926361,0.8489574193954468,0.3436235785484314,0.5289160013198853,0.9985982775688171
side_person17.mp4,side,53,1767,30.0,848,478,29,left_heel,0.5192887187004089,0.921440064907074,0.1294194906949997,0.9279945492744446,0.9982991814613342
side_person17.mp4,side,53,1767,30.0,848,478,30,right_heel,0.5154763460159302,0.8790037035942078,0.36124032735824585,0.6618645191192627,0.9986477494239807
side_person17.mp4,side,53,1767,30.0,848,478,31,left_foot_index,0.4664838910102844,0.9297745823860168,0.15612226724624634,0.9186837077140808,0.9972833395004272
side_person17.mp4,side,53,1767,30.0,848,478,32,right_foot_index,0.4669390022754669,0.9067317247390747,0.38198089599609375,0.6340039372444153,0.9976924657821655
side_person17.mp4,side,54,1800,30.0,848,478,0,nose,0.4408365786075592,0.4519689381122589,-0.16945424675941467,0.9984648823738098,0.9983135461807251
side_person17.mp4,side,54,1800,30.0,848,478,1,left_eye_inner,0.4412643015384674,0.43308955430984497,-0.19189582765102386,0.9983882308006287,0.9986856579780579
side_person17.mp4,side,54,1800,30.0,848,478,2,left_eye,0.4422753155231476,0.4325459897518158,-0.1919202208518982,0.9984894394874573,0.9988092184066772
side_person17.mp4,side,54,1800,30.0,848,478,3,left_eye_outer,0.44340625405311584,0.4321841597557068,-0.19200319051742554,0.9987943768501282,0.9989263415336609
side_person17.mp4,side,54,1800,30.0,848,478,4,right_eye_inner,0.4411105811595917,0.4324677288532257,-0.1576155722141266,0.9977809190750122,0.9984442591667175
side_person17.mp4,side,54,1800,30.0,848,478,5,right_eye,0.4420202374458313,0.43138250708580017,-0.1576470285654068,0.9976560473442078,0.9983482360839844
side_person17.mp4,side,54,1800,30.0,848,478,6,right_eye_outer,0.4431401789188385,0.43026062846183777,-0.15764130651950836,0.9982911944389343,0.9983164072036743
side_person17.mp4,side,54,1800,30.0,848,478,7,left_ear,0.45721137523651123,0.43424418568611145,-0.2384505420923233,0.9973701238632202,0.9986894726753235
side_person17.mp4,side,54,1800,30.0,848,478,8,right_ear,0.4568469822406769,0.43107083439826965,-0.08370217680931091,0.9974672198295593,0.9980127811431885
side_person17.mp4,side,54,1800,30.0,848,478,9,mouth_left,0.44789135456085205,0.46614405512809753,-0.18327730894088745,0.9973570108413696,0.9985042810440063
side_person17.mp4,side,54,1800,30.0,848,478,10,mouth_right,0.4478780925273895,0.4666100740432739,-0.13812550902366638,0.99568772315979,0.9983738660812378
side_person17.mp4,side,54,1800,30.0,848,478,11,left_shoulder,0.4828273355960846,0.5193758010864258,-0.298067569732666,0.998695433139801,0.9980517625808716
side_person17.mp4,side,54,1800,30.0,848,478,12,right_shoulder,0.4765720069408417,0.49481695890426636,0.01832462102174759,0.9958286881446838,0.999046266078949
side_person17.mp4,side,54,1800,30.0,848,478,13,left_elbow,0.3987578749656677,0.5451353192329407,-0.3575952649116516,0.9846290946006775,0.9989238381385803
side_person17.mp4,side,54,1800,30.0,848,478,14,right_elbow,0.4030173718929291,0.5159677267074585,0.05566100776195526,0.30452674627304077,0.9993901252746582
side_person17.mp4,side,54,1800,30.0,848,478,15,left_wrist,0.3064570128917694,0.5318643450737,-0.34186139702796936,0.9819191694259644,0.9967582821846008
side_person17.mp4,side,54,1800,30.0,848,478,16,right_wrist,0.3358520269393921,0.5085968375205994,-0.03034903109073639,0.405337929725647,0.9957815408706665
side_person17.mp4,side,54,1800,30.0,848,478,17,left_pinky,0.2897528111934662,0.5255966186523438,-0.39497771859169006,0.9737071394920349,0.9941726326942444
side_person17.mp4,side,54,1800,30.0,848,478,18,right_pinky,0.32011014223098755,0.49769720435142517,-0.041107721626758575,0.42739683389663696,0.9928362965583801
side_person17.mp4,side,54,1800,30.0,848,478,19,left_index,0.3021335303783417,0.513416588306427,-0.3776552081108093,0.9718542695045471,0.9944619536399841
side_person17.mp4,side,54,1800,30.0,848,478,20,right_index,0.31988194584846497,0.4973807632923126,-0.07827576249837875,0.44297757744789124,0.9915809035301208
side_person17.mp4,side,54,1800,30.0,848,478,21,left_thumb,0.30154716968536377,0.5167626738548279,-0.33827441930770874,0.9549917578697205,0.9951375126838684
side_person17.mp4,side,54,1800,30.0,848,478,22,right_thumb,0.3206949830055237,0.501874566078186,-0.04962477087974548,0.4708939790725708,0.9934803247451782
side_person17.mp4,side,54,1800,30.0,848,478,23,left_hip,0.5637224912643433,0.7150369882583618,-0.10295908153057098,0.9987272620201111,0.9995019435882568
side_person17.mp4,side,54,1800,30.0,848,478,24,right_hip,0.5453124642372131,0.6781848073005676,0.10307151079177856,0.9978030323982239,0.9997492432594299
side_person17.mp4,side,54,1800,30.0,848,478,25,left_knee,0.4517514705657959,0.7558693289756775,-0.09548255801200867,0.9482065439224243,0.9985091090202332
side_person17.mp4,side,54,1800,30.0,848,478,26,right_knee,0.4508630037307739,0.7120434641838074,0.1674712598323822,0.45135924220085144,0.9990187883377075
side_person17.mp4,side,54,1800,30.0,848,478,27,left_ankle,0.503559410572052,0.9028950929641724,0.10509505122900009,0.9423947930335999,0.9980812072753906
side_person17.mp4,side,54,1800,30.0,848,478,28,right_ankle,0.4981495440006256,0.849947452545166,0.33174583315849304,0.5148488283157349,0.9986618757247925
side_person17.mp4,side,54,1800,30.0,848,478,29,left_heel,0.5192160606384277,0.9210090041160583,0.12368369847536087,0.9234102964401245,0.9983762502670288
side_person17.mp4,side,54,1800,30.0,848,478,30,right_heel,0.5144292712211609,0.8757144212722778,0.3491080701351166,0.6505057215690613,0.9987221360206604
side_person17.mp4,side,54,1800,30.0,848,478,31,left_foot_index,0.4664648175239563,0.9296088218688965,0.14242585003376007,0.9130953550338745,0.9974746108055115
side_person17.mp4,side,54,1800,30.0,848,478,32,right_foot_index,0.46679845452308655,0.905586302280426,0.36675119400024414,0.6224465370178223,0.9976850748062134
side_person17.mp4,side,55,1833,30.0,848,478,0,nose,0.43888214230537415,0.4582747220993042,-0.1655498594045639,0.9985477328300476,0.9986611604690552
side_person17.mp4,side,55,1833,30.0,848,478,1,left_eye_inner,0.43996885418891907,0.4396968483924866,-0.18801897764205933,0.9984890818595886,0.999009370803833
side_person17.mp4,side,55,1833,30.0,848,478,2,left_eye,0.44098591804504395,0.43922287225723267,-0.18804261088371277,0.9985858798027039,0.9991104006767273
side_person17.mp4,side,55,1833,30.0,848,478,3,left_eye_outer,0.4420938193798065,0.4390014708042145,-0.18812575936317444,0.9988684058189392,0.9992018342018127
side_person17.mp4,side,55,1833,30.0,848,478,4,right_eye_inner,0.4400031268596649,0.43888136744499207,-0.15369881689548492,0.9979045391082764,0.9987873435020447
side_person17.mp4,side,55,1833,30.0,848,478,5,right_eye,0.44102978706359863,0.4377395510673523,-0.153728649020195,0.9977937936782837,0.9986916184425354
side_person17.mp4,side,55,1833,30.0,848,478,6,right_eye_outer,0.4422992169857025,0.4365580081939697,-0.15371759235858917,0.998388946056366,0.9986500144004822
side_person17.mp4,side,55,1833,30.0,848,478,7,left_ear,0.4559139609336853,0.44114363193511963,-0.23479478061199188,0.9975080490112305,0.9990394711494446
side_person17.mp4,side,55,1833,30.0,848,478,8,right_ear,0.4558006227016449,0.43765735626220703,-0.07990377396345139,0.9976381659507751,0.9983685612678528
side_person17.mp4,side,55,1833,30.0,848,478,9,mouth_left,0.445580393075943,0.4721415936946869,-0.17948417365550995,0.9974789619445801,0.9988034963607788
side_person17.mp4,side,55,1833,30.0,848,478,10,mouth_right,0.4458411633968353,0.4725111126899719,-0.13428182899951935,0.9959562420845032,0.9986366629600525
side_person17.mp4,side,55,1833,30.0,848,478,11,left_shoulder,0.4811188280582428,0.5272097587585449,-0.29418453574180603,0.9987409710884094,0.9984366297721863
side_person17.mp4,side,55,1833,30.0,848,478,12,right_shoulder,0.47530579566955566,0.5010790824890137,0.022075597196817398,0.9960299730300903,0.9991055130958557
side_person17.mp4,side,55,1833,30.0,848,478,13,left_elbow,0.3958272337913513,0.5513817071914673,-0.3517317473888397,0.9849486947059631,0.9990649819374084
side_person17.mp4,side,55,1833,30.0,848,478,14,right_elbow,0.4024388790130615,0.5201694965362549,0.06109131872653961,0.3058029115200043,0.9993756413459778
side_person17.mp4,side,55,1833,30.0,848,478,15,left_wrist,0.2985364496707916,0.5395523309707642,-0.3333951234817505,0.9827158451080322,0.9970712661743164
side_person17.mp4,side,55,1833,30.0,848,478,16,right_wrist,0.3369104862213135,0.5117825269699097,-0.022988256067037582,0.41563957929611206,0.9956339001655579
side_person17.mp4,side,55,1833,30.0,848,478,17,left_pinky,0.28262871503829956,0.5343706011772156,-0.38590604066848755,0.9747637510299683,0.9945850968360901
side_person17.mp4,side,55,1833,30.0,848,478,18,right_pinky,0.3211880028247833,0.5016897320747375,-0.033101100474596024,0.43938302993774414,0.9925897121429443
side_person17.mp4,side,55,1833,30.0,848,478,19,left_index,0.29355481266975403,0.5216277837753296,-0.3681463599205017,0.9729892015457153,0.9948398470878601
side_person17.mp4,side,55,1833,30.0,848,478,20,right_index,0.32085293531417847,0.501499593257904,-0.07011426240205765,0.4552049934864044,0.9913323521614075
side_person17.mp4,side,55,1833,30.0,848,478,21,left_thumb,0.2958456873893738,0.5253770351409912,-0.329501748085022,0.9566461443901062,0.9955184459686279
side_person17.mp4,side,55,1833,30.0,848,478,22,right_thumb,0.32185837626457214,0.5068126916885376,-0.042074356228113174,0.4827699661254883,0.9932934045791626
side_person17.mp4,side,55,1833,30.0,848,478,23,left_hip,0.5631749629974365,0.7218057513237,-0.102936752140522,0.9988197088241577,0.999652624130249
side_person17.mp4,side,55,1833,30.0,848,478,24,right_hip,0.5452361106872559,0.6838028430938721,0.10305282473564148,0.9979632496833801,0.9998053908348083
side_person17.mp4,side,55,1833,30.0,848,478,25,left_knee,0.449336439371109,0.7565034627914429,-0.0991431176662445,0.9473391771316528,0.99870765209198
side_person17.mp4,side,55,1833,30.0,848,478,26,right_knee,0.4512781798839569,0.7119811177253723,0.16644392907619476,0.43834635615348816,0.9991052746772766
side_person17.mp4,side,55,1833,30.0,848,478,27,left_ankle,0.5029597878456116,0.900971531867981,0.09950179606676102,0.9382023811340332,0.998388409614563
side_person17.mp4,side,55,1833,30.0,848,478,28,right_ankle,0.4975259304046631,0.8509003520011902,0.3295018672943115,0.49988454580307007,0.9987109899520874
side_person17.mp4,side,55,1833,30.0,848,478,29,left_heel,0.5190285444259644,0.9208706021308899,0.12223776429891586,0.9185771942138672,0.9986390471458435
side_person17.mp4,side,55,1833,30.0,848,478,30,right_heel,0.5117617845535278,0.8732832074165344,0.346733421087265,0.6386489868164062,0.9987955093383789
side_person17.mp4,side,55,1833,30.0,848,478,31,left_foot_index,0.46525880694389343,0.9295026063919067,0.13973137736320496,0.9071698784828186,0.9977865219116211
side_person17.mp4,side,55,1833,30.0,848,478,32,right_foot_index,0.46555590629577637,0.9052206873893738,0.36714786291122437,0.6101424098014832,0.9977165460586548
side_person17.mp4,side,56,1867,30.0,848,478,0,nose,0.4381040930747986,0.46765148639678955,-0.16300782561302185,0.9986157417297363,0.9988418221473694
side_person17.mp4,side,56,1867,30.0,848,478,1,left_eye_inner,0.4392565190792084,0.449979305267334,-0.18597924709320068,0.9985809922218323,0.9992378950119019
side_person17.mp4,side,56,1867,30.0,848,478,2,left_eye,0.4401978552341461,0.449572890996933,-0.1860053986310959,0.9986760020256042,0.9993366599082947
side_person17.mp4,side,56,1867,30.0,848,478,3,left_eye_outer,0.4412078261375427,0.4494069516658783,-0.1860923022031784,0.9989370703697205,0.9994206428527832
side_person17.mp4,side,56,1867,30.0,848,478,4,right_eye_inner,0.4394848048686981,0.4488830268383026,-0.1509096324443817,0.9980116486549377,0.9990009665489197
side_person17.mp4,side,56,1867,30.0,848,478,5,right_eye,0.44053325057029724,0.44776451587677,-0.1509370654821396,0.9979112148284912,0.9989025592803955
side_person17.mp4,side,56,1867,30.0,848,478,6,right_eye_outer,0.4418095350265503,0.44670960307121277,-0.15091738104820251,0.9984686970710754,0.998859167098999
side_person17.mp4,side,56,1867,30.0,848,478,7,left_ear,0.45516374707221985,0.4517282247543335,-0.2349831759929657,0.9976466298103333,0.9993495345115662
side_person17.mp4,side,56,1867,30.0,848,478,8,right_ear,0.45543843507766724,0.44779399037361145,-0.0765257254242897,0.9977875351905823,0.998634397983551
side_person17.mp4,side,56,1867,30.0,848,478,9,mouth_left,0.4443398714065552,0.48101869225502014,-0.17760294675827026,0.9975882172584534,0.9990764856338501
side_person17.mp4,side,56,1867,30.0,848,478,10,mouth_right,0.44501805305480957,0.4803561866283417,-0.13136941194534302,0.9961921572685242,0.9988627433776855
side_person17.mp4,side,56,1867,30.0,848,478,11,left_shoulder,0.4801420569419861,0.5379776954650879,-0.2946651875972748,0.9987956285476685,0.9989470839500427
side_person17.mp4,side,56,1867,30.0,848,478,12,right_shoulder,0.4762808680534363,0.5041685700416565,0.02656114287674427,0.9961966872215271,0.999214768409729
side_person17.mp4,side,56,1867,30.0,848,478,13,left_elbow,0.39547935128211975,0.5629885196685791,-0.3522506654262543,0.985377848148346,0.9993294477462769
side_person17.mp4,side,56,1867,30.0,848,478,14,right_elbow,0.4032673239707947,0.5231164693832397,0.07284379750490189,0.3042105436325073,0.9994381070137024
side_person17.mp4,side,56,1867,30.0,848,478,15,left_wrist,0.2962791323661804,0.5495922565460205,-0.3310968577861786,0.9835983514785767,0.9976577758789062
side_person17.mp4,side,56,1867,30.0,848,478,16,right_wrist,0.3378679156303406,0.5128419399261475,-0.018466154113411903,0.4288077652454376,0.995763897895813
side_person17.mp4,side,56,1867,30.0,848,478,17,left_pinky,0.2804590165615082,0.5466018319129944,-0.38390475511550903,0.9759389162063599,0.9954140186309814
side_person17.mp4,side,56,1867,30.0,848,478,18,right_pinky,0.32145529985427856,0.5020449161529541,-0.028206083923578262,0.4546380639076233,0.992890477180481
side_person17.mp4,side,56,1867,30.0,848,478,19,left_index,0.2882876396179199,0.5352131724357605,-0.36537793278694153,0.9742318987846375,0.995591402053833
side_person17.mp4,side,56,1867,30.0,848,478,20,right_index,0.32118210196495056,0.5023182034492493,-0.06651720404624939,0.4705412983894348,0.991797685623169
side_person17.mp4,side,56,1867,30.0,848,478,21,left_thumb,0.2911529839038849,0.5369184017181396,-0.3267717957496643,0.9584642052650452,0.9962812066078186
side_person17.mp4,side,56,1867,30.0,848,478,22,right_thumb,0.3223707675933838,0.5070302486419678,-0.039377033710479736,0.49754542112350464,0.9936933517456055
side_person17.mp4,side,56,1867,30.0,848,478,23,left_hip,0.5630413889884949,0.7297989726066589,-0.10311225801706314,0.9989070892333984,0.9997381567955017
side_person17.mp4,side,56,1867,30.0,848,478,24,right_hip,0.5464068651199341,0.6893789172172546,0.1032351702451706,0.998106062412262,0.9998200535774231
side_person17.mp4,side,56,1867,30.0,848,478,25,left_knee,0.4484899342060089,0.754324734210968,-0.09553979337215424,0.9459434151649475,0.9989925026893616
side_person17.mp4,side,56,1867,30.0,848,478,26,right_knee,0.4515717327594757,0.7119141221046448,0.17521965503692627,0.4237382411956787,0.9992019534111023
side_person17.mp4,side,56,1867,30.0,848,478,27,left_ankle,0.5030648708343506,0.897342324256897,0.09802037477493286,0.934840977191925,0.9984695315361023
side_person17.mp4,side,56,1867,30.0,848,478,28,right_ankle,0.4980911314487457,0.8499216437339783,0.3435293734073639,0.48444512486457825,0.9986897110939026
side_person17.mp4,side,56,1867,30.0,848,478,29,left_heel,0.5195923447608948,0.9206886887550354,0.119761161506176,0.9145493507385254,0.9986767172813416
side_person17.mp4,side,56,1867,30.0,848,478,30,right_heel,0.5116602778434753,0.8720917701721191,0.36134982109069824,0.6265259981155396,0.9987886548042297
side_person17.mp4,side,56,1867,30.0,848,478,31,left_foot_index,0.4654025435447693,0.9293389916419983,0.1443464457988739,0.90179443359375,0.997857391834259
side_person17.mp4,side,56,1867,30.0,848,478,32,right_foot_index,0.4664241373538971,0.9049352407455444,0.38510823249816895,0.5972175598144531,0.997771680355072
side_person17.mp4,side,57,1900,30.0,848,478,0,nose,0.43779298663139343,0.4749893546104431,-0.1748674511909485,0.9986808896064758,0.9988337159156799
side_person17.mp4,side,57,1900,30.0,848,478,1,left_eye_inner,0.43883833289146423,0.4574696123600006,-0.1981448084115982,0.9986635446548462,0.9991707801818848
side_person17.mp4,side,57,1900,30.0,848,478,2,left_eye,0.43981626629829407,0.4570188820362091,-0.19817085564136505,0.9987554550170898,0.9992687106132507
side_person17.mp4,side,57,1900,30.0,848,478,3,left_eye_outer,0.44090723991394043,0.45672789216041565,-0.1982632428407669,0.9989975690841675,0.9993532299995422
side_person17.mp4,side,57,1900,30.0,848,478,4,right_eye_inner,0.43899574875831604,0.4564056992530823,-0.16304047405719757,0.9981078505516052,0.9989598989486694
side_person17.mp4,side,57,1900,30.0,848,478,5,right_eye,0.44006749987602234,0.4552442729473114,-0.16307690739631653,0.9980196356773376,0.9988804459571838
side_person17.mp4,side,57,1900,30.0,848,478,6,right_eye_outer,0.441345751285553,0.45411619544029236,-0.16305655241012573,0.9985451698303223,0.998857855796814
side_person17.mp4,side,57,1900,30.0,848,478,7,left_ear,0.45505213737487793,0.45906949043273926,-0.24650579690933228,0.9977641701698303,0.9992437362670898
side_person17.mp4,side,57,1900,30.0,848,478,8,right_ear,0.45529821515083313,0.4547828435897827,-0.08746888488531113,0.9979251623153687,0.9986810088157654
side_person17.mp4,side,57,1900,30.0,848,478,9,mouth_left,0.44424641132354736,0.4882453978061676,-0.1890549212694168,0.9976941347122192,0.9990861415863037
side_person17.mp4,side,57,1900,30.0,848,478,10,mouth_right,0.444622278213501,0.4879220724105835,-0.14267797768115997,0.9964190125465393,0.9989556074142456
side_person17.mp4,side,57,1900,30.0,848,478,11,left_shoulder,0.4791051745414734,0.5457571148872375,-0.30177032947540283,0.9988453388214111,0.9988980293273926
side_person17.mp4,side,57,1900,30.0,848,478,12,right_shoulder,0.475590318441391,0.5103567242622375,0.01648636721074581,0.9964065551757812,0.9994508624076843
side_person17.mp4,side,57,1900,30.0,848,478,13,left_elbow,0.39419957995414734,0.5723512172698975,-0.3588539659976959,0.9857602715492249,0.9991758465766907
side_person17.mp4,side,57,1900,30.0,848,478,14,right_elbow,0.4024275243282318,0.5282720327377319,0.064201220870018,0.31113043427467346,0.9995749592781067
side_person17.mp4,side,57,1900,30.0,848,478,15,left_wrist,0.29654639959335327,0.557314395904541,-0.34316718578338623,0.9843484163284302,0.9970229268074036
side_person17.mp4,side,57,1900,30.0,848,478,16,right_wrist,0.3377113938331604,0.51465904712677,-0.022191232070326805,0.4475524425506592,0.9966377019882202
side_person17.mp4,side,57,1900,30.0,848,478,17,left_pinky,0.27977463603019714,0.5517862439155579,-0.3978235125541687,0.9769185185432434,0.9944252967834473
side_person17.mp4,side,57,1900,30.0,848,478,18,right_pinky,0.32226625084877014,0.5048407912254333,-0.031752683222293854,0.47345486283302307,0.9939975738525391
side_person17.mp4,side,57,1900,30.0,848,478,19,left_index,0.28900209069252014,0.5400375723838806,-0.37986356019973755,0.9752817749977112,0.994746208190918
side_person17.mp4,side,57,1900,30.0,848,478,20,right_index,0.3210143446922302,0.5081575512886047,-0.07077860832214355,0.4895044267177582,0.9929540753364563
side_person17.mp4,side,57,1900,30.0,848,478,21,left_thumb,0.2923532724380493,0.543067991733551,-0.33938857913017273,0.9599944949150085,0.9954724907875061
side_person17.mp4,side,57,1900,30.0,848,478,22,right_thumb,0.32194748520851135,0.512904703617096,-0.04215807467699051,0.5157890915870667,0.9947369694709778
side_person17.mp4,side,57,1900,30.0,848,478,23,left_hip,0.5630387663841248,0.7365550994873047,-0.10301143676042557,0.9989854097366333,0.9996944665908813
side_person17.mp4,side,57,1900,30.0,848,478,24,right_hip,0.5463864803314209,0.6946346759796143,0.10314247012138367,0.9982411861419678,0.999836802482605
side_person17.mp4,side,57,1900,30.0,848,478,25,left_knee,0.44885706901550293,0.7559667825698853,-0.10125909745693207,0.9441444277763367,0.99869304895401
side_person17.mp4,side,57,1900,30.0,848,478,26,right_knee,0.45146963000297546,0.7135900855064392,0.17497894167900085,0.4142954647541046,0.9991990923881531
side_person17.mp4,side,57,1900,30.0,848,478,27,left_ankle,0.5030884742736816,0.8975722193717957,0.09698997437953949,0.9285037517547607,0.9984515905380249
side_person17.mp4,side,57,1900,30.0,848,478,28,right_ankle,0.4980737268924713,0.8496960401535034,0.342613160610199,0.4716063439846039,0.9987292885780334
side_person17.mp4,side,57,1900,30.0,848,478,29,left_heel,0.5199946761131287,0.9213582873344421,0.11848556995391846,0.9076205492019653,0.9987094402313232
side_person17.mp4,side,57,1900,30.0,848,478,30,right_heel,0.5095795392990112,0.8717913627624512,0.3605539798736572,0.6151633858680725,0.99882572889328
side_person17.mp4,side,57,1900,30.0,848,478,31,left_foot_index,0.46540310978889465,0.9293457269668579,0.14758948981761932,0.8935382962226868,0.998008668422699
side_person17.mp4,side,57,1900,30.0,848,478,32,right_foot_index,0.46639448404312134,0.9047545194625854,0.3859002888202667,0.5864375233650208,0.9978176355361938
side_person17.mp4,side,58,1933,30.0,848,478,0,nose,0.4364530146121979,0.4803023040294647,-0.16914448142051697,0.9986782670021057,0.998556911945343
side_person17.mp4,side,58,1933,30.0,848,478,1,left_eye_inner,0.43792083859443665,0.46391725540161133,-0.19223693013191223,0.9986906051635742,0.9989916682243347
side_person17.mp4,side,58,1933,30.0,848,478,2,left_eye,0.4388456642627716,0.463532030582428,-0.1922631561756134,0.9987881183624268,0.9991199374198914
side_person17.mp4,side,58,1933,30.0,848,478,3,left_eye_outer,0.439873069524765,0.4633640944957733,-0.19234946370124817,0.9990172386169434,0.9992226362228394
side_person17.mp4,side,58,1933,30.0,848,478,4,right_eye_inner,0.43821007013320923,0.4627828299999237,-0.15720951557159424,0.9981103539466858,0.9987460374832153
side_person17.mp4,side,58,1933,30.0,848,478,5,right_eye,0.43928855657577515,0.4615825116634369,-0.15724292397499084,0.9980325102806091,0.9986529350280762
side_person17.mp4,side,58,1933,30.0,848,478,6,right_eye_outer,0.44056305289268494,0.46049946546554565,-0.15722523629665375,0.99854576587677,0.9986335635185242
side_person17.mp4,side,58,1933,30.0,848,478,7,left_ear,0.4541213810443878,0.4658089280128479,-0.24168770015239716,0.9977821111679077,0.9991130232810974
side_person17.mp4,side,58,1933,30.0,848,478,8,right_ear,0.4546845853328705,0.4612901210784912,-0.08281777799129486,0.997976541519165,0.9984033703804016
side_person17.mp4,side,58,1933,30.0,848,478,9,mouth_left,0.44277092814445496,0.4936562776565552,-0.18375784158706665,0.9976596832275391,0.9988928437232971
side_person17.mp4,side,58,1933,30.0,848,478,10,mouth_right,0.44310569763183594,0.4924696981906891,-0.13748551905155182,0.9964893460273743,0.9987221360206604
side_person17.mp4,side,58,1933,30.0,848,478,11,left_shoulder,0.47693198919296265,0.5536578893661499,-0.2989662289619446,0.9988745450973511,0.9987552165985107
side_person17.mp4,side,58,1933,30.0,848,478,12,right_shoulder,0.4757942259311676,0.516132652759552,0.02095196209847927,0.9965030550956726,0.9993184804916382
side_person17.mp4,side,58,1933,30.0,848,478,13,left_elbow,0.39445582032203674,0.5773367881774902,-0.35389113426208496,0.9859285950660706,0.9990547299385071
side_person17.mp4,side,58,1933,30.0,848,478,14,right_elbow,0.4027557671070099,0.5318605899810791,0.06843660771846771,0.31264081597328186,0.9995357990264893
side_person17.mp4,side,58,1933,30.0,848,478,15,left_wrist,0.300883948802948,0.5629672408103943,-0.3341538906097412,0.9847992062568665,0.99676513671875
side_person17.mp4,side,58,1933,30.0,848,478,16,right_wrist,0.3379020094871521,0.5193153023719788,-0.021529648452997208,0.4659048616886139,0.9964774250984192
side_person17.mp4,side,58,1933,30.0,848,478,17,left_pinky,0.28390100598335266,0.5588259696960449,-0.3866499662399292,0.977415919303894,0.9942863583564758
side_person17.mp4,side,58,1933,30.0,848,478,18,right_pinky,0.3231382668018341,0.5061158537864685,-0.02996046096086502,0.49198436737060547,0.9939297437667847
side_person17.mp4,side,58,1933,30.0,848,478,19,left_index,0.29198312759399414,0.5456805229187012,-0.3693994879722595,0.9758064150810242,0.9944764971733093
side_person17.mp4,side,58,1933,30.0,848,478,20,right_index,0.321824312210083,0.5084822177886963,-0.06837540864944458,0.5082434415817261,0.9930063486099243
side_person17.mp4,side,58,1933,30.0,848,478,21,left_thumb,0.2956004738807678,0.5480592846870422,-0.33025553822517395,0.9606999754905701,0.9952111840248108
side_person17.mp4,side,58,1933,30.0,848,478,22,right_thumb,0.3247225284576416,0.5147767663002014,-0.041011400520801544,0.5335043668746948,0.9947060942649841
side_person17.mp4,side,58,1933,30.0,848,478,23,left_hip,0.5630147457122803,0.743080198764801,-0.10318788141012192,0.9990341067314148,0.999539852142334
side_person17.mp4,side,58,1933,30.0,848,478,24,right_hip,0.546662449836731,0.700150191783905,0.10332416743040085,0.9983323216438293,0.9997438788414001
side_person17.mp4,side,58,1933,30.0,848,478,25,left_knee,0.4496593773365021,0.7559555768966675,-0.0995379090309143,0.9424183368682861,0.9982724189758301
side_person17.mp4,side,58,1933,30.0,848,478,26,right_knee,0.45158496499061584,0.7133044004440308,0.18159057199954987,0.4039609730243683,0.9990149736404419
side_person17.mp4,side,58,1933,30.0,848,478,27,left_ankle,0.503052294254303,0.8977680206298828,0.10232491791248322,0.9225487112998962,0.9977916479110718
side_person17.mp4,side,58,1933,30.0,848,478,28,right_ankle,0.4978099763393402,0.8502693772315979,0.34382060170173645,0.46032240986824036,0.998302698135376
side_person17.mp4,side,58,1933,30.0,848,478,29,left_heel,0.5205717086791992,0.9222435355186462,0.12408905476331711,0.899840772151947,0.9981364011764526
side_person17.mp4,side,58,1933,30.0,848,478,30,right_heel,0.5096351504325867,0.873150110244751,0.36110222339630127,0.6050469875335693,0.9984036087989807
side_person17.mp4,side,58,1933,30.0,848,478,31,left_foot_index,0.4655016362667084,0.9293432235717773,0.15327441692352295,0.8846904635429382,0.9974504113197327
side_person17.mp4,side,58,1933,30.0,848,478,32,right_foot_index,0.465729296207428,0.9058072566986084,0.3854779601097107,0.5757589936256409,0.9974006414413452
side_person17.mp4,side,59,1967,30.0,848,478,0,nose,0.4362424910068512,0.48443540930747986,-0.16556040942668915,0.998698890209198,0.9985573887825012
side_person17.mp4,side,59,1967,30.0,848,478,1,left_eye_inner,0.43763798475265503,0.46819356083869934,-0.18836280703544617,0.9987359046936035,0.999030590057373
side_person17.mp4,side,59,1967,30.0,848,478,2,left_eye,0.43840673565864563,0.4681374132633209,-0.1883893609046936,0.9988365173339844,0.9991686344146729
side_person17.mp4,side,59,1967,30.0,848,478,3,left_eye_outer,0.43927502632141113,0.4683149755001068,-0.1884719729423523,0.9990513920783997,0.9992777705192566
side_person17.mp4,side,59,1967,30.0,848,478,4,right_eye_inner,0.4381711483001709,0.46684664487838745,-0.1537950485944748,0.9981452226638794,0.9987284541130066
side_person17.mp4,side,59,1967,30.0,848,478,5,right_eye,0.43929147720336914,0.46580445766448975,-0.15382973849773407,0.9980745911598206,0.9986055493354797
side_person17.mp4,side,59,1967,30.0,848,478,6,right_eye_outer,0.4406210780143738,0.46489259600639343,-0.15382255613803864,0.9985685348510742,0.99856036901474
side_person17.mp4,side,59,1967,30.0,848,478,7,left_ear,0.45320990681648254,0.47157368063926697,-0.2375658005475998,0.9978497624397278,0.9992015957832336
side_person17.mp4,side,59,1967,30.0,848,478,8,right_ear,0.45453914999961853,0.46651336550712585,-0.08223435282707214,0.9980562329292297,0.9982896447181702
side_person17.mp4,side,59,1967,30.0,848,478,9,mouth_left,0.44219669699668884,0.49773335456848145,-0.18005837500095367,0.9976705312728882,0.9989282488822937
side_person17.mp4,side,59,1967,30.0,848,478,10,mouth_right,0.4430193305015564,0.49678903818130493,-0.1344740241765976,0.9966049194335938,0.9986710548400879
side_person17.mp4,side,59,1967,30.0,848,478,11,left_shoulder,0.4758490324020386,0.5610750317573547,-0.29669836163520813,0.9989125728607178,0.9989603757858276
side_person17.mp4,side,59,1967,30.0,848,478,12,right_shoulder,0.4758545160293579,0.5207897424697876,0.02169322967529297,0.9966042041778564,0.999190628528595
side_person17.mp4,side,59,1967,30.0,848,478,13,left_elbow,0.39392751455307007,0.5832895636558533,-0.35296377539634705,0.9863426685333252,0.9993684887886047
side_person17.mp4,side,59,1967,30.0,848,478,14,right_elbow,0.4030672609806061,0.5359665751457214,0.0805601254105568,0.31174081563949585,0.9994423985481262
side_person17.mp4,side,59,1967,30.0,848,478,15,left_wrist,0.3019201457500458,0.5660468339920044,-0.33481135964393616,0.985489010810852,0.9977218508720398
side_person17.mp4,side,59,1967,30.0,848,478,16,right_wrist,0.3384585380554199,0.5197773575782776,-0.0034338412806391716,0.4799991846084595,0.9958899617195129
side_person17.mp4,side,59,1967,30.0,848,478,17,left_pinky,0.28419631719589233,0.5599731802940369,-0.3881700336933136,0.978327751159668,0.9956324696540833
side_person17.mp4,side,59,1967,30.0,848,478,18,right_pinky,0.32451316714286804,0.5084448456764221,-0.010130287148058414,0.5070552825927734,0.9933419823646545
side_person17.mp4,side,59,1967,30.0,848,478,19,left_index,0.2927933931350708,0.5452901124954224,-0.36991432309150696,0.9767614603042603,0.9957101345062256
side_person17.mp4,side,59,1967,30.0,848,478,20,right_index,0.3233087658882141,0.5106939077377319,-0.048825159668922424,0.5233900547027588,0.9922916293144226
side_person17.mp4,side,59,1967,30.0,848,478,21,left_thumb,0.2965679466724396,0.5483823418617249,-0.33061033487319946,0.9621084928512573,0.9963719844818115
side_person17.mp4,side,59,1967,30.0,848,478,22,right_thumb,0.32635799050331116,0.5158635973930359,-0.022560182958841324,0.5478262901306152,0.9940114617347717
side_person17.mp4,side,59,1967,30.0,848,478,23,left_hip,0.5630344152450562,0.7501479387283325,-0.10321956872940063,0.999091625213623,0.9996488094329834
side_person17.mp4,side,59,1967,30.0,848,478,24,right_hip,0.5480116605758667,0.709132969379425,0.10335918515920639,0.9984266757965088,0.9997398257255554
side_person17.mp4,side,59,1967,30.0,848,478,25,left_knee,0.44998687505722046,0.7561050057411194,-0.09722874313592911,0.940863847732544,0.9986349940299988
side_person17.mp4,side,59,1967,30.0,848,478,26,right_knee,0.4519077241420746,0.7187612652778625,0.18888601660728455,0.3908475935459137,0.9989363551139832
side_person17.mp4,side,59,1967,30.0,848,478,27,left_ankle,0.5027890205383301,0.8984689116477966,0.1083938479423523,0.9164869785308838,0.9984176158905029
side_person17.mp4,side,59,1967,30.0,848,478,28,right_ankle,0.49812090396881104,0.8573565483093262,0.35137856006622314,0.44798144698143005,0.998383641242981
side_person17.mp4,side,59,1967,30.0,848,478,29,left_heel,0.5204172134399414,0.9235573410987854,0.13068729639053345,0.8933258652687073,0.9986697435379028
side_person17.mp4,side,59,1967,30.0,848,478,30,right_heel,0.5102924704551697,0.876802921295166,0.3686958849430084,0.5942919850349426,0.9985295534133911
side_person17.mp4,side,59,1967,30.0,848,478,31,left_foot_index,0.4656795561313629,0.9295647144317627,0.1621340811252594,0.8759647607803345,0.9980864524841309
side_person17.mp4,side,59,1967,30.0,848,478,32,right_foot_index,0.46572214365005493,0.9063292145729065,0.39388445019721985,0.5640634298324585,0.9976568222045898
side_person17.mp4,side,60,2000,30.0,848,478,0,nose,0.43562617897987366,0.4898829758167267,-0.15960043668746948,0.9987527132034302,0.999061644077301
side_person17.mp4,side,60,2000,30.0,848,478,1,left_eye_inner,0.4370514154434204,0.4738495647907257,-0.18196280300617218,0.9988064169883728,0.999345600605011
side_person17.mp4,side,60,2000,30.0,848,478,2,left_eye,0.43784645199775696,0.4737856984138489,-0.1820027083158493,0.9989053606987,0.9994282126426697
side_person17.mp4,side,60,2000,30.0,848,478,3,left_eye_outer,0.4387305974960327,0.47396570444107056,-0.1820974498987198,0.9991040229797363,0.9994961023330688
side_person17.mp4,side,60,2000,30.0,848,478,4,right_eye_inner,0.43758082389831543,0.47226887941360474,-0.14610527455806732,0.998232901096344,0.9991790652275085
side_person17.mp4,side,60,2000,30.0,848,478,5,right_eye,0.43870800733566284,0.4711166322231293,-0.1461348682641983,0.9981689453125,0.9991115927696228
side_person17.mp4,side,60,2000,30.0,848,478,6,right_eye_outer,0.44003382325172424,0.47015976905822754,-0.14610512554645538,0.9986328482627869,0.9990876913070679
side_person17.mp4,side,60,2000,30.0,848,478,7,left_ear,0.45258647203445435,0.47726723551750183,-0.2330782115459442,0.9979572296142578,0.9994459748268127
side_person17.mp4,side,60,2000,30.0,848,478,8,right_ear,0.45394444465637207,0.4720362722873688,-0.07035917043685913,0.998173713684082,0.9989864230155945
side_person17.mp4,side,60,2000,30.0,848,478,9,mouth_left,0.441584050655365,0.5036157369613647,-0.17507155239582062,0.9977377653121948,0.9992566704750061
side_person17.mp4,side,60,2000,30.0,848,478,10,mouth_right,0.4424235224723816,0.502449631690979,-0.1275968700647354,0.9967777132987976,0.9991340041160583
side_person17.mp4,side,60,2000,30.0,848,478,11,left_shoulder,0.47578898072242737,0.5680710077285767,-0.291792094707489,0.9989522099494934,0.9991378784179688
side_person17.mp4,side,60,2000,30.0,848,478,12,right_shoulder,0.4761720299720764,0.5274268984794617,0.03111358918249607,0.9967333078384399,0.9994328618049622
side_person17.mp4,side,60,2000,30.0,848,478,13,left_elbow,0.3931410312652588,0.5883850455284119,-0.35277700424194336,0.9866769909858704,0.9993919134140015
side_person17.mp4,side,60,2000,30.0,848,478,14,right_elbow,0.4033885896205902,0.5403267741203308,0.09021428227424622,0.31154337525367737,0.9995307922363281
side_person17.mp4,side,60,2000,30.0,848,478,15,left_wrist,0.3014962375164032,0.5704849362373352,-0.33244308829307556,0.9860804677009583,0.9976643323898315
side_person17.mp4,side,60,2000,30.0,848,478,16,right_wrist,0.33860066533088684,0.524420976638794,0.004996792413294315,0.4959382116794586,0.9961406588554382
side_person17.mp4,side,60,2000,30.0,848,478,17,left_pinky,0.2840418815612793,0.5637574791908264,-0.38561779260635376,0.9790814518928528,0.995505690574646
side_person17.mp4,side,60,2000,30.0,848,478,18,right_pinky,0.3245497941970825,0.5118668079376221,-0.0017982044955715537,0.5233619213104248,0.9935786724090576
side_person17.mp4,side,60,2000,30.0,848,478,19,left_index,0.29349419474601746,0.5502648949623108,-0.367739200592041,0.9775455594062805,0.9956369996070862
side_person17.mp4,side,60,2000,30.0,848,478,20,right_index,0.3234054148197174,0.514570951461792,-0.039993394166231155,0.5399800539016724,0.9926411509513855
side_person17.mp4,side,60,2000,30.0,848,478,21,left_thumb,0.29658225178718567,0.5526213049888611,-0.3283694386482239,0.963233232498169,0.99631667137146
side_person17.mp4,side,60,2000,30.0,848,478,22,right_thumb,0.3268503248691559,0.520632266998291,-0.013992833904922009,0.5635482668876648,0.9943806529045105
side_person17.mp4,side,60,2000,30.0,848,478,23,left_hip,0.5628713369369507,0.7578621506690979,-0.10318636149168015,0.9991518259048462,0.9997343420982361
side_person17.mp4,side,60,2000,30.0,848,478,24,right_hip,0.548175036907196,0.716154158115387,0.10332650691270828,0.998528778553009,0.9998212456703186
side_person17.mp4,side,60,2000,30.0,848,478,25,left_knee,0.44974851608276367,0.7560463547706604,-0.0958133339881897,0.9377365112304688,0.9987297654151917
side_person17.mp4,side,60,2000,30.0,848,478,26,right_knee,0.451305091381073,0.7179585099220276,0.19287730753421783,0.37611573934555054,0.9992178678512573
side_person17.mp4,side,60,2000,30.0,848,478,27,left_ankle,0.5029054284095764,0.898589015007019,0.10577409714460373,0.9056068658828735,0.9979507327079773
side_person17.mp4,side,60,2000,30.0,848,478,28,right_ankle,0.49806657433509827,0.854543924331665,0.35755854845046997,0.4326764643192291,0.9986028075218201
side_person17.mp4,side,60,2000,30.0,848,478,29,left_heel,0.5201473832130432,0.9235931038856506,0.12739121913909912,0.8822618722915649,0.9982057809829712
side_person17.mp4,side,60,2000,30.0,848,478,30,right_heel,0.5105300545692444,0.8739306926727295,0.3752606511116028,0.5805506110191345,0.9986814856529236
side_person17.mp4,side,60,2000,30.0,848,478,31,left_foot_index,0.46567806601524353,0.9295511245727539,0.15687455236911774,0.8618889451026917,0.9975910186767578
side_person17.mp4,side,60,2000,30.0,848,478,32,right_foot_index,0.46573060750961304,0.9061775207519531,0.4052416682243347,0.5497368574142456,0.9978631138801575
side_person17.mp4,side,61,2033,30.0,848,478,0,nose,0.43567928671836853,0.49457767605781555,-0.15952624380588531,0.9987512826919556,0.999019980430603
side_person17.mp4,side,61,2033,30.0,848,478,1,left_eye_inner,0.4372922480106354,0.47956350445747375,-0.1820506900548935,0.9988385438919067,0.999347984790802
side_person17.mp4,side,61,2033,30.0,848,478,2,left_eye,0.4380570650100708,0.4796830117702484,-0.18209147453308105,0.998940110206604,0.9994425177574158
side_person17.mp4,side,61,2033,30.0,848,478,3,left_eye_outer,0.43890541791915894,0.48001420497894287,-0.1821863055229187,0.999127984046936,0.9995174407958984
side_person17.mp4,side,61,2033,30.0,848,478,4,right_eye_inner,0.4378357529640198,0.4776621162891388,-0.14629387855529785,0.9982540011405945,0.9991676807403564
side_person17.mp4,side,61,2033,30.0,848,478,5,right_eye,0.4389592409133911,0.476474791765213,-0.1463240534067154,0.9981929659843445,0.9991095662117004
side_person17.mp4,side,61,2033,30.0,848,478,6,right_eye_outer,0.44028154015541077,0.47542157769203186,-0.14629308879375458,0.9986423254013062,0.999103844165802
side_person17.mp4,side,61,2033,30.0,848,478,7,left_ear,0.4522673189640045,0.4832204580307007,-0.2332882285118103,0.997999906539917,0.999485969543457
side_person17.mp4,side,61,2033,30.0,848,478,8,right_ear,0.4539673626422882,0.47729480266571045,-0.07072552293539047,0.9982324838638306,0.9990322589874268
side_person17.mp4,side,61,2033,30.0,848,478,9,mouth_left,0.4415583312511444,0.5085651278495789,-0.17492103576660156,0.9977289438247681,0.9993181228637695
side_person17.mp4,side,61,2033,30.0,848,478,10,mouth_right,0.44243720173835754,0.506342351436615,-0.12762583792209625,0.9968738555908203,0.9992009997367859
side_person17.mp4,side,61,2033,30.0,848,478,11,left_shoulder,0.4747158885002136,0.5725471377372742,-0.29217228293418884,0.9989932179450989,0.9993730187416077
side_person17.mp4,side,61,2033,30.0,848,478,12,right_shoulder,0.47643157839775085,0.5279542207717896,0.031202157959342003,0.9968626499176025,0.9995859265327454
side_person17.mp4,side,61,2033,30.0,848,478,13,left_elbow,0.39249640703201294,0.5965061783790588,-0.35118404030799866,0.9870337247848511,0.9994683861732483
side_person17.mp4,side,61,2033,30.0,848,478,14,right_elbow,0.4042486548423767,0.5419664978981018,0.09339684993028641,0.31520622968673706,0.9996330738067627
side_person17.mp4,side,61,2033,30.0,848,478,15,left_wrist,0.3020697832107544,0.5762583017349243,-0.33111119270324707,0.9865374565124512,0.9978795051574707
side_person17.mp4,side,61,2033,30.0,848,478,16,right_wrist,0.33925870060920715,0.5289969444274902,0.010249363258481026,0.515792965888977,0.9969321489334106
side_person17.mp4,side,61,2033,30.0,848,478,17,left_pinky,0.2844264507293701,0.5713192820549011,-0.38406306505203247,0.979613184928894,0.9959654808044434
side_person17.mp4,side,61,2033,30.0,848,478,18,right_pinky,0.3249227702617645,0.5141499638557434,0.0037252132315188646,0.5428562760353088,0.9948117733001709
side_person17.mp4,side,61,2033,30.0,848,478,19,left_index,0.29429006576538086,0.5567284822463989,-0.3668142259120941,0.9780905246734619,0.9960243701934814
side_person17.mp4,side,61,2033,30.0,848,478,20,right_index,0.32404470443725586,0.5175867080688477,-0.034429676830768585,0.5596861839294434,0.9941257238388062
side_person17.mp4,side,61,2033,30.0,848,478,21,left_thumb,0.29746943712234497,0.55907142162323,-0.32711276412010193,0.9639691710472107,0.9966565370559692
side_person17.mp4,side,61,2033,30.0,848,478,22,right_thumb,0.3272712230682373,0.5234137773513794,-0.008566532284021378,0.5819980502128601,0.9956178665161133
side_person17.mp4,side,61,2033,30.0,848,478,23,left_hip,0.5622482299804688,0.7620505094528198,-0.10316556692123413,0.9992073178291321,0.99979168176651
side_person17.mp4,side,61,2033,30.0,848,478,24,right_hip,0.5482343435287476,0.7179258465766907,0.10330742597579956,0.998616099357605,0.9998519420623779
side_person17.mp4,side,61,2033,30.0,848,478,25,left_knee,0.4493342638015747,0.7573652267456055,-0.09553246945142746,0.9321622848510742,0.9988139867782593
side_person17.mp4,side,61,2033,30.0,848,478,26,right_knee,0.4513149857521057,0.7177143692970276,0.21106494963169098,0.3605346381664276,0.9992289543151855
side_person17.mp4,side,61,2033,30.0,848,478,27,left_ankle,0.5028650760650635,0.8986131548881531,0.11012531071901321,0.891004741191864,0.9982374906539917
side_person17.mp4,side,61,2033,30.0,848,478,28,right_ankle,0.4980299472808838,0.8508027791976929,0.38460415601730347,0.41385117173194885,0.9985717535018921
side_person17.mp4,side,61,2033,30.0,848,478,29,left_heel,0.5197203159332275,0.9236093163490295,0.13224466145038605,0.8676013350486755,0.998460054397583
side_person17.mp4,side,61,2033,30.0,848,478,30,right_heel,0.5101732015609741,0.8708648085594177,0.40305933356285095,0.5618886351585388,0.9987078905105591
side_person17.mp4,side,61,2033,30.0,848,478,31,left_foot_index,0.46575281023979187,0.9296319484710693,0.16454216837882996,0.8450626134872437,0.9980717897415161
side_person17.mp4,side,61,2033,30.0,848,478,32,right_foot_index,0.46572545170783997,0.9041145443916321,0.43594253063201904,0.5310439467430115,0.9981145858764648
side_person17.mp4,side,62,2067,30.0,848,478,0,nose,0.43554767966270447,0.49984079599380493,-0.16570980846881866,0.9987376928329468,0.9990286827087402
side_person17.mp4,side,62,2067,30.0,848,478,1,left_eye_inner,0.43745157122612,0.48508134484291077,-0.18840685486793518,0.9988493323326111,0.999295711517334
side_person17.mp4,side,62,2067,30.0,848,478,2,left_eye,0.43823084235191345,0.48523545265197754,-0.18844349682331085,0.998956024646759,0.9993810653686523
side_person17.mp4,side,62,2067,30.0,848,478,3,left_eye_outer,0.4390980303287506,0.4856374263763428,-0.18853944540023804,0.999133288860321,0.9994468092918396
side_person17.mp4,side,62,2067,30.0,848,478,4,right_eye_inner,0.43797481060028076,0.4830761253833771,-0.15320263803005219,0.998244047164917,0.9991542100906372
side_person17.mp4,side,62,2067,30.0,848,478,5,right_eye,0.43909651041030884,0.4818427562713623,-0.15325161814689636,0.9981924891471863,0.9991126656532288
side_person17.mp4,side,62,2067,30.0,848,478,6,right_eye_outer,0.4404135048389435,0.4808241128921509,-0.1532287895679474,0.9986363649368286,0.9991186261177063
side_person17.mp4,side,62,2067,30.0,848,478,7,left_ear,0.45243310928344727,0.48845240473747253,-0.2385055273771286,0.9979850649833679,0.9993616938591003
side_person17.mp4,side,62,2067,30.0,848,478,8,right_ear,0.45401787757873535,0.4824717342853546,-0.07824151962995529,0.9982566833496094,0.999037504196167
side_person17.mp4,side,62,2067,30.0,848,478,9,mouth_left,0.4415837824344635,0.5146639347076416,-0.18045037984848022,0.9976579546928406,0.999206006526947
side_person17.mp4,side,62,2067,30.0,848,478,10,mouth_right,0.44236111640930176,0.5125211477279663,-0.13383150100708008,0.9968901872634888,0.9991371035575867
side_person17.mp4,side,62,2067,30.0,848,478,11,left_shoulder,0.47485774755477905,0.5778223276138306,-0.2939215898513794,0.998994767665863,0.999077320098877
side_person17.mp4,side,62,2067,30.0,848,478,12,right_shoulder,0.47604721784591675,0.5330938696861267,0.023085884749889374,0.9969671964645386,0.9995805621147156
side_person17.mp4,side,62,2067,30.0,848,478,13,left_elbow,0.39280787110328674,0.6020066738128662,-0.3506168723106384,0.986929178237915,0.9990598559379578
side_person17.mp4,side,62,2067,30.0,848,478,14,right_elbow,0.4040260314941406,0.5474218726158142,0.08015137165784836,0.3253806531429291,0.9996222257614136
side_person17.mp4,side,62,2067,30.0,848,478,15,left_wrist,0.3074129819869995,0.5816560983657837,-0.32992348074913025,0.9864760637283325,0.996677041053772
side_person17.mp4,side,62,2067,30.0,848,478,16,right_wrist,0.3393445611000061,0.5319512486457825,-0.0058686379343271255,0.5369952321052551,0.9963962435722351
side_person17.mp4,side,62,2067,30.0,848,478,17,left_pinky,0.2889517545700073,0.5788699388504028,-0.38263046741485596,0.9793800115585327,0.994191586971283
side_person17.mp4,side,62,2067,30.0,848,478,18,right_pinky,0.3242794871330261,0.5166541337966919,-0.013728735968470573,0.5624631643295288,0.9935894012451172
side_person17.mp4,side,62,2067,30.0,848,478,19,left_index,0.2989276051521301,0.5632546544075012,-0.36607497930526733,0.9778323173522949,0.9944256544113159
side_person17.mp4,side,62,2067,30.0,848,478,20,right_index,0.32372406125068665,0.5199589729309082,-0.05235854536294937,0.5796388387680054,0.9926146268844604
side_person17.mp4,side,62,2067,30.0,848,478,21,left_thumb,0.3020275831222534,0.5650982856750488,-0.3260364532470703,0.9635100960731506,0.9951251149177551
side_person17.mp4,side,62,2067,30.0,848,478,22,right_thumb,0.32711803913116455,0.5279812216758728,-0.024822363629937172,0.6009886860847473,0.9945144653320312
side_person17.mp4,side,62,2067,30.0,848,478,23,left_hip,0.5621466040611267,0.7637866735458374,-0.10314372926950455,0.9992350935935974,0.9996999502182007
side_person17.mp4,side,62,2067,30.0,848,478,24,right_hip,0.5482046604156494,0.7206502556800842,0.10328727960586548,0.9986754655838013,0.9998388290405273
side_person17.mp4,side,62,2067,30.0,848,478,25,left_knee,0.44962114095687866,0.7573302984237671,-0.09524303674697876,0.9252582788467407,0.998408854007721
side_person17.mp4,side,62,2067,30.0,848,478,26,right_knee,0.4513656795024872,0.7169575095176697,0.21140658855438232,0.3455846905708313,0.9991704225540161
side_person17.mp4,side,62,2067,30.0,848,478,27,left_ankle,0.5026761889457703,0.8986822962760925,0.10819830000400543,0.8773884773254395,0.9974587559700012
side_person17.mp4,side,62,2067,30.0,848,478,28,right_ankle,0.49803006649017334,0.8489305377006531,0.39204975962638855,0.3955291211605072,0.9982530474662781
side_person17.mp4,side,62,2067,30.0,848,478,29,left_heel,0.5190964341163635,0.9230135083198547,0.1298666000366211,0.853279173374176,0.9977722764015198
side_person17.mp4,side,62,2067,30.0,848,478,30,right_heel,0.5102439522743225,0.8675135374069214,0.4112231731414795,0.5443328619003296,0.9983799457550049
side_person17.mp4,side,62,2067,30.0,848,478,31,left_foot_index,0.46590057015419006,0.9295439720153809,0.15923531353473663,0.8293247222900391,0.9971940517425537
side_person17.mp4,side,62,2067,30.0,848,478,32,right_foot_index,0.46587008237838745,0.9014469385147095,0.4433855712413788,0.5124722719192505,0.9975449442863464
side_person17.mp4,side,63,2100,30.0,848,478,0,nose,0.43568849563598633,0.5032950639724731,-0.15608461201190948,0.9987275004386902,0.9991999268531799
side_person17.mp4,side,63,2100,30.0,848,478,1,left_eye_inner,0.4375641644001007,0.48828113079071045,-0.17880086600780487,0.9988602995872498,0.999419093132019
side_person17.mp4,side,63,2100,30.0,848,478,2,left_eye,0.4383715093135834,0.4883677363395691,-0.17883966863155365,0.9989699721336365,0.9994938373565674
side_person17.mp4,side,63,2100,30.0,848,478,3,left_eye_outer,0.4393250048160553,0.4885575473308563,-0.1789373904466629,0.9991406798362732,0.9995529055595398
side_person17.mp4,side,63,2100,30.0,848,478,4,right_eye_inner,0.4381462633609772,0.48632389307022095,-0.14374762773513794,0.9982438683509827,0.9993090629577637
side_person17.mp4,side,63,2100,30.0,848,478,5,right_eye,0.43931129574775696,0.4851778745651245,-0.1437927931547165,0.9981973767280579,0.9992839694023132
side_person17.mp4,side,63,2100,30.0,848,478,6,right_eye_outer,0.4407029151916504,0.48419955372810364,-0.14376026391983032,0.9986361265182495,0.9993066787719727
side_person17.mp4,side,63,2100,30.0,848,478,7,left_ear,0.4524959325790405,0.4911370873451233,-0.23029837012290955,0.9979811906814575,0.9995080232620239
side_person17.mp4,side,63,2100,30.0,848,478,8,right_ear,0.45404595136642456,0.4855765998363495,-0.07010834664106369,0.9982836842536926,0.9992861151695251
side_person17.mp4,side,63,2100,30.0,848,478,9,mouth_left,0.4417549669742584,0.5174878239631653,-0.17143413424491882,0.9976451992988586,0.9994581341743469
side_person17.mp4,side,63,2100,30.0,848,478,10,mouth_right,0.4424450099468231,0.5155796408653259,-0.12487848848104477,0.9969658255577087,0.9994217157363892
side_person17.mp4,side,63,2100,30.0,848,478,11,left_shoulder,0.47520723938941956,0.5772711038589478,-0.28744176030158997,0.9990226030349731,0.9994317889213562
side_person17.mp4,side,63,2100,30.0,848,478,12,right_shoulder,0.4761502146720886,0.5363016128540039,0.030762068927288055,0.9971194267272949,0.9997683167457581
side_person17.mp4,side,63,2100,30.0,848,478,13,left_elbow,0.3939417600631714,0.6026376485824585,-0.3415144085884094,0.9870213866233826,0.9993699193000793
side_person17.mp4,side,63,2100,30.0,848,478,14,right_elbow,0.404614120721817,0.5491250157356262,0.09101090580224991,0.3378213942050934,0.9997714161872864
side_person17.mp4,side,63,2100,30.0,848,478,15,left_wrist,0.3198074698448181,0.5828856229782104,-0.32146942615509033,0.9866251349449158,0.9975973963737488
side_person17.mp4,side,63,2100,30.0,848,478,16,right_wrist,0.3405471444129944,0.5309523940086365,0.003086383920162916,0.561375617980957,0.9981040954589844
side_person17.mp4,side,63,2100,30.0,848,478,17,left_pinky,0.29782021045684814,0.5792269110679626,-0.37392714619636536,0.9794702529907227,0.9956455826759338
side_person17.mp4,side,63,2100,30.0,848,478,18,right_pinky,0.3248255252838135,0.5188086628913879,-0.004313768353313208,0.5856739282608032,0.9965247511863708
side_person17.mp4,side,63,2100,30.0,848,478,19,left_index,0.30629733204841614,0.5632916688919067,-0.35748860239982605,0.9778939485549927,0.9957903027534485
side_person17.mp4,side,63,2100,30.0,848,478,20,right_index,0.323953241109848,0.519899845123291,-0.04233814775943756,0.6025949120521545,0.9960864782333374
side_person17.mp4,side,63,2100,30.0,848,478,21,left_thumb,0.3109130561351776,0.565127968788147,-0.3176513910293579,0.9635235667228699,0.9964391589164734
side_person17.mp4,side,63,2100,30.0,848,478,22,right_thumb,0.32768678665161133,0.5283914804458618,-0.015742149204015732,0.6225188374519348,0.9971747398376465
side_person17.mp4,side,63,2100,30.0,848,478,23,left_hip,0.5621439814567566,0.7663655877113342,-0.10323530435562134,0.9992687106132507,0.9997544884681702
side_person17.mp4,side,63,2100,30.0,848,478,24,right_hip,0.5481616258621216,0.7243907451629639,0.10338221490383148,0.9987329244613647,0.9998621940612793
side_person17.mp4,side,63,2100,30.0,848,478,25,left_knee,0.44982460141181946,0.7574812769889832,-0.09453756362199783,0.9199613928794861,0.9987474679946899
side_person17.mp4,side,63,2100,30.0,848,478,26,right_knee,0.451429545879364,0.7130102515220642,0.21561408042907715,0.3317963480949402,0.9993157386779785
side_person17.mp4,side,63,2100,30.0,848,478,27,left_ankle,0.5016312599182129,0.898861289024353,0.10502061992883682,0.8674269318580627,0.9979815483093262
side_person17.mp4,side,63,2100,30.0,848,478,28,right_ankle,0.4973866939544678,0.8473636507987976,0.38638412952423096,0.3784128427505493,0.998457670211792
side_person17.mp4,side,63,2100,30.0,848,478,29,left_heel,0.5178214311599731,0.9228173494338989,0.1260586977005005,0.8432806730270386,0.9982395172119141
side_person17.mp4,side,63,2100,30.0,848,478,30,right_heel,0.5102492570877075,0.8679851293563843,0.40424004197120667,0.5273253321647644,0.9985741376876831
side_person17.mp4,side,63,2100,30.0,848,478,31,left_foot_index,0.4658833146095276,0.9303309321403503,0.15865838527679443,0.8180703520774841,0.9978160858154297
side_person17.mp4,side,63,2100,30.0,848,478,32,right_foot_index,0.4658706486225128,0.9015563726425171,0.43498483300209045,0.49519550800323486,0.9979079961776733
side_person17.mp4,side,64,2133,30.0,848,478,0,nose,0.4358268976211548,0.5042859315872192,-0.15203994512557983,0.9987133145332336,0.9991845488548279
side_person17.mp4,side,64,2133,30.0,848,478,1,left_eye_inner,0.43768733739852905,0.48932117223739624,-0.17490072548389435,0.9988618493080139,0.9993904829025269
side_person17.mp4,side,64,2133,30.0,848,478,2,left_eye,0.43851613998413086,0.489463746547699,-0.17493177950382233,0.9989761710166931,0.9994617104530334
side_person17.mp4,side,64,2133,30.0,848,478,3,left_eye_outer,0.4394756853580475,0.4898046851158142,-0.17501825094223022,0.9991392493247986,0.9995139837265015
side_person17.mp4,side,64,2133,30.0,848,478,4,right_eye_inner,0.4381934106349945,0.4874037802219391,-0.14025773108005524,0.9982314705848694,0.999283492565155
side_person17.mp4,side,64,2133,30.0,848,478,5,right_eye,0.439338743686676,0.4862523674964905,-0.1403064876794815,0.9981918334960938,0.9992535710334778
side_person17.mp4,side,64,2133,30.0,848,478,6,right_eye_outer,0.44073420763015747,0.48525696992874146,-0.14027853310108185,0.9986290335655212,0.9992628693580627
side_person17.mp4,side,64,2133,30.0,848,478,7,left_ear,0.45263439416885376,0.49272459745407104,-0.2263452261686325,0.9979627132415771,0.9994439482688904
side_person17.mp4,side,64,2133,30.0,848,478,8,right_ear,0.4541107416152954,0.487131804227829,-0.06796759366989136,0.9982988238334656,0.9991955161094666
side_person17.mp4,side,64,2133,30.0,848,478,9,mouth_left,0.441934734582901,0.518987774848938,-0.16729988157749176,0.9975878000259399,0.9993357062339783
side_person17.mp4,side,64,2133,30.0,848,478,10,mouth_right,0.4425448179244995,0.5170668363571167,-0.12130885571241379,0.9969872236251831,0.999283492565155
side_person17.mp4,side,64,2133,30.0,848,478,11,left_shoulder,0.47536787390708923,0.5789722204208374,-0.28234928846359253,0.9990226030349731,0.9991232752799988
side_person17.mp4,side,64,2133,30.0,848,478,12,right_shoulder,0.47691789269447327,0.5375392436981201,0.031625956296920776,0.9972172379493713,0.9996139407157898
side_person17.mp4,side,64,2133,30.0,848,478,13,left_elbow,0.39433231949806213,0.6038702130317688,-0.3320988416671753,0.9868615865707397,0.9990924596786499
side_person17.mp4,side,64,2133,30.0,848,478,14,right_elbow,0.4054194986820221,0.5485866069793701,0.08937963098287582,0.3474459648132324,0.9996428489685059
side_person17.mp4,side,64,2133,30.0,848,478,15,left_wrist,0.323408305644989,0.5814184546470642,-0.3092704713344574,0.9864287376403809,0.9968817234039307
side_person17.mp4,side,64,2133,30.0,848,478,16,right_wrist,0.34072980284690857,0.5342336297035217,0.0027016031090170145,0.5786901712417603,0.9972032308578491
side_person17.mp4,side,64,2133,30.0,848,478,17,left_pinky,0.30335909128189087,0.5777544975280762,-0.36054086685180664,0.9790613055229187,0.9945107698440552
side_person17.mp4,side,64,2133,30.0,848,478,18,right_pinky,0.32643458247184753,0.5215018391609192,-0.00460700923576951,0.6018778085708618,0.9949570298194885
side_person17.mp4,side,64,2133,30.0,848,478,19,left_index,0.3071449100971222,0.5644865036010742,-0.34507137537002563,0.977451503276825,0.9946340322494507
side_person17.mp4,side,64,2133,30.0,848,478,20,right_index,0.3254743218421936,0.5235387682914734,-0.0423911027610302,0.6190429329872131,0.994321346282959
side_person17.mp4,side,64,2133,30.0,848,478,21,left_thumb,0.3164597153663635,0.5639052391052246,-0.30575689673423767,0.9628452062606812,0.9953873753547668
side_person17.mp4,side,64,2133,30.0,848,478,22,right_thumb,0.3285614848136902,0.5294784307479858,-0.016112271696329117,0.638026773929596,0.9957939386367798
side_person17.mp4,side,64,2133,30.0,848,478,23,left_hip,0.5620827674865723,0.7686455249786377,-0.10324596613645554,0.9992844462394714,0.9996838569641113
side_person17.mp4,side,64,2133,30.0,848,478,24,right_hip,0.5482717752456665,0.7296584844589233,0.10339172184467316,0.9987711906433105,0.9998248219490051
side_person17.mp4,side,64,2133,30.0,848,478,25,left_knee,0.44995659589767456,0.7578420042991638,-0.09433010220527649,0.9167183637619019,0.9983478784561157
side_person17.mp4,side,64,2133,30.0,848,478,26,right_knee,0.45143580436706543,0.7136093378067017,0.21259181201457977,0.31953614950180054,0.9990252256393433
side_person17.mp4,side,64,2133,30.0,848,478,27,left_ankle,0.5007482767105103,0.8989598751068115,0.10447124391794205,0.8597546815872192,0.9973872303962708
side_person17.mp4,side,64,2133,30.0,848,478,28,right_ankle,0.4973714351654053,0.8474891781806946,0.38406142592430115,0.36257293820381165,0.9978471994400024
side_person17.mp4,side,64,2133,30.0,848,478,29,left_heel,0.5171225070953369,0.9224315881729126,0.12551553547382355,0.8351837396621704,0.9977506995201111
side_person17.mp4,side,64,2133,30.0,848,478,30,right_heel,0.5102578401565552,0.8685824871063232,0.402042031288147,0.5115708708763123,0.9980252981185913
side_person17.mp4,side,64,2133,30.0,848,478,31,left_foot_index,0.4659862816333771,0.930633544921875,0.15720343589782715,0.809023380279541,0.9971578121185303
side_person17.mp4,side,64,2133,30.0,848,478,32,right_foot_index,0.46595433354377747,0.9019010066986084,0.4333508014678955,0.4790355861186981,0.9971058964729309
side_person17.mp4,side,65,2167,30.0,848,478,0,nose,0.4359532594680786,0.5053565502166748,-0.15230108797550201,0.9987156391143799,0.9990574717521667
side_person17.mp4,side,65,2167,30.0,848,478,1,left_eye_inner,0.4377709925174713,0.4893272817134857,-0.17511938512325287,0.9988797307014465,0.9993176460266113
side_person17.mp4,side,65,2167,30.0,848,478,2,left_eye,0.438611775636673,0.4893394410610199,-0.1751503348350525,0.9989965558052063,0.999392032623291
side_person17.mp4,side,65,2167,30.0,848,478,3,left_eye_outer,0.4395727217197418,0.4895355701446533,-0.1752362847328186,0.9991494417190552,0.999450147151947
side_person17.mp4,side,65,2167,30.0,848,478,4,right_eye_inner,0.43824926018714905,0.4877092242240906,-0.14043229818344116,0.9982452392578125,0.9991984963417053
side_person17.mp4,side,65,2167,30.0,848,478,5,right_eye,0.4393957555294037,0.4866267740726471,-0.14048007130622864,0.9982151389122009,0.9991649389266968
side_person17.mp4,side,65,2167,30.0,848,478,6,right_eye_outer,0.44077426195144653,0.4856991171836853,-0.1404542773962021,0.9986449480056763,0.9991693496704102
side_person17.mp4,side,65,2167,30.0,848,478,7,left_ear,0.4527492821216583,0.4923146069049835,-0.22639736533164978,0.997981071472168,0.9993762373924255
side_person17.mp4,side,65,2167,30.0,848,478,8,right_ear,0.4541632831096649,0.4873747229576111,-0.06803061813116074,0.9983307123184204,0.9991104006767273
side_person17.mp4,side,65,2167,30.0,848,478,9,mouth_left,0.44205349683761597,0.5195767283439636,-0.16752928495407104,0.9975738525390625,0.9992184638977051
side_person17.mp4,side,65,2167,30.0,848,478,10,mouth_right,0.44268614053726196,0.5183055400848389,-0.1215311661362648,0.9970216155052185,0.9991563558578491
side_person17.mp4,side,65,2167,30.0,848,478,11,left_shoulder,0.4754377007484436,0.5789894461631775,-0.2827761769294739,0.9990068674087524,0.9989672899246216
side_person17.mp4,side,65,2167,30.0,848,478,12,right_shoulder,0.4768206775188446,0.5393965244293213,0.031511884182691574,0.9972888827323914,0.9995007514953613
side_person17.mp4,side,65,2167,30.0,848,478,13,left_elbow,0.39444005489349365,0.6086013913154602,-0.33289340138435364,0.9865147471427917,0.9989032745361328
side_person17.mp4,side,65,2167,30.0,848,478,14,right_elbow,0.4045473039150238,0.5526378154754639,0.08652336895465851,0.3505251407623291,0.9994800686836243
side_person17.mp4,side,65,2167,30.0,848,478,15,left_wrist,0.3212549388408661,0.5893213748931885,-0.31019991636276245,0.9861032962799072,0.9962167143821716
side_person17.mp4,side,65,2167,30.0,848,478,16,right_wrist,0.33992651104927063,0.5364390015602112,-0.0019444148056209087,0.5860852599143982,0.9957149624824524
side_person17.mp4,side,65,2167,30.0,848,478,17,left_pinky,0.3002793788909912,0.5850029587745667,-0.36153432726860046,0.9785693883895874,0.9934077262878418
side_person17.mp4,side,65,2167,30.0,848,478,18,right_pinky,0.3262893855571747,0.5241175293922424,-0.010258925147354603,0.6087544560432434,0.9925478100776672
side_person17.mp4,side,65,2167,30.0,848,478,19,left_index,0.30454179644584656,0.5711236000061035,-0.34570470452308655,0.9769306182861328,0.9935765862464905
side_person17.mp4,side,65,2167,30.0,848,478,20,right_index,0.3242235779762268,0.5285872220993042,-0.04844292998313904,0.6265662908554077,0.9914370179176331
side_person17.mp4,side,65,2167,30.0,848,478,21,left_thumb,0.31097203493118286,0.5714437961578369,-0.3065919280052185,0.962004542350769,0.9944475889205933
side_person17.mp4,side,65,2167,30.0,848,478,22,right_thumb,0.327487587928772,0.5350764393806458,-0.021066348999738693,0.6453500390052795,0.9934897422790527
side_person17.mp4,side,65,2167,30.0,848,478,23,left_hip,0.5613611340522766,0.7682926058769226,-0.10315267741680145,0.9993120431900024,0.9997280240058899
side_person17.mp4,side,65,2167,30.0,848,478,24,right_hip,0.5481780171394348,0.730034589767456,0.103293277323246,0.9988183975219727,0.999828577041626
side_person17.mp4,side,65,2167,30.0,848,478,25,left_knee,0.44886499643325806,0.7579249739646912,-0.0955839604139328,0.9127714037895203,0.9986636638641357
side_person17.mp4,side,65,2167,30.0,848,478,26,right_knee,0.451261043548584,0.7135900259017944,0.2166277915239334,0.30649447441101074,0.9990184307098389
side_person17.mp4,side,65,2167,30.0,848,478,27,left_ankle,0.5002012252807617,0.8990147113800049,0.0978270098567009,0.8517776131629944,0.9976972937583923
side_person17.mp4,side,65,2167,30.0,848,478,28,right_ankle,0.49731430411338806,0.8463724255561829,0.39229267835617065,0.34747064113616943,0.9980552196502686
side_person17.mp4,side,65,2167,30.0,848,478,29,left_heel,0.5163101553916931,0.922202467918396,0.11870571225881577,0.8261593580245972,0.9979472756385803
side_person17.mp4,side,65,2167,30.0,848,478,30,right_heel,0.5104348659515381,0.8688057661056519,0.4108085036277771,0.49626725912094116,0.9982361793518066
side_person17.mp4,side,65,2167,30.0,848,478,31,left_foot_index,0.465901643037796,0.930677592754364,0.1513848602771759,0.7998822331428528,0.9971588850021362
side_person17.mp4,side,65,2167,30.0,848,478,32,right_foot_index,0.46694353222846985,0.8982042670249939,0.4429444968700409,0.46463340520858765,0.9973280429840088
side_person17.mp4,side,66,2200,30.0,848,478,0,nose,0.4360176920890808,0.5053846836090088,-0.15038007497787476,0.9986822605133057,0.9988580942153931
side_person17.mp4,side,66,2200,30.0,848,478,1,left_eye_inner,0.4378509223461151,0.4890780448913574,-0.17281846702098846,0.9988657236099243,0.9991334080696106
side_person17.mp4,side,66,2200,30.0,848,478,2,left_eye,0.4386920928955078,0.4889826774597168,-0.172843337059021,0.9989884495735168,0.9992214441299438
side_person17.mp4,side,66,2200,30.0,848,478,3,left_eye_outer,0.43965229392051697,0.4890446960926056,-0.17292258143424988,0.999136745929718,0.9992915391921997
side_person17.mp4,side,66,2200,30.0,848,478,4,right_eye_inner,0.43832796812057495,0.48754119873046875,-0.13872721791267395,0.9982079863548279,0.9990062117576599
side_person17.mp4,side,66,2200,30.0,848,478,5,right_eye,0.4394737482070923,0.4863969087600708,-0.13877688348293304,0.9981861114501953,0.9989728927612305
side_person17.mp4,side,66,2200,30.0,848,478,6,right_eye_outer,0.44084858894348145,0.4853762686252594,-0.13875676691532135,0.9986234903335571,0.9989822506904602
side_person17.mp4,side,66,2200,30.0,848,478,7,left_ear,0.45283254981040955,0.4910622537136078,-0.22363096475601196,0.997928261756897,0.9991680383682251
side_person17.mp4,side,66,2200,30.0,848,478,8,right_ear,0.4542199671268463,0.4863828122615814,-0.06780938059091568,0.9983202815055847,0.9988712668418884
side_person17.mp4,side,66,2200,30.0,848,478,9,mouth_left,0.4420994222164154,0.5190806984901428,-0.1656481921672821,0.9974640607833862,0.9990105628967285
side_person17.mp4,side,66,2200,30.0,848,478,10,mouth_right,0.44270816445350647,0.5180039405822754,-0.12042240053415298,0.9969584345817566,0.9989662170410156
side_person17.mp4,side,66,2200,30.0,848,478,11,left_shoulder,0.47616443037986755,0.5773862600326538,-0.2812988758087158,0.9989762902259827,0.998596727848053
side_person17.mp4,side,66,2200,30.0,848,478,12,right_shoulder,0.47687458992004395,0.5380892753601074,0.03150348365306854,0.9973165988922119,0.9994494318962097
side_person17.mp4,side,66,2200,30.0,848,478,13,left_elbow,0.3954358994960785,0.6059293150901794,-0.33122342824935913,0.9861676096916199,0.9986754059791565
side_person17.mp4,side,66,2200,30.0,848,478,14,right_elbow,0.40446293354034424,0.5524041056632996,0.08606693893671036,0.35500675439834595,0.9995318651199341
side_person17.mp4,side,66,2200,30.0,848,478,15,left_wrist,0.32152053713798523,0.5874670743942261,-0.30661308765411377,0.9857528805732727,0.9956122636795044
side_person17.mp4,side,66,2200,30.0,848,478,16,right_wrist,0.33996593952178955,0.5366955995559692,-0.0022162706591188908,0.595890462398529,0.9963715076446533
side_person17.mp4,side,66,2200,30.0,848,478,17,left_pinky,0.30165258049964905,0.5831161737442017,-0.35598576068878174,0.9780357480049133,0.9926059246063232
side_person17.mp4,side,66,2200,30.0,848,478,18,right_pinky,0.32658183574676514,0.5265768766403198,-0.010413906536996365,0.6181840300559998,0.9935683608055115
side_person17.mp4,side,66,2200,30.0,848,478,19,left_index,0.3077056109905243,0.5678977370262146,-0.3402916193008423,0.9763817191123962,0.9928125739097595
side_person17.mp4,side,66,2200,30.0,848,478,20,right_index,0.32441627979278564,0.5298896431922913,-0.048420630395412445,0.6362658143043518,0.9926992058753967
side_person17.mp4,side,66,2200,30.0,848,478,21,left_thumb,0.3130885362625122,0.5694374442100525,-0.30284997820854187,0.9611334800720215,0.9937200546264648
side_person17.mp4,side,66,2200,30.0,848,478,22,right_thumb,0.3277865946292877,0.5350246429443359,-0.021193616092205048,0.6545763611793518,0.9944791793823242
side_person17.mp4,side,66,2200,30.0,848,478,23,left_hip,0.560935378074646,0.7673037648200989,-0.10316232591867447,0.9993070960044861,0.9995157718658447
side_person17.mp4,side,66,2200,30.0,848,478,24,right_hip,0.5474677681922913,0.7282478213310242,0.10330041497945786,0.9988260269165039,0.9997579455375671
side_person17.mp4,side,66,2200,30.0,848,478,25,left_knee,0.4489368796348572,0.758134663105011,-0.09621918201446533,0.9097597002983093,0.9980717897415161
side_person17.mp4,side,66,2200,30.0,848,478,26,right_knee,0.45127803087234497,0.713654100894928,0.2031583935022354,0.29683881998062134,0.9988995790481567
side_person17.mp4,side,66,2200,30.0,848,478,27,left_ankle,0.5002305507659912,0.8990412354469299,0.08850058913230896,0.8490988612174988,0.9966875910758972
side_person17.mp4,side,66,2200,30.0,848,478,28,right_ankle,0.4973192811012268,0.8466359972953796,0.37287193536758423,0.33632856607437134,0.997884213924408
side_person17.mp4,side,66,2200,30.0,848,478,29,left_heel,0.5163310170173645,0.9211632013320923,0.10843495279550552,0.8228822350502014,0.9970824122428894
side_person17.mp4,side,66,2200,30.0,848,478,30,right_heel,0.5104426741600037,0.8689018487930298,0.3903557062149048,0.486564964056015,0.9980025887489319
side_person17.mp4,side,66,2200,30.0,848,478,31,left_foot_index,0.46700483560562134,0.9299789071083069,0.13753940165042877,0.7956833243370056,0.9962376356124878
side_person17.mp4,side,66,2200,30.0,848,478,32,right_foot_index,0.46770861744880676,0.8983624577522278,0.4213062524795532,0.45332011580467224,0.9969164133071899
side_person17.mp4,side,67,2233,30.0,848,478,0,nose,0.43609926104545593,0.5030310153961182,-0.13557526469230652,0.9986655116081238,0.9987010955810547
side_person17.mp4,side,67,2233,30.0,848,478,1,left_eye_inner,0.43790820240974426,0.4866301119327545,-0.1571318656206131,0.9988622069358826,0.9990118741989136
side_person17.mp4,side,67,2233,30.0,848,478,2,left_eye,0.4387560486793518,0.48648813366889954,-0.1571560800075531,0.9989891648292542,0.9991084933280945
side_person17.mp4,side,67,2233,30.0,848,478,3,left_eye_outer,0.4397149085998535,0.48648422956466675,-0.1572243720293045,0.9991342425346375,0.999186098575592
side_person17.mp4,side,67,2233,30.0,848,478,4,right_eye_inner,0.4383562207221985,0.48511260747909546,-0.12333231419324875,0.9981949925422668,0.9988611936569214
side_person17.mp4,side,67,2233,30.0,848,478,5,right_eye,0.43950414657592773,0.4839509129524231,-0.12337128072977066,0.9981791377067566,0.9988129138946533
side_person17.mp4,side,67,2233,30.0,848,478,6,right_eye_outer,0.4408710300922394,0.4829098880290985,-0.12335401773452759,0.9986181855201721,0.9988043308258057
side_person17.mp4,side,67,2233,30.0,848,478,7,left_ear,0.4528965353965759,0.4883180856704712,-0.2067313939332962,0.9978981018066406,0.9990296363830566
side_person17.mp4,side,67,2233,30.0,848,478,8,right_ear,0.45414263010025024,0.48374253511428833,-0.05312744528055191,0.9983339309692383,0.9986212253570557
side_person17.mp4,side,67,2233,30.0,848,478,9,mouth_left,0.44217798113822937,0.5167776346206665,-0.15094757080078125,0.9973677396774292,0.998806357383728
side_person17.mp4,side,67,2233,30.0,848,478,10,mouth_right,0.44281283020973206,0.5158643126487732,-0.10627523809671402,0.9969055652618408,0.9987101554870605
side_person17.mp4,side,67,2233,30.0,848,478,11,left_shoulder,0.4768638610839844,0.5744859576225281,-0.2692428231239319,0.9989362359046936,0.9981020092964172
side_person17.mp4,side,67,2233,30.0,848,478,12,right_shoulder,0.4769389033317566,0.5367988348007202,0.04305113106966019,0.9972714185714722,0.9990559220314026
side_person17.mp4,side,67,2233,30.0,848,478,13,left_elbow,0.39593327045440674,0.6030221581459045,-0.3252650499343872,0.9858620166778564,0.998505711555481
side_person17.mp4,side,67,2233,30.0,848,478,14,right_elbow,0.4044661521911621,0.5517460107803345,0.09260816127061844,0.3520645499229431,0.9992539286613464
side_person17.mp4,side,67,2233,30.0,848,478,15,left_wrist,0.3207584023475647,0.5849257707595825,-0.3037620186805725,0.9856500029563904,0.9951871037483215
side_person17.mp4,side,67,2233,30.0,848,478,16,right_wrist,0.34112703800201416,0.5372655987739563,0.005452671553939581,0.5971240997314453,0.9948945045471191
side_person17.mp4,side,67,2233,30.0,848,478,17,left_pinky,0.3018008768558502,0.5794091820716858,-0.3525460362434387,0.977893054485321,0.9918453097343445
side_person17.mp4,side,67,2233,30.0,848,478,18,right_pinky,0.32841596007347107,0.5266188383102417,-0.001978099811822176,0.620087206363678,0.9915105104446411
side_person17.mp4,side,67,2233,30.0,848,478,19,left_index,0.30740198493003845,0.5651735663414001,-0.33584064245224,0.9762378334999084,0.9919223785400391
side_person17.mp4,side,67,2233,30.0,848,478,20,right_index,0.3264249265193939,0.5294015407562256,-0.038381900638341904,0.6384308338165283,0.9903433322906494
side_person17.mp4,side,67,2233,30.0,848,478,21,left_thumb,0.3136008679866791,0.5664655566215515,-0.2996557652950287,0.9608445763587952,0.9929036498069763
side_person17.mp4,side,67,2233,30.0,848,478,22,right_thumb,0.3301967680454254,0.5350250601768494,-0.01302244421094656,0.6566916108131409,0.9924682974815369
side_person17.mp4,side,67,2233,30.0,848,478,23,left_hip,0.5607761740684509,0.7651837468147278,-0.10305406153202057,0.999289333820343,0.9992809891700745
side_person17.mp4,side,67,2233,30.0,848,478,24,right_hip,0.5466225147247314,0.7261605858802795,0.10318487882614136,0.9988099932670593,0.9996050000190735
side_person17.mp4,side,67,2233,30.0,848,478,25,left_knee,0.4490410387516022,0.75770103931427,-0.09879689663648605,0.9077338576316833,0.9976721405982971
side_person17.mp4,side,67,2233,30.0,848,478,26,right_knee,0.45129433274269104,0.7136427760124207,0.18258501589298248,0.2874850332736969,0.9985145926475525
side_person17.mp4,side,67,2233,30.0,848,478,27,left_ankle,0.5004966855049133,0.8990753293037415,0.07842526584863663,0.8470681309700012,0.9959612488746643
side_person17.mp4,side,67,2233,30.0,848,478,28,right_ankle,0.49732330441474915,0.8468322157859802,0.33995363116264343,0.32608938217163086,0.9974988102912903
side_person17.mp4,side,67,2233,30.0,848,478,29,left_heel,0.5163897275924683,0.9198737740516663,0.0978376716375351,0.8211075067520142,0.9964918494224548
side_person17.mp4,side,67,2233,30.0,848,478,30,right_heel,0.5104506611824036,0.8685190081596375,0.35622715950012207,0.4786415696144104,0.9976758360862732
side_person17.mp4,side,67,2233,30.0,848,478,31,left_foot_index,0.4670560956001282,0.9297844171524048,0.12586568295955658,0.791793167591095,0.9955878257751465
side_person17.mp4,side,67,2233,30.0,848,478,32,right_foot_index,0.4675763249397278,0.8988442420959473,0.383433073759079,0.44297733902931213,0.996469259262085
side_person17.mp4,side,68,2267,30.0,848,478,0,nose,0.4361633062362671,0.5010315775871277,-0.14688333868980408,0.998616099357605,0.998016357421875
side_person17.mp4,side,68,2267,30.0,848,478,1,left_eye_inner,0.43795689940452576,0.48466363549232483,-0.1685381531715393,0.9988327026367188,0.9985278844833374
side_person17.mp4,side,68,2267,30.0,848,478,2,left_eye,0.4388064742088318,0.48451924324035645,-0.1685582399368286,0.9989660978317261,0.9986737966537476
side_person17.mp4,side,68,2267,30.0,848,478,3,left_eye_outer,0.43976280093193054,0.4845200479030609,-0.1686282455921173,0.9991132020950317,0.9988067150115967
side_person17.mp4,side,68,2267,30.0,848,478,4,right_eye_inner,0.4384005665779114,0.48316076397895813,-0.13529163599014282,0.9981301426887512,0.9982936978340149
side_person17.mp4,side,68,2267,30.0,848,478,5,right_eye,0.43954983353614807,0.48199182748794556,-0.13533855974674225,0.9981207251548767,0.9982219338417053
side_person17.mp4,side,68,2267,30.0,848,478,6,right_eye_outer,0.44091400504112244,0.4809391498565674,-0.13533145189285278,0.9985758662223816,0.9982205033302307
side_person17.mp4,side,68,2267,30.0,848,478,7,left_ear,0.4529218077659607,0.4864228665828705,-0.21814973652362823,0.9978234767913818,0.9985985159873962
side_person17.mp4,side,68,2267,30.0,848,478,8,right_ear,0.4541766941547394,0.4818212389945984,-0.06685405969619751,0.9983118772506714,0.9980186223983765
side_person17.mp4,side,68,2267,30.0,848,478,9,mouth_left,0.4422040581703186,0.5148392915725708,-0.1621972769498825,0.997227668762207,0.9984203577041626
side_person17.mp4,side,68,2267,30.0,848,478,10,mouth_right,0.44284799695014954,0.5139012336730957,-0.11817224323749542,0.9967796206474304,0.9983047246932983
side_person17.mp4,side,68,2267,30.0,848,478,11,left_shoulder,0.4776219129562378,0.5727023482322693,-0.27726230025291443,0.9989020824432373,0.997853696346283
side_person17.mp4,side,68,2267,30.0,848,478,12,right_shoulder,0.4769943654537201,0.5354980230331421,0.029579725116491318,0.9972283244132996,0.9990631937980652
side_person17.mp4,side,68,2267,30.0,848,478,13,left_elbow,0.3958809971809387,0.6012760996818542,-0.33500757813453674,0.9856151342391968,0.9983030557632446
side_person17.mp4,side,68,2267,30.0,848,478,14,right_elbow,0.404480516910553,0.5506943464279175,0.07666046917438507,0.34895721077919006,0.9992495179176331
side_person17.mp4,side,68,2267,30.0,848,478,15,left_wrist,0.31254470348358154,0.5830826759338379,-0.31824737787246704,0.9856764674186707,0.993878185749054
side_person17.mp4,side,68,2267,30.0,848,478,16,right_wrist,0.34187912940979004,0.5360184907913208,-0.007202972192317247,0.5994025468826294,0.9938932657241821
side_person17.mp4,side,68,2267,30.0,848,478,17,left_pinky,0.29691702127456665,0.5782244205474854,-0.3676384389400482,0.977975606918335,0.9897133111953735
side_person17.mp4,side,68,2267,30.0,848,478,18,right_pinky,0.32981282472610474,0.5251723527908325,-0.015217161737382412,0.6230180263519287,0.9897524118423462
side_person17.mp4,side,68,2267,30.0,848,478,19,left_index,0.30618488788604736,0.5634382367134094,-0.3513205647468567,0.9763468503952026,0.9900867342948914
side_person17.mp4,side,68,2267,30.0,848,478,20,right_index,0.32743051648139954,0.5280081629753113,-0.051554229110479355,0.6414406895637512,0.9882242679595947
side_person17.mp4,side,68,2267,30.0,848,478,21,left_thumb,0.3099181354045868,0.5650891661643982,-0.31445711851119995,0.9609490633010864,0.9911680221557617
side_person17.mp4,side,68,2267,30.0,848,478,22,right_thumb,0.3313249945640564,0.5335578322410583,-0.02556484565138817,0.6596684455871582,0.990856945514679
side_person17.mp4,side,68,2267,30.0,848,478,23,left_hip,0.5606358647346497,0.7648471593856812,-0.10240943729877472,0.9992684125900269,0.9991176724433899
side_person17.mp4,side,68,2267,30.0,848,478,24,right_hip,0.5462518930435181,0.7252427339553833,0.10253770649433136,0.9987890720367432,0.9995456337928772
side_person17.mp4,side,68,2267,30.0,848,478,25,left_knee,0.44911128282546997,0.7576709985733032,-0.09814111888408661,0.9056745171546936,0.9975649118423462
side_person17.mp4,side,68,2267,30.0,848,478,26,right_knee,0.45063072443008423,0.7139520645141602,0.16915448009967804,0.283428430557251,0.9985358715057373
side_person17.mp4,side,68,2267,30.0,848,478,27,left_ankle,0.5007691383361816,0.8982539772987366,0.07779479771852493,0.8462958335876465,0.9957239627838135
side_person17.mp4,side,68,2267,30.0,848,478,28,right_ankle,0.4973369836807251,0.8461471199989319,0.3292675316333771,0.3205035626888275,0.997564435005188
side_person17.mp4,side,68,2267,30.0,848,478,29,left_heel,0.5165765881538391,0.919685423374176,0.09691007435321808,0.819115400314331,0.9962636828422546
side_person17.mp4,side,68,2267,30.0,848,478,30,right_heel,0.5104583501815796,0.865771472454071,0.34606608748435974,0.47507011890411377,0.9976884126663208
side_person17.mp4,side,68,2267,30.0,848,478,31,left_foot_index,0.4666091203689575,0.9296544194221497,0.12200367450714111,0.7890072464942932,0.9953421354293823
side_person17.mp4,side,68,2267,30.0,848,478,32,right_foot_index,0.46719133853912354,0.899040162563324,0.3732980787754059,0.4369710087776184,0.9964393973350525
side_person17.mp4,side,69,2300,30.0,848,478,0,nose,0.4362109899520874,0.49592354893684387,-0.1562698483467102,0.9986074566841125,0.9981436729431152
side_person17.mp4,side,69,2300,30.0,848,478,1,left_eye_inner,0.4379728138446808,0.47994324564933777,-0.17834219336509705,0.9988322854042053,0.9986417889595032
side_person17.mp4,side,69,2300,30.0,848,478,2,left_eye,0.4388219118118286,0.4797009825706482,-0.17836110293865204,0.9989678263664246,0.998792290687561
side_person17.mp4,side,69,2300,30.0,848,478,3,left_eye_outer,0.43977445363998413,0.47956418991088867,-0.178433358669281,0.9991146326065063,0.9989244341850281
side_person17.mp4,side,69,2300,30.0,848,478,4,right_eye_inner,0.43844476342201233,0.47856011986732483,-0.14489580690860748,0.9981191158294678,0.9983747005462646
side_person17.mp4,side,69,2300,30.0,848,478,5,right_eye,0.43963465094566345,0.4772791266441345,-0.1449364870786667,0.9981096982955933,0.9982885718345642
side_person17.mp4,side,69,2300,30.0,848,478,6,right_eye_outer,0.4410434365272522,0.4759657382965088,-0.14492926001548767,0.9985669851303101,0.9982771873474121
side_person17.mp4,side,69,2300,30.0,848,478,7,left_ear,0.4530538022518158,0.4808078408241272,-0.22680045664310455,0.9978132247924805,0.9987340569496155
side_person17.mp4,side,69,2300,30.0,848,478,8,right_ear,0.45428338646888733,0.47602203488349915,-0.07516850531101227,0.998323380947113,0.9980179071426392
side_person17.mp4,side,69,2300,30.0,848,478,9,mouth_left,0.4422531723976135,0.5102741718292236,-0.17088773846626282,0.9971902966499329,0.9984293580055237
side_person17.mp4,side,69,2300,30.0,848,478,10,mouth_right,0.44294223189353943,0.5096598863601685,-0.12676380574703217,0.9967483878135681,0.9982513785362244
side_person17.mp4,side,69,2300,30.0,848,478,11,left_shoulder,0.4779388904571533,0.5672799944877625,-0.28577297925949097,0.998898983001709,0.9981386661529541
side_person17.mp4,side,69,2300,30.0,848,478,12,right_shoulder,0.47702842950820923,0.5314045548439026,0.02474255859851837,0.9972211718559265,0.9989970326423645
side_person17.mp4,side,69,2300,30.0,848,478,13,left_elbow,0.3959004878997803,0.5992655754089355,-0.3417731821537018,0.9856138825416565,0.9987094402313232
side_person17.mp4,side,69,2300,30.0,848,478,14,right_elbow,0.4045139253139496,0.5493211150169373,0.07203582674264908,0.34719976782798767,0.9992867112159729
side_person17.mp4,side,69,2300,30.0,848,478,15,left_wrist,0.3111417293548584,0.582348644733429,-0.32241734862327576,0.985948920249939,0.9958620071411133
side_person17.mp4,side,69,2300,30.0,848,478,16,right_wrist,0.3422534465789795,0.5349918007850647,-0.010221569798886776,0.5999106168746948,0.994723916053772
side_person17.mp4,side,69,2300,30.0,848,478,17,left_pinky,0.29437971115112305,0.5754190683364868,-0.37197062373161316,0.978395938873291,0.9927571415901184
side_person17.mp4,side,69,2300,30.0,848,478,18,right_pinky,0.3303226828575134,0.5245868563652039,-0.01873866096138954,0.623843252658844,0.991159975528717
side_person17.mp4,side,69,2300,30.0,848,478,19,left_index,0.305948942899704,0.5601171255111694,-0.3559727072715759,0.976818323135376,0.9929515719413757
side_person17.mp4,side,69,2300,30.0,848,478,20,right_index,0.3282208740711212,0.5271839499473572,-0.05464313551783562,0.6421570181846619,0.9898394346237183
side_person17.mp4,side,69,2300,30.0,848,478,21,left_thumb,0.30907267332077026,0.5626814365386963,-0.31867516040802,0.9616531729698181,0.9938445091247559
side_person17.mp4,side,69,2300,30.0,848,478,22,right_thumb,0.33177945017814636,0.5332543849945068,-0.028461214154958725,0.6604176759719849,0.9920985698699951
side_person17.mp4,side,69,2300,30.0,848,478,23,left_hip,0.560700535774231,0.7565642595291138,-0.10232193768024445,0.9992688298225403,0.9993133544921875
side_person17.mp4,side,69,2300,30.0,848,478,24,right_hip,0.5462833046913147,0.7167105078697205,0.10244910418987274,0.998790442943573,0.999614953994751
side_person17.mp4,side,69,2300,30.0,848,478,25,left_knee,0.4491637647151947,0.7576596736907959,-0.0971318855881691,0.9055712819099426,0.9979119896888733
side_person17.mp4,side,69,2300,30.0,848,478,26,right_knee,0.4506556987762451,0.7142737507820129,0.17084400355815887,0.28220704197883606,0.9985721111297607
side_person17.mp4,side,69,2300,30.0,848,478,27,left_ankle,0.5020307898521423,0.898605227470398,0.08052486926317215,0.8479886651039124,0.9966762065887451
side_person17.mp4,side,69,2300,30.0,848,478,28,right_ankle,0.4987553358078003,0.8487009406089783,0.3359740674495697,0.3178774118423462,0.9978885054588318
side_person17.mp4,side,69,2300,30.0,848,478,29,left_heel,0.5192416310310364,0.9217055439949036,0.10016610473394394,0.8201916217803955,0.997115969657898
side_person17.mp4,side,69,2300,30.0,848,478,30,right_heel,0.5108874440193176,0.8659982085227966,0.35333117842674255,0.47395971417427063,0.9980388283729553
side_person17.mp4,side,69,2300,30.0,848,478,31,left_foot_index,0.4666028618812561,0.9287375807762146,0.12642696499824524,0.7895844578742981,0.99611496925354
side_person17.mp4,side,69,2300,30.0,848,478,32,right_foot_index,0.4672081470489502,0.8991602063179016,0.3802492618560791,0.43396005034446716,0.9969274401664734
side_person17.mp4,side,70,2333,30.0,848,478,0,nose,0.43682530522346497,0.48618730902671814,-0.15622349083423615,0.9986017942428589,0.9979825019836426
side_person17.mp4,side,70,2333,30.0,848,478,1,left_eye_inner,0.4383569657802582,0.4698008596897125,-0.17852602899074554,0.9988344311714172,0.9986133575439453
side_person17.mp4,side,70,2333,30.0,848,478,2,left_eye,0.4392266571521759,0.46934983134269714,-0.1785501390695572,0.9989697933197021,0.9987853169441223
side_person17.mp4,side,70,2333,30.0,848,478,3,left_eye_outer,0.4402366876602173,0.4689011573791504,-0.17862485349178314,0.9991186261177063,0.9989383816719055
side_person17.mp4,side,70,2333,30.0,848,478,4,right_eye_inner,0.4388599991798401,0.46867355704307556,-0.14475494623184204,0.9981189370155334,0.9982751607894897
side_person17.mp4,side,70,2333,30.0,848,478,5,right_eye,0.44008833169937134,0.4673604667186737,-0.14479057490825653,0.9981061816215515,0.9981715679168701
side_person17.mp4,side,70,2333,30.0,848,478,6,right_eye_outer,0.4415324628353119,0.46590104699134827,-0.14478082954883575,0.9985628724098206,0.998155415058136
side_person17.mp4,side,70,2333,30.0,848,478,7,left_ear,0.45363545417785645,0.469163715839386,-0.2279563993215561,0.9978187084197998,0.9988006353378296
side_person17.mp4,side,70,2333,30.0,848,478,8,right_ear,0.4546625316143036,0.46495091915130615,-0.07469364255666733,0.9983282089233398,0.9978843331336975
side_person17.mp4,side,70,2333,30.0,848,478,9,mouth_left,0.4433276951313019,0.500447690486908,-0.17106756567955017,0.9972251653671265,0.9984071850776672
side_person17.mp4,side,70,2333,30.0,848,478,10,mouth_right,0.44390588998794556,0.5003803372383118,-0.12652961909770966,0.9967886805534363,0.9981860518455505
side_person17.mp4,side,70,2333,30.0,848,478,11,left_shoulder,0.47798576951026917,0.5515048503875732,-0.28912553191185,0.9989176392555237,0.9984373450279236
side_person17.mp4,side,70,2333,30.0,848,478,12,right_shoulder,0.476866751909256,0.5230550765991211,0.02500012144446373,0.9972400069236755,0.9989983439445496
side_person17.mp4,side,70,2333,30.0,848,478,13,left_elbow,0.39546555280685425,0.5853906273841858,-0.3477356433868408,0.9858798980712891,0.9991626739501953
side_person17.mp4,side,70,2333,30.0,848,478,14,right_elbow,0.4042298197746277,0.5424081683158875,0.07795402407646179,0.3415312170982361,0.9993076324462891
side_person17.mp4,side,70,2333,30.0,848,478,15,left_wrist,0.3050094246864319,0.5731422901153564,-0.327022910118103,0.9863921403884888,0.9971681237220764
side_person17.mp4,side,70,2333,30.0,848,478,16,right_wrist,0.34252819418907166,0.5301101803779602,7.996805652510375e-05,0.5936172604560852,0.9952921867370605
side_person17.mp4,side,70,2333,30.0,848,478,17,left_pinky,0.28823772072792053,0.5649588704109192,-0.3775807023048401,0.979058027267456,0.9947311878204346
side_person17.mp4,side,70,2333,30.0,848,478,18,right_pinky,0.33094173669815063,0.5226529836654663,-0.007116266991943121,0.6187922954559326,0.9923152923583984
side_person17.mp4,side,70,2333,30.0,848,478,19,left_index,0.2944115698337555,0.5553335547447205,-0.35978883504867554,0.9775245785713196,0.9947403073310852
side_person17.mp4,side,70,2333,30.0,848,478,20,right_index,0.3291822075843811,0.5248672962188721,-0.0440724715590477,0.6369141936302185,0.991063117980957
side_person17.mp4,side,70,2333,30.0,848,478,21,left_thumb,0.30667343735694885,0.5542538166046143,-0.32254838943481445,0.9626781344413757,0.9955534338951111
side_person17.mp4,side,70,2333,30.0,848,478,22,right_thumb,0.3324222266674042,0.5290749073028564,-0.01852969266474247,0.6555794477462769,0.9930890202522278
side_person17.mp4,side,70,2333,30.0,848,478,23,left_hip,0.5607430338859558,0.74241703748703,-0.10229861736297607,0.9993000626564026,0.9995810389518738
side_person17.mp4,side,70,2333,30.0,848,478,24,right_hip,0.5463320016860962,0.7072721123695374,0.10242760181427002,0.9988256692886353,0.9997122883796692
side_person17.mp4,side,70,2333,30.0,848,478,25,left_knee,0.44931015372276306,0.7576595544815063,-0.09219875931739807,0.9074952602386475,0.998664379119873
side_person17.mp4,side,70,2333,30.0,848,478,26,right_knee,0.4516753852367401,0.7148780822753906,0.17695952951908112,0.2826453745365143,0.9989111423492432
side_person17.mp4,side,70,2333,30.0,848,478,27,left_ankle,0.5020612478256226,0.8986446261405945,0.08933453261852264,0.8516271710395813,0.9983007311820984
side_person17.mp4,side,70,2333,30.0,848,478,28,right_ankle,0.4996703565120697,0.8491528034210205,0.3389045298099518,0.3204774558544159,0.998503565788269
side_person17.mp4,side,70,2333,30.0,848,478,29,left_heel,0.5195303559303284,0.9219348430633545,0.10946256667375565,0.8239229917526245,0.9985331296920776
side_person17.mp4,side,70,2333,30.0,848,478,30,right_heel,0.5109266042709351,0.8667201399803162,0.3555701673030853,0.4773368537425995,0.9986280202865601
side_person17.mp4,side,70,2333,30.0,848,478,31,left_foot_index,0.46661895513534546,0.9287521243095398,0.13345927000045776,0.7938758730888367,0.9978148937225342
side_person17.mp4,side,70,2333,30.0,848,478,32,right_foot_index,0.46719929575920105,0.9003981351852417,0.38524553179740906,0.43798163533210754,0.997844934463501
side_person17.mp4,side,71,2367,30.0,848,478,0,nose,0.43692490458488464,0.4711461365222931,-0.1559862643480301,0.9986212253570557,0.9983173608779907
side_person17.mp4,side,71,2367,30.0,848,478,1,left_eye_inner,0.4384264051914215,0.4548855721950531,-0.17829617857933044,0.9988448023796082,0.9987523555755615
side_person17.mp4,side,71,2367,30.0,848,478,2,left_eye,0.43932172656059265,0.4543664753437042,-0.17832151055335999,0.9989793300628662,0.9988812804222107
side_person17.mp4,side,71,2367,30.0,848,478,3,left_eye_outer,0.4403870701789856,0.4537698030471802,-0.17839746177196503,0.9991271495819092,0.9989933371543884
side_person17.mp4,side,71,2367,30.0,848,478,4,right_eye_inner,0.4388706684112549,0.45353537797927856,-0.14444491267204285,0.9981409311294556,0.9985312223434448
side_person17.mp4,side,71,2367,30.0,848,478,5,right_eye,0.4401068687438965,0.45211246609687805,-0.14448150992393494,0.9981293678283691,0.9984567165374756
side_person17.mp4,side,71,2367,30.0,848,478,6,right_eye_outer,0.4415509104728699,0.4505046308040619,-0.14447090029716492,0.9985803961753845,0.9984725117683411
side_person17.mp4,side,71,2367,30.0,848,478,7,left_ear,0.45375388860702515,0.45439302921295166,-0.22784200310707092,0.9978221654891968,0.9987751841545105
side_person17.mp4,side,71,2367,30.0,848,478,8,right_ear,0.45466911792755127,0.45036542415618896,-0.0741758644580841,0.9983602166175842,0.9981729984283447
side_person17.mp4,side,71,2367,30.0,848,478,9,mouth_left,0.44360387325286865,0.48537498712539673,-0.17085887491703033,0.9972681999206543,0.9986542463302612
side_person17.mp4,side,71,2367,30.0,848,478,10,mouth_right,0.44401097297668457,0.48489028215408325,-0.12620945274829865,0.9968472719192505,0.9985221028327942
side_person17.mp4,side,71,2367,30.0,848,478,11,left_shoulder,0.4777856767177582,0.5360655188560486,-0.28882813453674316,0.9989387392997742,0.9983489513397217
side_person17.mp4,side,71,2367,30.0,848,478,12,right_shoulder,0.4757962226867676,0.5089539885520935,0.02596104145050049,0.9973030090332031,0.9992823004722595
side_person17.mp4,side,71,2367,30.0,848,478,13,left_elbow,0.3959086835384369,0.568352460861206,-0.34892407059669495,0.986169159412384,0.9990465044975281
side_person17.mp4,side,71,2367,30.0,848,478,14,right_elbow,0.4041346311569214,0.5279613137245178,0.07951154559850693,0.3444051146507263,0.9995991587638855
side_person17.mp4,side,71,2367,30.0,848,478,15,left_wrist,0.3057209849357605,0.5599889159202576,-0.3292202949523926,0.9867277145385742,0.9966852068901062
side_person17.mp4,side,71,2367,30.0,848,478,16,right_wrist,0.34274381399154663,0.5201857089996338,0.0009687960264272988,0.5974947810173035,0.9969565868377686
side_person17.mp4,side,71,2367,30.0,848,478,17,left_pinky,0.28854939341545105,0.5535504221916199,-0.37972569465637207,0.979546308517456,0.993986964225769
side_person17.mp4,side,71,2367,30.0,848,478,18,right_pinky,0.33132413029670715,0.5131403207778931,-0.006263707764446735,0.623217761516571,0.9945582151412964
side_person17.mp4,side,71,2367,30.0,848,478,19,left_index,0.29948848485946655,0.5416396260261536,-0.36114826798439026,0.9780462384223938,0.9940550327301025
side_person17.mp4,side,71,2367,30.0,848,478,20,right_index,0.32964304089546204,0.5152671337127686,-0.04278422147035599,0.6409394145011902,0.9936473965644836
side_person17.mp4,side,71,2367,30.0,848,478,21,left_thumb,0.3066873252391815,0.5442146062850952,-0.32448676228523254,0.9634303450584412,0.994946300983429
side_person17.mp4,side,71,2367,30.0,848,478,22,right_thumb,0.3328705430030823,0.5194729566574097,-0.01752948760986328,0.6593319773674011,0.9952248334884644
side_person17.mp4,side,71,2367,30.0,848,478,23,left_hip,0.5609456300735474,0.7270870208740234,-0.1026090756058693,0.9993160367012024,0.9994567036628723
side_person17.mp4,side,71,2367,30.0,848,478,24,right_hip,0.5460131168365479,0.6926794052124023,0.10273236036300659,0.9988515973091125,0.9997022747993469
side_person17.mp4,side,71,2367,30.0,848,478,25,left_knee,0.4492407441139221,0.7576498985290527,-0.09546760469675064,0.9102210998535156,0.9986201524734497
side_person17.mp4,side,71,2367,30.0,848,478,26,right_knee,0.4516771733760834,0.7157697677612305,0.17104625701904297,0.2854296565055847,0.9989123344421387
side_person17.mp4,side,71,2367,30.0,848,478,27,left_ankle,0.5017311573028564,0.8989663124084473,0.07634037733078003,0.8593289256095886,0.9984071850776672
side_person17.mp4,side,71,2367,30.0,848,478,28,right_ankle,0.4996417164802551,0.8504608273506165,0.32543331384658813,0.326235830783844,0.9985693693161011
side_person17.mp4,side,71,2367,30.0,848,478,29,left_heel,0.5195226073265076,0.9218531250953674,0.09570341557264328,0.8323298692703247,0.9986452460289001
side_person17.mp4,side,71,2367,30.0,848,478,30,right_heel,0.5093646049499512,0.8668013215065002,0.341083824634552,0.4827888309955597,0.9986910223960876
side_person17.mp4,side,71,2367,30.0,848,478,31,left_foot_index,0.4664710462093353,0.9288361072540283,0.11846005171537399,0.8031899929046631,0.9978673458099365
side_person17.mp4,side,71,2367,30.0,848,478,32,right_foot_index,0.46719926595687866,0.9022378921508789,0.35989800095558167,0.44434818625450134,0.9977495074272156
side_person17.mp4,side,72,2400,30.0,848,478,0,nose,0.43690913915634155,0.4557109773159027,-0.15701235830783844,0.998697817325592,0.9984340071678162
side_person17.mp4,side,72,2400,30.0,848,478,1,left_eye_inner,0.43843600153923035,0.4386117160320282,-0.1792294681072235,0.9988973736763,0.998712420463562
side_person17.mp4,side,72,2400,30.0,848,478,2,left_eye,0.4393547475337982,0.4379439353942871,-0.17924727499485016,0.9990233778953552,0.9988052845001221
side_person17.mp4,side,72,2400,30.0,848,478,3,left_eye_outer,0.4404519200325012,0.43728041648864746,-0.17931601405143738,0.9991658926010132,0.998891294002533
side_person17.mp4,side,72,2400,30.0,848,478,4,right_eye_inner,0.4388933479785919,0.43739527463912964,-0.14536422491073608,0.9982337355613708,0.9985817670822144
side_person17.mp4,side,72,2400,30.0,848,478,5,right_eye,0.44012218713760376,0.4359855055809021,-0.1453981250524521,0.998225748538971,0.9985377788543701
side_person17.mp4,side,72,2400,30.0,848,478,6,right_eye_outer,0.4415605962276459,0.4343595802783966,-0.14538989961147308,0.998656690120697,0.9985488057136536
side_person17.mp4,side,72,2400,30.0,848,478,7,left_ear,0.4537671208381653,0.43796873092651367,-0.2280309945344925,0.9979026317596436,0.9985498785972595
side_person17.mp4,side,72,2400,30.0,848,478,8,right_ear,0.45457008481025696,0.4342901408672333,-0.07462884485721588,0.9984452128410339,0.9982482194900513
side_person17.mp4,side,72,2400,30.0,848,478,9,mouth_left,0.44362393021583557,0.4702964425086975,-0.17182375490665436,0.9974125027656555,0.9983866214752197
side_person17.mp4,side,72,2400,30.0,848,478,10,mouth_right,0.44402843713760376,0.4696742594242096,-0.12721411883831024,0.9970129132270813,0.9983528852462769
side_person17.mp4,side,72,2400,30.0,848,478,11,left_shoulder,0.4778404235839844,0.5167686939239502,-0.2918456792831421,0.9989219903945923,0.9973709583282471
side_person17.mp4,side,72,2400,30.0,848,478,12,right_shoulder,0.4746759831905365,0.4966839849948883,0.025034863501787186,0.9973520636558533,0.9989443421363831
side_person17.mp4,side,72,2400,30.0,848,478,13,left_elbow,0.39577555656433105,0.5492040514945984,-0.3615179657936096,0.9864068031311035,0.9987466335296631
side_person17.mp4,side,72,2400,30.0,848,478,14,right_elbow,0.401007741689682,0.5181037187576294,0.06449579447507858,0.3474547863006592,0.9993859529495239
side_person17.mp4,side,72,2400,30.0,848,478,15,left_wrist,0.3039087653160095,0.5466651916503906,-0.3500278890132904,0.9869663119316101,0.9960744380950928
side_person17.mp4,side,72,2400,30.0,848,478,16,right_wrist,0.3361750543117523,0.5168870091438293,-0.019963152706623077,0.5908907055854797,0.9960081577301025
side_person17.mp4,side,72,2400,30.0,848,478,17,left_pinky,0.28654372692108154,0.5448160767555237,-0.4024309515953064,0.9799066185951233,0.9929212927818298
side_person17.mp4,side,72,2400,30.0,848,478,18,right_pinky,0.325204998254776,0.5100336670875549,-0.029876060783863068,0.6166520118713379,0.9930932521820068
side_person17.mp4,side,72,2400,30.0,848,478,19,left_index,0.2988034188747406,0.5317467451095581,-0.3826751708984375,0.9784457683563232,0.9929078817367554
side_person17.mp4,side,72,2400,30.0,848,478,20,right_index,0.3212413787841797,0.5131343007087708,-0.06625926494598389,0.6340291500091553,0.9917643666267395
side_person17.mp4,side,72,2400,30.0,848,478,21,left_thumb,0.30355796217918396,0.5347787737846375,-0.345438152551651,0.9640188217163086,0.9939249157905579
side_person17.mp4,side,72,2400,30.0,848,478,22,right_thumb,0.32327917218208313,0.5175701975822449,-0.039185915142297745,0.6530275940895081,0.9936628341674805
side_person17.mp4,side,72,2400,30.0,848,478,23,left_hip,0.5612908601760864,0.7121474742889404,-0.1028687134385109,0.9993249773979187,0.9992247819900513
side_person17.mp4,side,72,2400,30.0,848,478,24,right_hip,0.5455878973007202,0.6802706122398376,0.1029830351471901,0.9988762140274048,0.9996115565299988
side_person17.mp4,side,72,2400,30.0,848,478,25,left_knee,0.4492940604686737,0.7567313313484192,-0.10502582788467407,0.9139907360076904,0.9983468055725098
side_person17.mp4,side,72,2400,30.0,848,478,26,right_knee,0.4517030417919159,0.7164672017097473,0.161717489361763,0.29182836413383484,0.9986441731452942
side_person17.mp4,side,72,2400,30.0,848,478,27,left_ankle,0.5023548603057861,0.8970720767974854,0.07329462468624115,0.8663573861122131,0.9982706308364868
side_person17.mp4,side,72,2400,30.0,848,478,28,right_ankle,0.5000370144844055,0.8507404923439026,0.3127790093421936,0.3334283232688904,0.9983559250831604
side_person17.mp4,side,72,2400,30.0,848,478,29,left_heel,0.5195093154907227,0.9206459522247314,0.09341643005609512,0.8402593731880188,0.9985508322715759
side_person17.mp4,side,72,2400,30.0,848,478,30,right_heel,0.5094078779220581,0.8669323325157166,0.3279816508293152,0.48942509293556213,0.9984683394432068
side_person17.mp4,side,72,2400,30.0,848,478,31,left_foot_index,0.4660284221172333,0.9287326335906982,0.11609705537557602,0.8121244311332703,0.9975589513778687
side_person17.mp4,side,72,2400,30.0,848,478,32,right_foot_index,0.4671613276004791,0.9022892713546753,0.3406667411327362,0.45260629057884216,0.9972860813140869
side_person17.mp4,side,73,2433,30.0,848,478,0,nose,0.43722257018089294,0.43863704800605774,-0.14322365820407867,0.9987048506736755,0.9974110722541809
side_person17.mp4,side,73,2433,30.0,848,478,1,left_eye_inner,0.4388239085674286,0.42098456621170044,-0.1653667688369751,0.9988722205162048,0.997821569442749
side_person17.mp4,side,73,2433,30.0,848,478,2,left_eye,0.4398138225078583,0.4202480912208557,-0.16538222134113312,0.9989959597587585,0.9979439377784729
side_person17.mp4,side,73,2433,30.0,848,478,3,left_eye_outer,0.44103148579597473,0.41946521401405334,-0.1654365509748459,0.9991505742073059,0.998068630695343
side_person17.mp4,side,73,2433,30.0,848,478,4,right_eye_inner,0.43909743428230286,0.4197770953178406,-0.1320631206035614,0.9982224702835083,0.9976831674575806
side_person17.mp4,side,73,2433,30.0,848,478,5,right_eye,0.4402519166469574,0.4183385372161865,-0.13208839297294617,0.9982178211212158,0.9976115226745605
side_person17.mp4,side,73,2433,30.0,848,478,6,right_eye_outer,0.4416482448577881,0.4167974591255188,-0.13209131360054016,0.9986581206321716,0.9976215958595276
side_person17.mp4,side,73,2433,30.0,848,478,7,left_ear,0.45429539680480957,0.41994601488113403,-0.21461975574493408,0.997802197933197,0.997330904006958
side_person17.mp4,side,73,2433,30.0,848,478,8,right_ear,0.45457756519317627,0.4167197644710541,-0.06444946676492691,0.9984354376792908,0.9969094395637512
side_person17.mp4,side,73,2433,30.0,848,478,9,mouth_left,0.44423583149909973,0.4528757631778717,-0.15840749442577362,0.997417688369751,0.9971959590911865
side_person17.mp4,side,73,2433,30.0,848,478,10,mouth_right,0.4445219933986664,0.4521940350532532,-0.1145772933959961,0.9969758987426758,0.9971386194229126
side_person17.mp4,side,73,2433,30.0,848,478,11,left_shoulder,0.47836148738861084,0.49364665150642395,-0.2841812074184418,0.9988828301429749,0.996005117893219
side_person17.mp4,side,73,2433,30.0,848,478,12,right_shoulder,0.4747271239757538,0.48130151629447937,0.034945614635944366,0.9972504377365112,0.9980315566062927
side_person17.mp4,side,73,2433,30.0,848,478,13,left_elbow,0.3958107531070709,0.5318077802658081,-0.35747116804122925,0.9864926338195801,0.9987146854400635
side_person17.mp4,side,73,2433,30.0,848,478,14,right_elbow,0.4009189307689667,0.5054179430007935,0.0655718594789505,0.34384962916374207,0.9993371367454529
side_person17.mp4,side,73,2433,30.0,848,478,15,left_wrist,0.3042854368686676,0.5289928913116455,-0.3474462628364563,0.9870867133140564,0.9956400394439697
side_person17.mp4,side,73,2433,30.0,848,478,16,right_wrist,0.33650657534599304,0.5053709149360657,-0.01803748309612274,0.5785781741142273,0.9964959025382996
side_person17.mp4,side,73,2433,30.0,848,478,17,left_pinky,0.2867043614387512,0.526777982711792,-0.39899641275405884,0.9801204204559326,0.9920921921730042
side_person17.mp4,side,73,2433,30.0,848,478,18,right_pinky,0.3252813220024109,0.4994896352291107,-0.027396777644753456,0.6053295135498047,0.9941200613975525
side_person17.mp4,side,73,2433,30.0,848,478,19,left_index,0.2945156693458557,0.5179682970046997,-0.3779401481151581,0.9786728024482727,0.9920753240585327
side_person17.mp4,side,73,2433,30.0,848,478,20,right_index,0.321859210729599,0.4993767738342285,-0.06109179928898811,0.6220343112945557,0.9927610158920288
side_person17.mp4,side,73,2433,30.0,848,478,21,left_thumb,0.3036213219165802,0.51723313331604,-0.34223026037216187,0.9643505811691284,0.9931841492652893
side_person17.mp4,side,73,2433,30.0,848,478,22,right_thumb,0.3241647779941559,0.5029922723770142,-0.03689717873930931,0.641556441783905,0.9943917393684387
side_person17.mp4,side,73,2433,30.0,848,478,23,left_hip,0.5613030195236206,0.6932967305183411,-0.10319172590970993,0.9993177056312561,0.9990317821502686
side_person17.mp4,side,73,2433,30.0,848,478,24,right_hip,0.5451794862747192,0.6657662391662598,0.10329367220401764,0.9988663792610168,0.9994575381278992
side_person17.mp4,side,73,2433,30.0,848,478,25,left_knee,0.4502487778663635,0.7564053535461426,-0.1061202734708786,0.9167720675468445,0.9982045888900757
side_person17.mp4,side,73,2433,30.0,848,478,26,right_knee,0.45170119404792786,0.7187665700912476,0.14723698794841766,0.29799601435661316,0.9985322952270508
side_person17.mp4,side,73,2433,30.0,848,478,27,left_ankle,0.5021369457244873,0.8984665870666504,0.059405166655778885,0.8735150694847107,0.9974850416183472
side_person17.mp4,side,73,2433,30.0,848,478,28,right_ankle,0.49974289536476135,0.854627788066864,0.2974695563316345,0.34062981605529785,0.9984879493713379
side_person17.mp4,side,73,2433,30.0,848,478,29,left_heel,0.5185561180114746,0.9206411838531494,0.07765597105026245,0.8482180237770081,0.9978260397911072
side_person17.mp4,side,73,2433,30.0,848,478,30,right_heel,0.5098870992660522,0.8806461691856384,0.31271934509277344,0.4978395104408264,0.9985544085502625
side_person17.mp4,side,73,2433,30.0,848,478,31,left_foot_index,0.4646644592285156,0.9288766384124756,0.09066729992628098,0.8209730386734009,0.9966802597045898
side_person17.mp4,side,73,2433,30.0,848,478,32,right_foot_index,0.4664756953716278,0.9049156308174133,0.32175564765930176,0.46196556091308594,0.9976072311401367
side_person17.mp4,side,74,2467,30.0,848,478,0,nose,0.43735480308532715,0.4187418520450592,-0.11720540374517441,0.9986958503723145,0.9968163371086121
side_person17.mp4,side,74,2467,30.0,848,478,1,left_eye_inner,0.43905794620513916,0.40110334753990173,-0.14011137187480927,0.9988242983818054,0.9971170425415039
side_person17.mp4,side,74,2467,30.0,848,478,2,left_eye,0.44005677103996277,0.4003632664680481,-0.14013223350048065,0.9989486932754517,0.9972266554832458
side_person17.mp4,side,74,2467,30.0,848,478,3,left_eye_outer,0.4412761926651001,0.3996232748031616,-0.14018061757087708,0.9991180896759033,0.9973562955856323
side_person17.mp4,side,74,2467,30.0,848,478,4,right_eye_inner,0.439303457736969,0.39999669790267944,-0.10583878308534622,0.9981920123100281,0.9970793724060059
side_person17.mp4,side,74,2467,30.0,848,478,5,right_eye,0.4404435157775879,0.3985609710216522,-0.10584630817174911,0.9981881380081177,0.9970340728759766
side_person17.mp4,side,74,2467,30.0,848,478,6,right_eye_outer,0.44183313846588135,0.39700424671173096,-0.10585588216781616,0.9986448287963867,0.9970788955688477
side_person17.mp4,side,74,2467,30.0,848,478,7,left_ear,0.4544331133365631,0.3996116518974304,-0.19201570749282837,0.9976973533630371,0.996559202671051
side_person17.mp4,side,74,2467,30.0,848,478,8,right_ear,0.4546833634376526,0.3970518410205841,-0.03827930986881256,0.9984080195426941,0.996371865272522
side_person17.mp4,side,74,2467,30.0,848,478,9,mouth_left,0.44432204961776733,0.43266963958740234,-0.13336433470249176,0.9974235892295837,0.9969480633735657
side_person17.mp4,side,74,2467,30.0,848,478,10,mouth_right,0.44458383321762085,0.4324561357498169,-0.08850444853305817,0.9969370365142822,0.9968825578689575
side_person17.mp4,side,74,2467,30.0,848,478,11,left_shoulder,0.47844380140304565,0.47323790192604065,-0.2731093764305115,0.9988498687744141,0.9959226846694946
side_person17.mp4,side,74,2467,30.0,848,478,12,right_shoulder,0.4777466654777527,0.4660712778568268,0.06791109591722488,0.9971964359283447,0.997414231300354
side_person17.mp4,side,74,2467,30.0,848,478,13,left_elbow,0.3961322009563446,0.5107897520065308,-0.3481273055076599,0.9864393472671509,0.9985412359237671
side_person17.mp4,side,74,2467,30.0,848,478,14,right_elbow,0.4020301401615143,0.49349522590637207,0.10101129114627838,0.3373866379261017,0.999113142490387
side_person17.mp4,side,74,2467,30.0,848,478,15,left_wrist,0.30454230308532715,0.5086047649383545,-0.3244289755821228,0.9868378639221191,0.9948423504829407
side_person17.mp4,side,74,2467,30.0,848,478,16,right_wrist,0.33660656213760376,0.4947192966938019,0.01589863747358322,0.5607659816741943,0.9956254959106445
side_person17.mp4,side,74,2467,30.0,848,478,17,left_pinky,0.28543463349342346,0.5043666958808899,-0.3718150854110718,0.9799127578735352,0.991043210029602
side_person17.mp4,side,74,2467,30.0,848,478,18,right_pinky,0.3258221745491028,0.485347718000412,0.006554871331900358,0.5900074243545532,0.9931150078773499
side_person17.mp4,side,74,2467,30.0,848,478,19,left_index,0.2942076325416565,0.4952026307582855,-0.349995881319046,0.978429913520813,0.9910156726837158
side_person17.mp4,side,74,2467,30.0,848,478,20,right_index,0.3233097791671753,0.48510369658470154,-0.02568291686475277,0.6063128709793091,0.9920931458473206
side_person17.mp4,side,74,2467,30.0,848,478,21,left_thumb,0.3013884127140045,0.4979817569255829,-0.3177846372127533,0.9640648365020752,0.9922339916229248
side_person17.mp4,side,74,2467,30.0,848,478,22,right_thumb,0.32607609033584595,0.48895642161369324,-0.0023435186594724655,0.626244068145752,0.9935706853866577
side_person17.mp4,side,74,2467,30.0,848,478,23,left_hip,0.5613201856613159,0.676435649394989,-0.10627827793359756,0.9992952346801758,0.998773992061615
side_person17.mp4,side,74,2467,30.0,848,478,24,right_hip,0.5465718507766724,0.6562644839286804,0.10635166615247726,0.9988415837287903,0.9991278052330017
side_person17.mp4,side,74,2467,30.0,848,478,25,left_knee,0.45261523127555847,0.7522159218788147,-0.10578031092882156,0.9189702272415161,0.9982580542564392
side_person17.mp4,side,74,2467,30.0,848,478,26,right_knee,0.45318418741226196,0.7187420129776001,0.152857705950737,0.30342206358909607,0.9980764389038086
side_person17.mp4,side,74,2467,30.0,848,478,27,left_ankle,0.5021368861198425,0.9011648297309875,0.0651761144399643,0.8793474435806274,0.9975330829620361
side_person17.mp4,side,74,2467,30.0,848,478,28,right_ankle,0.50022953748703,0.8652764558792114,0.3047907054424286,0.3473479747772217,0.9981728792190552
side_person17.mp4,side,74,2467,30.0,848,478,29,left_heel,0.5178801417350769,0.9206525683403015,0.0839902013540268,0.8557600378990173,0.9977880716323853
side_person17.mp4,side,74,2467,30.0,848,478,30,right_heel,0.5125887989997864,0.897316575050354,0.3203764855861664,0.5074524879455566,0.9982690811157227
side_person17.mp4,side,74,2467,30.0,848,478,31,left_foot_index,0.4646833837032318,0.9293113350868225,0.10335689783096313,0.8287328481674194,0.9966815114021301
side_person17.mp4,side,74,2467,30.0,848,478,32,right_foot_index,0.46651491522789,0.9094885587692261,0.3280308246612549,0.4705266058444977,0.9975470900535583
side_person17.mp4,side,75,2500,30.0,848,478,0,nose,0.43750280141830444,0.4003618657588959,-0.0855211392045021,0.9986406564712524,0.9966474175453186
side_person17.mp4,side,75,2500,30.0,848,478,1,left_eye_inner,0.4394775927066803,0.3826225996017456,-0.1081715077161789,0.9987255930900574,0.9967548251152039
side_person17.mp4,side,75,2500,30.0,848,478,2,left_eye,0.44051021337509155,0.38177791237831116,-0.10820022970438004,0.9988560676574707,0.9967897534370422
side_person17.mp4,side,75,2500,30.0,848,478,3,left_eye_outer,0.44175806641578674,0.3808909058570862,-0.10824128240346909,0.9990578293800354,0.9968346953392029
side_person17.mp4,side,75,2500,30.0,848,478,4,right_eye_inner,0.43965473771095276,0.3817340135574341,-0.07379256188869476,0.9981117248535156,0.996819019317627
side_person17.mp4,side,75,2500,30.0,848,478,5,right_eye,0.44080913066864014,0.3802708089351654,-0.07379890233278275,0.9981060028076172,0.9967933297157288
side_person17.mp4,side,75,2500,30.0,848,478,6,right_eye_outer,0.442206472158432,0.37872588634490967,-0.07381238788366318,0.9985973834991455,0.9968208074569702
side_person17.mp4,side,75,2500,30.0,848,478,7,left_ear,0.45512649416923523,0.37968263030052185,-0.16013507544994354,0.997489869594574,0.9955317974090576
side_person17.mp4,side,75,2500,30.0,848,478,8,right_ear,0.4552920460700989,0.37738674879074097,-0.006534825079143047,0.9983214735984802,0.9957596659660339
side_person17.mp4,side,75,2500,30.0,848,478,9,mouth_left,0.44457128643989563,0.4143179655075073,-0.10180456936359406,0.9973187446594238,0.9963728189468384
side_person17.mp4,side,75,2500,30.0,848,478,10,mouth_right,0.4447208642959595,0.41410988569259644,-0.057010482996702194,0.9967121481895447,0.9963018894195557
side_person17.mp4,side,75,2500,30.0,848,478,11,left_shoulder,0.47909942269325256,0.4547680914402008,-0.24488656222820282,0.9988012313842773,0.9943528175354004
side_person17.mp4,side,75,2500,30.0,848,478,12,right_shoulder,0.4799761176109314,0.4528963267803192,0.10110477358102798,0.9970249533653259,0.996037483215332
side_person17.mp4,side,75,2500,30.0,848,478,13,left_elbow,0.3972863256931305,0.4920165240764618,-0.30814969539642334,0.9861849546432495,0.9984939098358154
side_person17.mp4,side,75,2500,30.0,848,478,14,right_elbow,0.40473440289497375,0.48076072335243225,0.1443074345588684,0.32978853583335876,0.9990921020507812
side_person17.mp4,side,75,2500,30.0,848,478,15,left_wrist,0.3061668872833252,0.48945826292037964,-0.2679530084133148,0.98646080493927,0.9957261085510254
side_person17.mp4,side,75,2500,30.0,848,478,16,right_wrist,0.3419634699821472,0.48303699493408203,0.07202418893575668,0.5423746705055237,0.9962383508682251
side_person17.mp4,side,75,2500,30.0,848,478,17,left_pinky,0.2856598198413849,0.4831376075744629,-0.31046897172927856,0.9795176386833191,0.9929773211479187
side_person17.mp4,side,75,2500,30.0,848,478,18,right_pinky,0.331804484128952,0.4730992317199707,0.06736240535974503,0.5730352997779846,0.9941372871398926
side_person17.mp4,side,75,2500,30.0,848,478,19,left_index,0.29822033643722534,0.4743116796016693,-0.2888331711292267,0.977960467338562,0.9928582906723022
side_person17.mp4,side,75,2500,30.0,848,478,20,right_index,0.32917138934135437,0.47153425216674805,0.03628642112016678,0.5888851284980774,0.9932875037193298
side_person17.mp4,side,75,2500,30.0,848,478,21,left_thumb,0.30238085985183716,0.47865286469459534,-0.26051968336105347,0.9634782671928406,0.9937613606452942
side_person17.mp4,side,75,2500,30.0,848,478,22,right_thumb,0.3294993042945862,0.4755573868751526,0.05483205243945122,0.6095393896102905,0.9944543242454529
side_person17.mp4,side,75,2500,30.0,848,478,23,left_hip,0.5612789392471313,0.6573730111122131,-0.10688632726669312,0.9992554783821106,0.9987108707427979
side_person17.mp4,side,75,2500,30.0,848,478,24,right_hip,0.546923816204071,0.6441265344619751,0.10695234686136246,0.9988002777099609,0.999018669128418
side_person17.mp4,side,75,2500,30.0,848,478,25,left_knee,0.4562855064868927,0.7488552331924438,-0.09241793304681778,0.9212618470191956,0.9984328150749207
side_person17.mp4,side,75,2500,30.0,848,478,26,right_knee,0.45387715101242065,0.7184805870056152,0.14278356730937958,0.3128263056278229,0.9983193278312683
side_person17.mp4,side,75,2500,30.0,848,478,27,left_ankle,0.5020732879638672,0.9024147987365723,0.06566287577152252,0.8869564533233643,0.9975232481956482
side_person17.mp4,side,75,2500,30.0,848,478,28,right_ankle,0.5002708435058594,0.8763590455055237,0.29088449478149414,0.36245620250701904,0.9987993240356445
side_person17.mp4,side,75,2500,30.0,848,478,29,left_heel,0.5173752903938293,0.9235830307006836,0.08309333026409149,0.8650072813034058,0.9976822137832642
side_person17.mp4,side,75,2500,30.0,848,478,30,right_heel,0.5124444365501404,0.9023182392120361,0.3061613440513611,0.523740291595459,0.9988144636154175
side_person17.mp4,side,75,2500,30.0,848,478,31,left_foot_index,0.46381208300590515,0.9299513697624207,0.08495806157588959,0.8390323519706726,0.9966185092926025
side_person17.mp4,side,75,2500,30.0,848,478,32,right_foot_index,0.46639788150787354,0.9124005436897278,0.30598247051239014,0.48614534735679626,0.9982477426528931
side_person17.mp4,side,76,2533,30.0,848,478,0,nose,0.4380508363246918,0.37771254777908325,-0.08053455501794815,0.998652458190918,0.9973673224449158
side_person17.mp4,side,76,2533,30.0,848,478,1,left_eye_inner,0.44037649035453796,0.3602255582809448,-0.1015888899564743,0.9986996650695801,0.9971889853477478
side_person17.mp4,side,76,2533,30.0,848,478,2,left_eye,0.4415009617805481,0.3593369424343109,-0.10163315385580063,0.9988263845443726,0.9971152544021606
side_person17.mp4,side,76,2533,30.0,848,478,3,left_eye_outer,0.4428422749042511,0.35844817757606506,-0.10168194025754929,0.9990475177764893,0.9970659613609314
side_person17.mp4,side,76,2533,30.0,848,478,4,right_eye_inner,0.4404352307319641,0.35961228609085083,-0.06885713338851929,0.998121440410614,0.9973505735397339
side_person17.mp4,side,76,2533,30.0,848,478,5,right_eye,0.4416034519672394,0.35828274488449097,-0.0688759908080101,0.9981155395507812,0.9973190426826477
side_person17.mp4,side,76,2533,30.0,848,478,6,right_eye_outer,0.44301286339759827,0.3569048345088959,-0.06889066845178604,0.9986106753349304,0.9972719550132751
side_person17.mp4,side,76,2533,30.0,848,478,7,left_ear,0.45629411935806274,0.3585156798362732,-0.15062196552753448,0.9974316358566284,0.9957501888275146
side_person17.mp4,side,76,2533,30.0,848,478,8,right_ear,0.45647603273391724,0.35643860697746277,-0.004659512545913458,0.9983391165733337,0.9964858293533325
side_person17.mp4,side,76,2533,30.0,848,478,9,mouth_left,0.44528284668922424,0.39128831028938293,-0.09559593349695206,0.997321605682373,0.9963566064834595
side_person17.mp4,side,76,2533,30.0,848,478,10,mouth_right,0.4452873468399048,0.3913913667201996,-0.05294885113835335,0.9966010451316833,0.9963339567184448
side_person17.mp4,side,76,2533,30.0,848,478,11,left_shoulder,0.4793058931827545,0.4370342493057251,-0.23078057169914246,0.9987576603889465,0.9935547709465027
side_person17.mp4,side,76,2533,30.0,848,478,12,right_shoulder,0.4819476306438446,0.4333782494068146,0.09685473889112473,0.9968189597129822,0.9949139356613159
side_person17.mp4,side,76,2533,30.0,848,478,13,left_elbow,0.39842259883880615,0.4726610481739044,-0.29289621114730835,0.9861317276954651,0.9987999200820923
side_person17.mp4,side,76,2533,30.0,848,478,14,right_elbow,0.408644437789917,0.4669899344444275,0.13155297935009003,0.3238590657711029,0.9990416169166565
side_person17.mp4,side,76,2533,30.0,848,478,15,left_wrist,0.3097548186779022,0.4683092534542084,-0.25997471809387207,0.9865041971206665,0.9961135387420654
side_person17.mp4,side,76,2533,30.0,848,478,16,right_wrist,0.3462798595428467,0.46785637736320496,0.06559030711650848,0.5230715274810791,0.9953155517578125
side_person17.mp4,side,76,2533,30.0,848,478,17,left_pinky,0.2867821753025055,0.46137022972106934,-0.30280280113220215,0.9796594977378845,0.9931720495223999
side_person17.mp4,side,76,2533,30.0,848,478,18,right_pinky,0.33541885018348694,0.460753858089447,0.06187815219163895,0.5523717999458313,0.9931083917617798
side_person17.mp4,side,76,2533,30.0,848,478,19,left_index,0.29705291986465454,0.45525479316711426,-0.27978217601776123,0.9780473113059998,0.9930976033210754
side_person17.mp4,side,76,2533,30.0,848,478,20,right_index,0.33288246393203735,0.457293301820755,0.03080560825765133,0.567420482635498,0.9918210506439209
side_person17.mp4,side,76,2533,30.0,848,478,21,left_thumb,0.3044711649417877,0.45777252316474915,-0.25246894359588623,0.9637764692306519,0.994026780128479
side_person17.mp4,side,76,2533,30.0,848,478,22,right_thumb,0.33380261063575745,0.46028420329093933,0.04859833046793938,0.589484453201294,0.9931163787841797
side_person17.mp4,side,76,2533,30.0,848,478,23,left_hip,0.562096893787384,0.6426347494125366,-0.10445225238800049,0.9992424845695496,0.9988011121749878
side_person17.mp4,side,76,2533,30.0,848,478,24,right_hip,0.5471306443214417,0.6267996430397034,0.10451403260231018,0.9987791776657104,0.9990363121032715
side_person17.mp4,side,76,2533,30.0,848,478,25,left_knee,0.46611225605010986,0.7505027651786804,-0.07127880305051804,0.9229345917701721,0.9972710013389587
side_person17.mp4,side,76,2533,30.0,848,478,26,right_knee,0.4553874731063843,0.7163468599319458,0.13368436694145203,0.3258671462535858,0.9974421262741089
side_person17.mp4,side,76,2533,30.0,848,478,27,left_ankle,0.5033667683601379,0.9043803811073303,0.07288206368684769,0.8914018869400024,0.99332195520401
side_person17.mp4,side,76,2533,30.0,848,478,28,right_ankle,0.5023589134216309,0.8794750571250916,0.2836032211780548,0.37391573190689087,0.9980890154838562
side_person17.mp4,side,76,2533,30.0,848,478,29,left_heel,0.5174115300178528,0.9248899817466736,0.08590615540742874,0.8702194690704346,0.9932039976119995
side_person17.mp4,side,76,2533,30.0,848,478,30,right_heel,0.5127698183059692,0.9021049737930298,0.29945647716522217,0.5357920527458191,0.9978575110435486
side_person17.mp4,side,76,2533,30.0,848,478,31,left_foot_index,0.46379899978637695,0.930124044418335,0.08603767305612564,0.8446452617645264,0.9918650984764099
side_person17.mp4,side,76,2533,30.0,848,478,32,right_foot_index,0.465885728597641,0.9133208394050598,0.2959894835948944,0.4968879222869873,0.9970477223396301
side_person17.mp4,side,77,2567,30.0,848,478,0,nose,0.4383792281150818,0.35562774538993835,-0.10091771185398102,0.9987099170684814,0.9975917339324951
side_person17.mp4,side,77,2567,30.0,848,478,1,left_eye_inner,0.44103512167930603,0.3384932577610016,-0.12301729619503021,0.9987385272979736,0.9976086616516113
side_person17.mp4,side,77,2567,30.0,848,478,2,left_eye,0.4422679841518402,0.3376089334487915,-0.12304447591304779,0.9988569021224976,0.9976189732551575
side_person17.mp4,side,77,2567,30.0,848,478,3,left_eye_outer,0.44372373819351196,0.3367484509944916,-0.12310115993022919,0.9990794062614441,0.9976586103439331
side_person17.mp4,side,77,2567,30.0,848,478,4,right_eye_inner,0.4410410225391388,0.3380553126335144,-0.08949995040893555,0.9981979727745056,0.9976086616516113
side_person17.mp4,side,77,2567,30.0,848,478,5,right_eye,0.4422822594642639,0.33682963252067566,-0.08952304720878601,0.9981876611709595,0.9975675344467163
side_person17.mp4,side,77,2567,30.0,848,478,6,right_eye_outer,0.4437881112098694,0.3355368673801422,-0.08952328562736511,0.9986621141433716,0.9974943399429321
side_person17.mp4,side,77,2567,30.0,848,478,7,left_ear,0.4577944278717041,0.33720454573631287,-0.17288124561309814,0.9975086450576782,0.9968408346176147
side_person17.mp4,side,77,2567,30.0,848,478,8,right_ear,0.4580976068973541,0.3351086974143982,-0.02253994345664978,0.9984035491943359,0.9968216419219971
side_person17.mp4,side,77,2567,30.0,848,478,9,mouth_left,0.44594353437423706,0.3694613575935364,-0.11649106442928314,0.9974244236946106,0.9967718720436096
side_person17.mp4,side,77,2567,30.0,848,478,10,mouth_right,0.44582903385162354,0.36963191628456116,-0.07249601185321808,0.9966557621955872,0.9965004920959473
side_person17.mp4,side,77,2567,30.0,848,478,11,left_shoulder,0.4799826741218567,0.4187043011188507,-0.23982010781764984,0.9987409114837646,0.9946597218513489
side_person17.mp4,side,77,2567,30.0,848,478,12,right_shoulder,0.48438310623168945,0.4133477807044983,0.07953210920095444,0.9965755939483643,0.9949023723602295
side_person17.mp4,side,77,2567,30.0,848,478,13,left_elbow,0.398394912481308,0.45343589782714844,-0.3123336732387543,0.9861642718315125,0.9988614320755005
side_person17.mp4,side,77,2567,30.0,848,478,14,right_elbow,0.4083491563796997,0.4506077468395233,0.11571036279201508,0.3161747455596924,0.9988922476768494
side_person17.mp4,side,77,2567,30.0,848,478,15,left_wrist,0.3116787374019623,0.44746866822242737,-0.28096723556518555,0.986518144607544,0.9967904686927795
side_person17.mp4,side,77,2567,30.0,848,478,16,right_wrist,0.3418487310409546,0.45242294669151306,0.06019974127411842,0.5003722310066223,0.9934064149856567
side_person17.mp4,side,77,2567,30.0,848,478,17,left_pinky,0.28701987862586975,0.44325366616249084,-0.3241451680660248,0.9797084927558899,0.99442458152771
side_person17.mp4,side,77,2567,30.0,848,478,18,right_pinky,0.3301016390323639,0.44741085171699524,0.05212635546922684,0.5278007984161377,0.9909148812294006
side_person17.mp4,side,77,2567,30.0,848,478,19,left_index,0.2942877411842346,0.43473052978515625,-0.2894590497016907,0.978057324886322,0.9944135546684265
side_person17.mp4,side,77,2567,30.0,848,478,20,right_index,0.32827669382095337,0.44352900981903076,0.014036660082638264,0.5422017574310303,0.9891400337219238
side_person17.mp4,side,77,2567,30.0,848,478,21,left_thumb,0.30391138792037964,0.43739038705825806,-0.27007097005844116,0.9638206958770752,0.9951619505882263
side_person17.mp4,side,77,2567,30.0,848,478,22,right_thumb,0.32858261466026306,0.44630202651023865,0.04321349039673805,0.5652860999107361,0.9907867312431335
side_person17.mp4,side,77,2567,30.0,848,478,23,left_hip,0.5623817443847656,0.6263110041618347,-0.10453955829143524,0.999251663684845,0.9990839958190918
side_person17.mp4,side,77,2567,30.0,848,478,24,right_hip,0.5473050475120544,0.6123900413513184,0.10460416972637177,0.998794436454773,0.999270498752594
side_person17.mp4,side,77,2567,30.0,848,478,25,left_knee,0.4718019962310791,0.7511048316955566,-0.05354410782456398,0.9253960847854614,0.9980936646461487
side_person17.mp4,side,77,2567,30.0,848,478,26,right_knee,0.4581778049468994,0.7129893898963928,0.12685778737068176,0.34733331203460693,0.998275876045227
side_person17.mp4,side,77,2567,30.0,848,478,27,left_ankle,0.503433346748352,0.9055344462394714,0.09549708664417267,0.8975340127944946,0.9955673813819885
side_person17.mp4,side,77,2567,30.0,848,478,28,right_ankle,0.5005296468734741,0.8778590559959412,0.2877630591392517,0.39217233657836914,0.9989182949066162
side_person17.mp4,side,77,2567,30.0,848,478,29,left_heel,0.5172973275184631,0.9260707497596741,0.10911394655704498,0.8767468929290771,0.995376467704773
side_person17.mp4,side,77,2567,30.0,848,478,30,right_heel,0.5116280317306519,0.905155599117279,0.30436578392982483,0.5524123907089233,0.9986975193023682
side_person17.mp4,side,77,2567,30.0,848,478,31,left_foot_index,0.46343156695365906,0.9301392436027527,0.088542141020298,0.8528554439544678,0.9944885969161987
side_person17.mp4,side,77,2567,30.0,848,478,32,right_foot_index,0.46407341957092285,0.914547860622406,0.2923843562602997,0.5122981071472168,0.9981339573860168
side_person17.mp4,side,78,2600,30.0,848,478,0,nose,0.43923449516296387,0.3336871266365051,-0.07781876623630524,0.9986873269081116,0.9955411553382874
side_person17.mp4,side,78,2600,30.0,848,478,1,left_eye_inner,0.4422694742679596,0.3166734278202057,-0.09874166548252106,0.9986953735351562,0.9957323670387268
side_person17.mp4,side,78,2600,30.0,848,478,2,left_eye,0.4435917139053345,0.3157765865325928,-0.09879546612501144,0.9988099336624146,0.9957947731018066
side_person17.mp4,side,78,2600,30.0,848,478,3,left_eye_outer,0.44513648748397827,0.3148854970932007,-0.09884201735258102,0.9990606307983398,0.9958360195159912
side_person17.mp4,side,78,2600,30.0,848,478,4,right_eye_inner,0.4422350525856018,0.3162752687931061,-0.06504755467176437,0.9981768131256104,0.9956592321395874
side_person17.mp4,side,78,2600,30.0,848,478,5,right_eye,0.4435288906097412,0.3151102364063263,-0.06505777686834335,0.9981563687324524,0.9955844283103943
side_person17.mp4,side,78,2600,30.0,848,478,6,right_eye_outer,0.4450884163379669,0.313865065574646,-0.065074123442173,0.9986401200294495,0.9954338669776917
side_person17.mp4,side,78,2600,30.0,848,478,7,left_ear,0.4594077467918396,0.31531310081481934,-0.14728376269340515,0.9974600672721863,0.9949288368225098
side_person17.mp4,side,78,2600,30.0,848,478,8,right_ear,0.45964616537094116,0.3131933808326721,0.002200107090175152,0.9983564615249634,0.9945372939109802
side_person17.mp4,side,78,2600,30.0,848,478,9,mouth_left,0.4471728205680847,0.34737569093704224,-0.09299188107252121,0.9973563551902771,0.9944207072257996
side_person17.mp4,side,78,2600,30.0,848,478,10,mouth_right,0.446978896856308,0.34751006960868835,-0.04934944212436676,0.9964560270309448,0.9939080476760864
side_person17.mp4,side,78,2600,30.0,848,478,11,left_shoulder,0.48103177547454834,0.3981066644191742,-0.23388110101222992,0.9986817240715027,0.9913177490234375
side_person17.mp4,side,78,2600,30.0,848,478,12,right_shoulder,0.48706957697868347,0.3939298391342163,0.11126790195703506,0.9960997104644775,0.9892850518226624
side_person17.mp4,side,78,2600,30.0,848,478,13,left_elbow,0.39855968952178955,0.43496403098106384,-0.29216712713241577,0.9860342144966125,0.9976970553398132
side_person17.mp4,side,78,2600,30.0,848,478,14,right_elbow,0.4122503995895386,0.4350966513156891,0.14597578346729279,0.2978474795818329,0.9973536729812622
side_person17.mp4,side,78,2600,30.0,848,478,15,left_wrist,0.3169811964035034,0.42765212059020996,-0.23973657190799713,0.9857930541038513,0.9938300251960754
side_person17.mp4,side,78,2600,30.0,848,478,16,right_wrist,0.3432233929634094,0.4326096475124359,0.08064980804920197,0.467960923910141,0.9870124459266663
side_person17.mp4,side,78,2600,30.0,848,478,17,left_pinky,0.29423388838768005,0.42368850111961365,-0.2797989845275879,0.9787307381629944,0.9904362559318542
side_person17.mp4,side,78,2600,30.0,848,478,18,right_pinky,0.3429340720176697,0.43198949098587036,0.0779074877500534,0.4947308599948883,0.9832727909088135
side_person17.mp4,side,78,2600,30.0,848,478,19,left_index,0.30455073714256287,0.4071923792362213,-0.25677651166915894,0.9769803881645203,0.9901983737945557
side_person17.mp4,side,78,2600,30.0,848,478,20,right_index,0.34075552225112915,0.4288316071033478,0.046956200152635574,0.508435845375061,0.9807581901550293
side_person17.mp4,side,78,2600,30.0,848,478,21,left_thumb,0.3058110475540161,0.4191534221172333,-0.2313910722732544,0.9623223543167114,0.9913811087608337
side_person17.mp4,side,78,2600,30.0,848,478,22,right_thumb,0.3428144156932831,0.4380344748497009,0.06377527862787247,0.5316358208656311,0.9827357530593872
side_person17.mp4,side,78,2600,30.0,848,478,23,left_hip,0.5623772740364075,0.6096540093421936,-0.10513348132371902,0.9992356896400452,0.9987698197364807
side_person17.mp4,side,78,2600,30.0,848,478,24,right_hip,0.5473340153694153,0.5979857444763184,0.10519469529390335,0.9987626671791077,0.9987177848815918
side_person17.mp4,side,78,2600,30.0,848,478,25,left_knee,0.4742453694343567,0.7510384917259216,-0.05804755911231041,0.9282890558242798,0.9970245957374573
side_person17.mp4,side,78,2600,30.0,848,478,26,right_knee,0.4616389274597168,0.7097474932670593,0.1320352852344513,0.3655810058116913,0.9968241453170776
side_person17.mp4,side,78,2600,30.0,848,478,27,left_ankle,0.5041683316230774,0.9058913588523865,0.08476079255342484,0.9033815860748291,0.9940411448478699
side_person17.mp4,side,78,2600,30.0,848,478,28,right_ankle,0.5007413029670715,0.8774940371513367,0.27966606616973877,0.41296395659446716,0.9982272982597351
side_person17.mp4,side,78,2600,30.0,848,478,29,left_heel,0.5172094702720642,0.9266777038574219,0.095893993973732,0.882891058921814,0.9936540126800537
side_person17.mp4,side,78,2600,30.0,848,478,30,right_heel,0.5118662118911743,0.9046682119369507,0.29461514949798584,0.5689225196838379,0.9978761672973633
side_person17.mp4,side,78,2600,30.0,848,478,31,left_foot_index,0.46356362104415894,0.9299508929252625,0.06719013303518295,0.8607004880905151,0.9923978447914124
side_person17.mp4,side,78,2600,30.0,848,478,32,right_foot_index,0.4637085199356079,0.9148560166358948,0.2800254225730896,0.5283654928207397,0.9969513416290283
side_person17.mp4,side,79,2633,30.0,848,478,0,nose,0.44058290123939514,0.31681910157203674,-0.07055184245109558,0.9987217783927917,0.996040940284729
side_person17.mp4,side,79,2633,30.0,848,478,1,left_eye_inner,0.44303613901138306,0.29931390285491943,-0.09059020131826401,0.9987137913703918,0.9959940910339355
side_person17.mp4,side,79,2633,30.0,848,478,2,left_eye,0.44433754682540894,0.29815706610679626,-0.0906398668885231,0.9988155364990234,0.9959946870803833
side_person17.mp4,side,79,2633,30.0,848,478,3,left_eye_outer,0.4458824694156647,0.2969284653663635,-0.09068194031715393,0.9990752339363098,0.9959635734558105
side_person17.mp4,side,79,2633,30.0,848,478,4,right_eye_inner,0.4428962767124176,0.2992086112499237,-0.057335883378982544,0.9982232451438904,0.9960172772407532
side_person17.mp4,side,79,2633,30.0,848,478,5,right_eye,0.44408848881721497,0.2979815602302551,-0.057344745844602585,0.9981940984725952,0.9959362745285034
side_person17.mp4,side,79,2633,30.0,848,478,6,right_eye_outer,0.4455738663673401,0.2965909242630005,-0.05736576393246651,0.9986737370491028,0.9957247972488403
side_person17.mp4,side,79,2633,30.0,848,478,7,left_ear,0.46067312359809875,0.2957274615764618,-0.13744914531707764,0.9975078701972961,0.9953621029853821
side_person17.mp4,side,79,2633,30.0,848,478,8,right_ear,0.4605010449886322,0.2946292459964752,0.009843837469816208,0.9983835220336914,0.9948832988739014
side_person17.mp4,side,79,2633,30.0,848,478,9,mouth_left,0.44874119758605957,0.33011385798454285,-0.0854453295469284,0.9973939657211304,0.9941351413726807
side_person17.mp4,side,79,2633,30.0,848,478,10,mouth_right,0.4484564960002899,0.3305293023586273,-0.0423428975045681,0.9964284896850586,0.9934694766998291
side_person17.mp4,side,79,2633,30.0,848,478,11,left_shoulder,0.481818825006485,0.3759315013885498,-0.22793100774288177,0.9985976219177246,0.9882845878601074
side_person17.mp4,side,79,2633,30.0,848,478,12,right_shoulder,0.4889799952507019,0.37567567825317383,0.11411674320697784,0.9955829977989197,0.9839655160903931
side_person17.mp4,side,79,2633,30.0,848,478,13,left_elbow,0.3986261188983917,0.411357045173645,-0.2962709367275238,0.9857710599899292,0.9969106316566467
side_person17.mp4,side,79,2633,30.0,848,478,14,right_elbow,0.41211721301078796,0.4154563248157501,0.1318841278553009,0.2821010649204254,0.9962634444236755
side_person17.mp4,side,79,2633,30.0,848,478,15,left_wrist,0.31657975912094116,0.4064549505710602,-0.259780615568161,0.9846533536911011,0.9888395667076111
side_person17.mp4,side,79,2633,30.0,848,478,16,right_wrist,0.34077945351600647,0.41175687313079834,0.05785549804568291,0.4354908764362335,0.974131166934967
side_person17.mp4,side,79,2633,30.0,848,478,17,left_pinky,0.2945782244205475,0.40292927622795105,-0.3034031093120575,0.9771915078163147,0.9819163680076599
side_person17.mp4,side,79,2633,30.0,848,478,18,right_pinky,0.3425731062889099,0.40872442722320557,0.05339028313755989,0.4607122242450714,0.966851532459259
side_person17.mp4,side,79,2633,30.0,848,478,19,left_index,0.3041061758995056,0.3888777494430542,-0.2784973084926605,0.9752406477928162,0.9816142916679382
side_person17.mp4,side,79,2633,30.0,848,478,20,right_index,0.3406178951263428,0.407644122838974,0.02142561413347721,0.4734188914299011,0.9608705043792725
side_person17.mp4,side,79,2633,30.0,848,478,21,left_thumb,0.3056204915046692,0.3988381028175354,-0.25151708722114563,0.9598497748374939,0.9839169383049011
side_person17.mp4,side,79,2633,30.0,848,478,22,right_thumb,0.3418239653110504,0.4193432629108429,0.040252216160297394,0.4966258704662323,0.9636978507041931
side_person17.mp4,side,79,2633,30.0,848,478,23,left_hip,0.562373697757721,0.5916328430175781,-0.10530038923025131,0.9991927146911621,0.9983988404273987
side_person17.mp4,side,79,2633,30.0,848,478,24,right_hip,0.5475521683692932,0.5825097560882568,0.10535698384046555,0.9986809492111206,0.9983333945274353
side_person17.mp4,side,79,2633,30.0,848,478,25,left_knee,0.4786149561405182,0.7490926384925842,-0.06468138843774796,0.9303295016288757,0.9941028952598572
side_person17.mp4,side,79,2633,30.0,848,478,26,right_knee,0.4676148295402527,0.7098934054374695,0.11843889206647873,0.3729718327522278,0.9939779043197632
side_person17.mp4,side,79,2633,30.0,848,478,27,left_ankle,0.5041619539260864,0.9058489203453064,0.06107596680521965,0.9076581597328186,0.9873145818710327
side_person17.mp4,side,79,2633,30.0,848,478,28,right_ankle,0.500971794128418,0.8833720684051514,0.2558411657810211,0.4228515028953552,0.9956861734390259
side_person17.mp4,side,79,2633,30.0,848,478,29,left_heel,0.5174152255058289,0.9281807541847229,0.07199296355247498,0.8876860737800598,0.9862622022628784
side_person17.mp4,side,79,2633,30.0,848,478,30,right_heel,0.5119489431381226,0.9079515933990479,0.2691649794578552,0.5783165097236633,0.9945053458213806
side_person17.mp4,side,79,2633,30.0,848,478,31,left_foot_index,0.46334755420684814,0.9300462603569031,0.03861665725708008,0.8658521175384521,0.9845794439315796
side_person17.mp4,side,79,2633,30.0,848,478,32,right_foot_index,0.4629964530467987,0.9177919626235962,0.2425597906112671,0.5331897735595703,0.9929205775260925
side_person17.mp4,side,80,2667,30.0,848,478,0,nose,0.44294509291648865,0.29682546854019165,-0.04786374047398567,0.9987425804138184,0.9954696893692017
side_person17.mp4,side,80,2667,30.0,848,478,1,left_eye_inner,0.4451664388179779,0.2786259055137634,-0.06920266896486282,0.9987160563468933,0.9954531192779541
side_person17.mp4,side,80,2667,30.0,848,478,2,left_eye,0.4464615285396576,0.2773416340351105,-0.06924945116043091,0.9988090395927429,0.995444655418396
side_person17.mp4,side,80,2667,30.0,848,478,3,left_eye_outer,0.44799208641052246,0.27602890133857727,-0.06928716599941254,0.999080240726471,0.9953872561454773
side_person17.mp4,side,80,2667,30.0,848,478,4,right_eye_inner,0.44506287574768066,0.27863365411758423,-0.03423174098134041,0.9982602596282959,0.9956385493278503
side_person17.mp4,side,80,2667,30.0,848,478,5,right_eye,0.4462369978427887,0.2773682475090027,-0.034242648631334305,0.9982260465621948,0.9956331849098206
side_person17.mp4,side,80,2667,30.0,848,478,6,right_eye_outer,0.44769182801246643,0.27594518661499023,-0.03428032621741295,0.9986997842788696,0.995555579662323
side_person17.mp4,side,80,2667,30.0,848,478,7,left_ear,0.4631689190864563,0.27460575103759766,-0.11941706389188766,0.997532844543457,0.994554877281189
side_person17.mp4,side,80,2667,30.0,848,478,8,right_ear,0.4628106653690338,0.273885577917099,0.03544318303465843,0.9983867406845093,0.9948373436927795
side_person17.mp4,side,80,2667,30.0,848,478,9,mouth_left,0.4511335790157318,0.3096487820148468,-0.06387067586183548,0.9973956346511841,0.9937884211540222
side_person17.mp4,side,80,2667,30.0,848,478,10,mouth_right,0.4508991241455078,0.31012052297592163,-0.01859004981815815,0.9963740706443787,0.9934390187263489
side_person17.mp4,side,80,2667,30.0,848,478,11,left_shoulder,0.4842008054256439,0.35193687677383423,-0.21539762616157532,0.9985411167144775,0.9886233806610107
side_person17.mp4,side,80,2667,30.0,848,478,12,right_shoulder,0.4897928833961487,0.3561846613883972,0.14457820355892181,0.995160698890686,0.9870908260345459
side_person17.mp4,side,80,2667,30.0,848,478,13,left_elbow,0.401583194732666,0.38798457384109497,-0.28266409039497375,0.9856570363044739,0.9972597360610962
side_person17.mp4,side,80,2667,30.0,848,478,14,right_elbow,0.41305798292160034,0.3928578197956085,0.1687987893819809,0.26560524106025696,0.9974455833435059
side_person17.mp4,side,80,2667,30.0,848,478,15,left_wrist,0.32065775990486145,0.38397693634033203,-0.237604558467865,0.9835443496704102,0.9912214279174805
side_person17.mp4,side,80,2667,30.0,848,478,16,right_wrist,0.340681254863739,0.38789278268814087,0.0921507477760315,0.40647655725479126,0.9854466915130615
side_person17.mp4,side,80,2667,30.0,848,478,17,left_pinky,0.30090951919555664,0.381643146276474,-0.27775275707244873,0.9757471680641174,0.9863685965538025
side_person17.mp4,side,80,2667,30.0,848,478,18,right_pinky,0.3405897319316864,0.38261622190475464,0.09094255417585373,0.4309133291244507,0.9809064269065857
side_person17.mp4,side,80,2667,30.0,848,478,19,left_index,0.3114968538284302,0.363051176071167,-0.25319501757621765,0.973588228225708,0.9862399697303772
side_person17.mp4,side,80,2667,30.0,848,478,20,right_index,0.34091830253601074,0.3846499025821686,0.0596521757543087,0.4429921805858612,0.9774509072303772
side_person17.mp4,side,80,2667,30.0,848,478,21,left_thumb,0.31717005372047424,0.3741515278816223,-0.22872759401798248,0.9574464559555054,0.9879514575004578
side_person17.mp4,side,80,2667,30.0,848,478,22,right_thumb,0.3348524272441864,0.3869559168815613,0.07449744641780853,0.4660913348197937,0.9794285893440247
side_person17.mp4,side,80,2667,30.0,848,478,23,left_hip,0.5623695850372314,0.5785737037658691,-0.1085858941078186,0.9991406202316284,0.9986172914505005
side_person17.mp4,side,80,2667,30.0,848,478,24,right_hip,0.5471882224082947,0.5704091191291809,0.10862790048122406,0.9986066222190857,0.9986199140548706
side_person17.mp4,side,80,2667,30.0,848,478,25,left_knee,0.48460251092910767,0.7461780309677124,-0.07723117619752884,0.932460367679596,0.9955688118934631
side_person17.mp4,side,80,2667,30.0,848,478,26,right_knee,0.47019171714782715,0.71003258228302,0.0991150364279747,0.3842010796070099,0.9957960844039917
side_person17.mp4,side,80,2667,30.0,848,478,27,left_ankle,0.5046973824501038,0.9062595367431641,0.019262658432126045,0.9126500487327576,0.98895263671875
side_person17.mp4,side,80,2667,30.0,848,478,28,right_ankle,0.5010437369346619,0.8859730958938599,0.21772174537181854,0.43760451674461365,0.996957540512085
side_person17.mp4,side,80,2667,30.0,848,478,29,left_heel,0.5172518491744995,0.9292239546775818,0.028425706550478935,0.8929237127304077,0.9876828789710999
side_person17.mp4,side,80,2667,30.0,848,478,30,right_heel,0.5119925737380981,0.9136622548103333,0.22902049124240875,0.5912026166915894,0.9959675073623657
side_person17.mp4,side,80,2667,30.0,848,478,31,left_foot_index,0.46291276812553406,0.9301543831825256,-0.010453290306031704,0.8719903826713562,0.9864381551742554
side_person17.mp4,side,80,2667,30.0,848,478,32,right_foot_index,0.46260300278663635,0.9205367565155029,0.1981717348098755,0.5430593490600586,0.9945080876350403
side_person17.mp4,side,81,2700,30.0,848,478,0,nose,0.4455641508102417,0.27588650584220886,-0.046498365700244904,0.9987478852272034,0.9954622387886047
side_person17.mp4,side,81,2700,30.0,848,478,1,left_eye_inner,0.4472115635871887,0.2571686804294586,-0.06895372271537781,0.9987309575080872,0.9959036707878113
side_person17.mp4,side,81,2700,30.0,848,478,2,left_eye,0.44851550459861755,0.2557569146156311,-0.06900935620069504,0.998816728591919,0.9960623383522034
side_person17.mp4,side,81,2700,30.0,848,478,3,left_eye_outer,0.45011958479881287,0.25436121225357056,-0.06905481219291687,0.9990986585617065,0.9961658716201782
side_person17.mp4,side,81,2700,30.0,848,478,4,right_eye_inner,0.44705134630203247,0.25740665197372437,-0.033261023461818695,0.99831223487854,0.9957203269004822
side_person17.mp4,side,81,2700,30.0,848,478,5,right_eye,0.44819414615631104,0.256136029958725,-0.033260393887758255,0.9982679486274719,0.9956555366516113
side_person17.mp4,side,81,2700,30.0,848,478,6,right_eye_outer,0.4496786296367645,0.254743367433548,-0.03328631818294525,0.9987353682518005,0.9955440163612366
side_person17.mp4,side,81,2700,30.0,848,478,7,left_ear,0.46581703424453735,0.2535325288772583,-0.12144990265369415,0.9976098537445068,0.9960743188858032
side_person17.mp4,side,81,2700,30.0,848,478,8,right_ear,0.46534019708633423,0.25312644243240356,0.0367630198597908,0.9984186291694641,0.9952995777130127
side_person17.mp4,side,81,2700,30.0,848,478,9,mouth_left,0.45362958312034607,0.2881850600242615,-0.06288757175207138,0.9974089860916138,0.9948347806930542
side_person17.mp4,side,81,2700,30.0,848,478,10,mouth_right,0.4533981382846832,0.28856921195983887,-0.016630373895168304,0.9963514804840088,0.9942007064819336
side_person17.mp4,side,81,2700,30.0,848,478,11,left_shoulder,0.48711690306663513,0.3319701552391052,-0.21650812029838562,0.9985508322715759,0.9921613335609436
side_person17.mp4,side,81,2700,30.0,848,478,12,right_shoulder,0.4944847524166107,0.3346349895000458,0.1516757607460022,0.9949901700019836,0.987667441368103
side_person17.mp4,side,81,2700,30.0,848,478,13,left_elbow,0.4029504656791687,0.3686927258968353,-0.2852512300014496,0.9860191345214844,0.9978262782096863
side_person17.mp4,side,81,2700,30.0,848,478,14,right_elbow,0.4231972098350525,0.37732240557670593,0.1873483508825302,0.24839536845684052,0.99616938829422
side_person17.mp4,side,81,2700,30.0,848,478,15,left_wrist,0.3238872289657593,0.36284005641937256,-0.2358318567276001,0.9832332134246826,0.9907360672950745
side_person17.mp4,side,81,2700,30.0,848,478,16,right_wrist,0.3676173686981201,0.38734084367752075,0.11645815521478653,0.3769030272960663,0.9838114380836487
side_person17.mp4,side,81,2700,30.0,848,478,17,left_pinky,0.30270522832870483,0.35997411608695984,-0.27718469500541687,0.9752964377403259,0.9854758381843567
side_person17.mp4,side,81,2700,30.0,848,478,18,right_pinky,0.35947710275650024,0.3679259121417999,0.11702698469161987,0.40078142285346985,0.9812788963317871
side_person17.mp4,side,81,2700,30.0,848,478,19,left_index,0.30984634160995483,0.3517666161060333,-0.2510868310928345,0.9730100631713867,0.9852075576782227
side_person17.mp4,side,81,2700,30.0,848,478,20,right_index,0.3567206859588623,0.36463379859924316,0.08542479574680328,0.4119671583175659,0.9785279631614685
side_person17.mp4,side,81,2700,30.0,848,478,21,left_thumb,0.3154912292957306,0.35550689697265625,-0.22619380056858063,0.9564099311828613,0.9870054721832275
side_person17.mp4,side,81,2700,30.0,848,478,22,right_thumb,0.3567509949207306,0.374727725982666,0.09928043186664581,0.43446090817451477,0.979532778263092
side_person17.mp4,side,81,2700,30.0,848,478,23,left_hip,0.5609830021858215,0.567139208316803,-0.11016667634248734,0.9991309642791748,0.9989057779312134
side_person17.mp4,side,81,2700,30.0,848,478,24,right_hip,0.5471896529197693,0.5600552558898926,0.11022400110960007,0.9985436201095581,0.9985760450363159
side_person17.mp4,side,81,2700,30.0,848,478,25,left_knee,0.4851169288158417,0.7408505082130432,-0.07727887481451035,0.935096800327301,0.9956662654876709
side_person17.mp4,side,81,2700,30.0,848,478,26,right_knee,0.4751459062099457,0.7055709362030029,0.11360692232847214,0.39563658833503723,0.9945871829986572
side_person17.mp4,side,81,2700,30.0,848,478,27,left_ankle,0.5048953890800476,0.9061707854270935,0.026396142318844795,0.9177566766738892,0.9902591705322266
side_person17.mp4,side,81,2700,30.0,848,478,28,right_ankle,0.5019877552986145,0.8839201927185059,0.23526088893413544,0.4529253840446472,0.9958803653717041
side_person17.mp4,side,81,2700,30.0,848,478,29,left_heel,0.5169269442558289,0.9289195537567139,0.03660506010055542,0.8989756107330322,0.9893002510070801
side_person17.mp4,side,81,2700,30.0,848,478,30,right_heel,0.5136215090751648,0.9115149974822998,0.2467849850654602,0.6026151776313782,0.9946436882019043
side_person17.mp4,side,81,2700,30.0,848,478,31,left_foot_index,0.46330225467681885,0.9301101565361023,0.0028133229352533817,0.8784225583076477,0.9882142543792725
side_person17.mp4,side,81,2700,30.0,848,478,32,right_foot_index,0.4632517397403717,0.920585572719574,0.21714989840984344,0.553194522857666,0.9939122200012207
side_person17.mp4,side,82,2733,30.0,848,478,0,nose,0.4496837556362152,0.2568402588367462,-0.04766052961349487,0.9987010359764099,0.9939684867858887
side_person17.mp4,side,82,2733,30.0,848,478,1,left_eye_inner,0.45039400458335876,0.23822085559368134,-0.07040416449308395,0.9987131357192993,0.9946147799491882
side_person17.mp4,side,82,2733,30.0,848,478,2,left_eye,0.4516877233982086,0.23674753308296204,-0.07045459002256393,0.9987928867340088,0.9949153661727905
side_person17.mp4,side,82,2733,30.0,848,478,3,left_eye_outer,0.45318686962127686,0.23538732528686523,-0.07049815356731415,0.9990959167480469,0.9951116442680359
side_person17.mp4,side,82,2733,30.0,848,478,4,right_eye_inner,0.45024174451828003,0.2384541928768158,-0.03433332219719887,0.9983258843421936,0.994187593460083
side_person17.mp4,side,82,2733,30.0,848,478,5,right_eye,0.4512920677661896,0.23712539672851562,-0.03433047980070114,0.99826580286026,0.9941738247871399
side_person17.mp4,side,82,2733,30.0,848,478,6,right_eye_outer,0.4526258111000061,0.23575744032859802,-0.03435327112674713,0.9987426996231079,0.9941086769104004
side_person17.mp4,side,82,2733,30.0,848,478,7,left_ear,0.46941351890563965,0.23396988213062286,-0.12295901030302048,0.9976358413696289,0.995406985282898
side_person17.mp4,side,82,2733,30.0,848,478,8,right_ear,0.46892398595809937,0.2335779070854187,0.03691304475069046,0.9984021782875061,0.9942613840103149
side_person17.mp4,side,82,2733,30.0,848,478,9,mouth_left,0.4571112096309662,0.26942354440689087,-0.06391214579343796,0.9973430037498474,0.9943798184394836
side_person17.mp4,side,82,2733,30.0,848,478,10,mouth_right,0.4568289518356323,0.26986053586006165,-0.017172014340758324,0.9962100982666016,0.9934543371200562
side_person17.mp4,side,82,2733,30.0,848,478,11,left_shoulder,0.48867785930633545,0.3162138760089874,-0.21667392551898956,0.998564600944519,0.9931118488311768
side_person17.mp4,side,82,2733,30.0,848,478,12,right_shoulder,0.49859654903411865,0.3186146318912506,0.15451867878437042,0.9949275851249695,0.9896768927574158
side_person17.mp4,side,82,2733,30.0,848,478,13,left_elbow,0.40397781133651733,0.3513132333755493,-0.2783035337924957,0.9864501953125,0.9976487755775452
side_person17.mp4,side,82,2733,30.0,848,478,14,right_elbow,0.42996180057525635,0.36293089389801025,0.1922260969877243,0.23471751809120178,0.9960773587226868
side_person17.mp4,side,82,2733,30.0,848,478,15,left_wrist,0.3291587233543396,0.347465455532074,-0.21678511798381805,0.9830081462860107,0.9908344745635986
side_person17.mp4,side,82,2733,30.0,848,478,16,right_wrist,0.37470197677612305,0.37507709860801697,0.12249914556741714,0.3515312969684601,0.9869928359985352
side_person17.mp4,side,82,2733,30.0,848,478,17,left_pinky,0.30398228764533997,0.34236276149749756,-0.2571643888950348,0.974834680557251,0.986331582069397
side_person17.mp4,side,82,2733,30.0,848,478,18,right_pinky,0.3602258563041687,0.35137176513671875,0.12339244782924652,0.37450242042541504,0.985634982585907
side_person17.mp4,side,82,2733,30.0,848,478,19,left_index,0.3092610836029053,0.3346445560455322,-0.23216784000396729,0.9724624156951904,0.9859537482261658
side_person17.mp4,side,82,2733,30.0,848,478,20,right_index,0.36189472675323486,0.3477546274662018,0.09234735369682312,0.3847905695438385,0.9831193089485168
side_person17.mp4,side,82,2733,30.0,848,478,21,left_thumb,0.3174341022968292,0.33948299288749695,-0.20732265710830688,0.9553886651992798,0.9876295328140259
side_person17.mp4,side,82,2733,30.0,848,478,22,right_thumb,0.36320772767066956,0.35908061265945435,0.10574811697006226,0.40631943941116333,0.9838451147079468
side_person17.mp4,side,82,2733,30.0,848,478,23,left_hip,0.5584057569503784,0.5568330883979797,-0.11071622371673584,0.9990588426589966,0.9984765648841858
side_person17.mp4,side,82,2733,30.0,848,478,24,right_hip,0.5471059679985046,0.5503038763999939,0.11078770458698273,0.9983742237091064,0.9981004595756531
side_person17.mp4,side,82,2733,30.0,848,478,25,left_knee,0.48597341775894165,0.7337462902069092,-0.07744196057319641,0.9364007711410522,0.9945443868637085
side_person17.mp4,side,82,2733,30.0,848,478,26,right_knee,0.48061278462409973,0.7055788636207581,0.11831046640872955,0.4016718566417694,0.9934688806533813
side_person17.mp4,side,82,2733,30.0,848,478,27,left_ankle,0.5046409964561462,0.9055486917495728,0.02273593842983246,0.9212079048156738,0.9885513186454773
side_person17.mp4,side,82,2733,30.0,848,478,28,right_ankle,0.5026028156280518,0.8857688903808594,0.23114469647407532,0.4615365266799927,0.9949089884757996
side_person17.mp4,side,82,2733,30.0,848,478,29,left_heel,0.515703558921814,0.9288077354431152,0.03218669071793556,0.9037484526634216,0.9867773652076721
side_person17.mp4,side,82,2733,30.0,848,478,30,right_heel,0.5141928791999817,0.9138639569282532,0.24150297045707703,0.6063714027404785,0.9931117296218872
side_person17.mp4,side,82,2733,30.0,848,478,31,left_foot_index,0.46175438165664673,0.9297937154769897,-0.005604722537100315,0.8830466270446777,0.9872095584869385
side_person17.mp4,side,82,2733,30.0,848,478,32,right_foot_index,0.46292006969451904,0.9206977486610413,0.2063858062028885,0.5579366087913513,0.9931592345237732
side_person17.mp4,side,83,2767,30.0,848,478,0,nose,0.452814519405365,0.2401251345872879,-0.06115478277206421,0.9986720681190491,0.9952036142349243
side_person17.mp4,side,83,2767,30.0,848,478,1,left_eye_inner,0.45321741700172424,0.22108051180839539,-0.08324610441923141,0.9986680150032043,0.9950584173202515
side_person17.mp4,side,83,2767,30.0,848,478,2,left_eye,0.45442986488342285,0.21954001486301422,-0.08329226076602936,0.9987370371818542,0.994976282119751
side_person17.mp4,side,83,2767,30.0,848,478,3,left_eye_outer,0.455866277217865,0.21807941794395447,-0.0833287313580513,0.9990588426589966,0.9948652386665344
side_person17.mp4,side,83,2767,30.0,848,478,4,right_eye_inner,0.4531448781490326,0.22131621837615967,-0.04749612137675285,0.998320460319519,0.9956484436988831
side_person17.mp4,side,83,2767,30.0,848,478,5,right_eye,0.4542030692100525,0.21991649270057678,-0.04750293120741844,0.9982552528381348,0.9958966970443726
side_person17.mp4,side,83,2767,30.0,848,478,6,right_eye_outer,0.45552846789360046,0.21846486628055573,-0.04753076657652855,0.9987474679946899,0.9960958361625671
side_person17.mp4,side,83,2767,30.0,848,478,7,left_ear,0.47220540046691895,0.2165878415107727,-0.13258501887321472,0.9975995421409607,0.994482159614563
side_person17.mp4,side,83,2767,30.0,848,478,8,right_ear,0.47141385078430176,0.21666648983955383,0.0272657573223114,0.9983876347541809,0.9963420033454895
side_person17.mp4,side,83,2767,30.0,848,478,9,mouth_left,0.45985105633735657,0.25316953659057617,-0.0764065831899643,0.9973169565200806,0.9953623414039612
side_person17.mp4,side,83,2767,30.0,848,478,10,mouth_right,0.4596715569496155,0.25378555059432983,-0.02992197312414646,0.9961869120597839,0.9957116842269897
side_person17.mp4,side,83,2767,30.0,848,478,11,left_shoulder,0.49178367853164673,0.29698771238327026,-0.2242639809846878,0.9985664486885071,0.9919654130935669
side_person17.mp4,side,83,2767,30.0,848,478,12,right_shoulder,0.4985726773738861,0.30500009655952454,0.14583854377269745,0.9950928092002869,0.9947350025177002
side_person17.mp4,side,83,2767,30.0,848,478,13,left_elbow,0.4063449800014496,0.32731589674949646,-0.28675463795661926,0.9865449666976929,0.9972700476646423
side_person17.mp4,side,83,2767,30.0,848,478,14,right_elbow,0.42764607071876526,0.3396475315093994,0.17505662143230438,0.2377118468284607,0.9986068606376648
side_person17.mp4,side,83,2767,30.0,848,478,15,left_wrist,0.33215951919555664,0.32987141609191895,-0.26211103796958923,0.982537567615509,0.9889155626296997
side_person17.mp4,side,83,2767,30.0,848,478,16,right_wrist,0.3671841621398926,0.34364554286003113,0.09575754404067993,0.3470979332923889,0.9929636120796204
side_person17.mp4,side,83,2767,30.0,848,478,17,left_pinky,0.3102152943611145,0.3250805139541626,-0.310397744178772,0.9741535186767578,0.9845661520957947
side_person17.mp4,side,83,2767,30.0,848,478,18,right_pinky,0.3592446744441986,0.33984196186065674,0.09380906820297241,0.36844462156295776,0.9909058809280396
side_person17.mp4,side,83,2767,30.0,848,478,19,left_index,0.31370115280151367,0.32151666283607483,-0.28019222617149353,0.971591055393219,0.9841471910476685
side_person17.mp4,side,83,2767,30.0,848,478,20,right_index,0.3597985506057739,0.3380013406276703,0.06507161259651184,0.3787454664707184,0.9890195727348328
side_person17.mp4,side,83,2767,30.0,848,478,21,left_thumb,0.32038840651512146,0.3250245749950409,-0.2513551115989685,0.9539344310760498,0.9855124354362488
side_person17.mp4,side,83,2767,30.0,848,478,22,right_thumb,0.3601703941822052,0.34091174602508545,0.07959287613630295,0.4004230499267578,0.9898310303688049
side_person17.mp4,side,83,2767,30.0,848,478,23,left_hip,0.5568140745162964,0.5470231175422668,-0.11235106736421585,0.9988935589790344,0.9972932934761047
side_person17.mp4,side,83,2767,30.0,848,478,24,right_hip,0.545768141746521,0.5408262014389038,0.11240756511688232,0.9981005191802979,0.9975932240486145
side_person17.mp4,side,83,2767,30.0,848,478,25,left_knee,0.49269574880599976,0.729307234287262,-0.07752955704927444,0.9370678067207336,0.9922611117362976
side_person17.mp4,side,83,2767,30.0,848,478,26,right_knee,0.48281311988830566,0.7027758955955505,0.1215277761220932,0.4055214524269104,0.9929674863815308
side_person17.mp4,side,83,2767,30.0,848,478,27,left_ankle,0.5048195719718933,0.905409574508667,0.02589358016848564,0.923872172832489,0.983693540096283
side_person17.mp4,side,83,2767,30.0,848,478,28,right_ankle,0.5029466152191162,0.8846428394317627,0.2410055547952652,0.4685741364955902,0.9947659969329834
side_person17.mp4,side,83,2767,30.0,848,478,29,left_heel,0.5157174468040466,0.9298444390296936,0.03445488214492798,0.9071035981178284,0.9805604219436646
side_person17.mp4,side,83,2767,30.0,848,478,30,right_heel,0.5139005780220032,0.9143505096435547,0.2518405616283417,0.6110652685165405,0.9925888776779175
side_person17.mp4,side,83,2767,30.0,848,478,31,left_foot_index,0.46060648560523987,0.9286248683929443,-0.016979137435555458,0.8866689801216125,0.9842830300331116
side_person17.mp4,side,83,2767,30.0,848,478,32,right_foot_index,0.461727499961853,0.9204374551773071,0.20788106322288513,0.5637775659561157,0.9935239553451538
side_person17.mp4,side,84,2800,30.0,848,478,0,nose,0.4548610746860504,0.2213972508907318,-0.0982760637998581,0.9986538290977478,0.9964988231658936
side_person17.mp4,side,84,2800,30.0,848,478,1,left_eye_inner,0.45567840337753296,0.20149347186088562,-0.11945558339357376,0.9986279606819153,0.9964197874069214
side_person17.mp4,side,84,2800,30.0,848,478,2,left_eye,0.4569162428379059,0.19993433356285095,-0.11950908601284027,0.9986892342567444,0.9963868856430054
side_person17.mp4,side,84,2800,30.0,848,478,3,left_eye_outer,0.4583437144756317,0.1985347718000412,-0.11952304095029831,0.9990249276161194,0.996292233467102
side_person17.mp4,side,84,2800,30.0,848,478,4,right_eye_inner,0.45558860898017883,0.2017911821603775,-0.08343003690242767,0.9983205795288086,0.9967953562736511
side_person17.mp4,side,84,2800,30.0,848,478,5,right_eye,0.45667773485183716,0.20038087666034698,-0.08344003558158875,0.9982525706291199,0.996970534324646
side_person17.mp4,side,84,2800,30.0,848,478,6,right_eye_outer,0.45800554752349854,0.19896724820137024,-0.08348360657691956,0.9987537264823914,0.9971097111701965
side_person17.mp4,side,84,2800,30.0,848,478,7,left_ear,0.47430139780044556,0.19848939776420593,-0.16095860302448273,0.9975839853286743,0.9959281086921692
side_person17.mp4,side,84,2800,30.0,848,478,8,right_ear,0.4734482169151306,0.19852828979492188,-0.000294445373583585,0.9983775019645691,0.9971674084663391
side_person17.mp4,side,84,2800,30.0,848,478,9,mouth_left,0.46132683753967285,0.23423993587493896,-0.11037904769182205,0.9973481893539429,0.9964358806610107
side_person17.mp4,side,84,2800,30.0,848,478,10,mouth_right,0.46119725704193115,0.2352355569601059,-0.06351157277822495,0.9962038397789001,0.9967712759971619
side_person17.mp4,side,84,2800,30.0,848,478,11,left_shoulder,0.4936560392379761,0.2787753939628601,-0.24973554909229279,0.9985831379890442,0.9931305050849915
side_person17.mp4,side,84,2800,30.0,848,478,12,right_shoulder,0.49818694591522217,0.2923000156879425,0.13327986001968384,0.9952412247657776,0.9952394962310791
side_person17.mp4,side,84,2800,30.0,848,478,13,left_elbow,0.406484454870224,0.30974316596984863,-0.3351900279521942,0.9869403839111328,0.9978591799736023
side_person17.mp4,side,84,2800,30.0,848,478,14,right_elbow,0.4261406660079956,0.32914063334465027,0.15277612209320068,0.24619807302951813,0.9987303614616394
side_person17.mp4,side,84,2800,30.0,848,478,15,left_wrist,0.329782098531723,0.3117697238922119,-0.3231457471847534,0.982103705406189,0.9918181896209717
side_person17.mp4,side,84,2800,30.0,848,478,16,right_wrist,0.36595627665519714,0.3328595757484436,0.05193344131112099,0.34726226329803467,0.9946449995040894
side_person17.mp4,side,84,2800,30.0,848,478,17,left_pinky,0.30791670083999634,0.305334210395813,-0.37469273805618286,0.9733133316040039,0.9895505309104919
side_person17.mp4,side,84,2800,30.0,848,478,18,right_pinky,0.3574637770652771,0.3310531675815582,0.04823795706033707,0.3663818836212158,0.9937407374382019
side_person17.mp4,side,84,2800,30.0,848,478,19,left_index,0.3125438392162323,0.30337631702423096,-0.3447093367576599,0.9705122113227844,0.9894608855247498
side_person17.mp4,side,84,2800,30.0,848,478,20,right_index,0.355001837015152,0.33072832226753235,0.00958021730184555,0.3769438862800598,0.9923747181892395
side_person17.mp4,side,84,2800,30.0,848,478,21,left_thumb,0.31903889775276184,0.30815407633781433,-0.31337252259254456,0.9521735310554504,0.9899914264678955
side_person17.mp4,side,84,2800,30.0,848,478,22,right_thumb,0.35623395442962646,0.33213087916374207,0.031361985951662064,0.398642361164093,0.9926960468292236
side_person17.mp4,side,84,2800,30.0,848,478,23,left_hip,0.555712103843689,0.5324372053146362,-0.11209653317928314,0.9987374544143677,0.9968433380126953
side_person17.mp4,side,84,2800,30.0,848,478,24,right_hip,0.5440357327461243,0.5303010940551758,0.11214858293533325,0.9977768659591675,0.996863603591919
side_person17.mp4,side,84,2800,30.0,848,478,25,left_knee,0.4998130202293396,0.7199073433876038,-0.07225920259952545,0.9381967782974243,0.9946433305740356
side_person17.mp4,side,84,2800,30.0,848,478,26,right_knee,0.48372888565063477,0.7016096711158752,0.12555953860282898,0.4150434732437134,0.9946843981742859
side_person17.mp4,side,84,2800,30.0,848,478,27,left_ankle,0.5037266612052917,0.9039309620857239,0.033320169895887375,0.9278975129127502,0.9897646903991699
side_person17.mp4,side,84,2800,30.0,848,478,28,right_ankle,0.5013113021850586,0.8845374584197998,0.24779681861400604,0.48564788699150085,0.9967761635780334
side_person17.mp4,side,84,2800,30.0,848,478,29,left_heel,0.5140007138252258,0.9296456575393677,0.04204179719090462,0.9116821885108948,0.9866812229156494
side_person17.mp4,side,84,2800,30.0,848,478,30,right_heel,0.5106797218322754,0.9151225686073303,0.2604721188545227,0.6241670250892639,0.995201826095581
side_person17.mp4,side,84,2800,30.0,848,478,31,left_foot_index,0.4602612555027008,0.9279244542121887,-0.021421071141958237,0.8921911716461182,0.9892894625663757
side_person17.mp4,side,84,2800,30.0,848,478,32,right_foot_index,0.4611552655696869,0.9195416569709778,0.21539625525474548,0.5792322754859924,0.9960556030273438
side_person17.mp4,side,85,2833,30.0,848,478,0,nose,0.4565514028072357,0.2056315541267395,-0.10594730824232101,0.9986602067947388,0.9977164268493652
side_person17.mp4,side,85,2833,30.0,848,478,1,left_eye_inner,0.45791682600975037,0.185593843460083,-0.12749604880809784,0.9986140131950378,0.9975836277008057
side_person17.mp4,side,85,2833,30.0,848,478,2,left_eye,0.4592170715332031,0.1840357631444931,-0.12754829227924347,0.9986687898635864,0.9975827932357788
side_person17.mp4,side,85,2833,30.0,848,478,3,left_eye_outer,0.4606908857822418,0.18265585601329803,-0.1275593340396881,0.9990092515945435,0.997531533241272
side_person17.mp4,side,85,2833,30.0,848,478,4,right_eye_inner,0.4577532708644867,0.1858244389295578,-0.09118734300136566,0.998334527015686,0.9978094696998596
side_person17.mp4,side,85,2833,30.0,848,478,5,right_eye,0.4588705897331238,0.184383824467659,-0.09118984639644623,0.9982636570930481,0.9979117512702942
side_person17.mp4,side,85,2833,30.0,848,478,6,right_eye_outer,0.4602237343788147,0.1829892098903656,-0.09123506397008896,0.9987661838531494,0.9979923963546753
side_person17.mp4,side,85,2833,30.0,848,478,7,left_ear,0.47666215896606445,0.18263743817806244,-0.16967689990997314,0.9976048469543457,0.9973294734954834
side_person17.mp4,side,85,2833,30.0,848,478,8,right_ear,0.47577425837516785,0.18241211771965027,-0.007816559635102749,0.9983723163604736,0.9979872703552246
side_person17.mp4,side,85,2833,30.0,848,478,9,mouth_left,0.463279664516449,0.21999508142471313,-0.11829669773578644,0.9974226355552673,0.9978070855140686
side_person17.mp4,side,85,2833,30.0,848,478,10,mouth_right,0.46299514174461365,0.22072607278823853,-0.07100842893123627,0.9962732791900635,0.9979477524757385
side_person17.mp4,side,85,2833,30.0,848,478,11,left_shoulder,0.49570155143737793,0.26375970244407654,-0.2571263313293457,0.9986411929130554,0.9961426854133606
side_person17.mp4,side,85,2833,30.0,848,478,12,right_shoulder,0.4982563555240631,0.279339998960495,0.12649472057819366,0.9954316020011902,0.9967806339263916
side_person17.mp4,side,85,2833,30.0,848,478,13,left_elbow,0.40736907720565796,0.2958153188228607,-0.34579727053642273,0.987271785736084,0.9985811710357666
side_person17.mp4,side,85,2833,30.0,848,478,14,right_elbow,0.4265507459640503,0.3188701868057251,0.14604215323925018,0.25581395626068115,0.9991204142570496
side_person17.mp4,side,85,2833,30.0,848,478,15,left_wrist,0.32899388670921326,0.2961520254611969,-0.3367081880569458,0.9817124009132385,0.9950957894325256
side_person17.mp4,side,85,2833,30.0,848,478,16,right_wrist,0.3632390797138214,0.3212895393371582,0.043940626084804535,0.3524647057056427,0.9967573285102844
side_person17.mp4,side,85,2833,30.0,848,478,17,left_pinky,0.3079639971256256,0.28815963864326477,-0.3881531059741974,0.9725804328918457,0.993743360042572
side_person17.mp4,side,85,2833,30.0,848,478,18,right_pinky,0.35679447650909424,0.3179958760738373,0.04021046683192253,0.36935973167419434,0.9961568713188171
side_person17.mp4,side,85,2833,30.0,848,478,19,left_index,0.3116760849952698,0.28255507349967957,-0.3594983220100403,0.969560980796814,0.9937345385551453
side_person17.mp4,side,85,2833,30.0,848,478,20,right_index,0.3510735034942627,0.3168942332267761,0.000509758188854903,0.38041916489601135,0.9953395128250122
side_person17.mp4,side,85,2833,30.0,848,478,21,left_thumb,0.3181022107601166,0.2880060076713562,-0.32751888036727905,0.9505398273468018,0.9940508008003235
side_person17.mp4,side,85,2833,30.0,848,478,22,right_thumb,0.35373058915138245,0.31862112879753113,0.02281840145587921,0.40215444564819336,0.9955872297286987
side_person17.mp4,side,85,2833,30.0,848,478,23,left_hip,0.5546697378158569,0.5211415886878967,-0.11198467761278152,0.9986476302146912,0.9979528188705444
side_person17.mp4,side,85,2833,30.0,848,478,24,right_hip,0.5418281555175781,0.5204806327819824,0.112027607858181,0.9975445866584778,0.997628390789032
side_person17.mp4,side,85,2833,30.0,848,478,25,left_knee,0.5048670768737793,0.7107194066047668,-0.0734710618853569,0.939066469669342,0.9973458647727966
side_person17.mp4,side,85,2833,30.0,848,478,26,right_knee,0.48453736305236816,0.6954432725906372,0.12550555169582367,0.42590999603271484,0.9966572523117065
side_person17.mp4,side,85,2833,30.0,848,478,27,left_ankle,0.503759503364563,0.9039247035980225,0.019573381170630455,0.932007372379303,0.9930907487869263
side_person17.mp4,side,85,2833,30.0,848,478,28,right_ankle,0.5000225901603699,0.8836050033569336,0.24625501036643982,0.5025196671485901,0.9978187084197998
side_person17.mp4,side,85,2833,30.0,848,478,29,left_heel,0.513385534286499,0.9294686913490295,0.024875512346625328,0.9156045317649841,0.9901902675628662
side_person17.mp4,side,85,2833,30.0,848,478,30,right_heel,0.5087954998016357,0.914218544960022,0.2571398615837097,0.6366298198699951,0.9967036843299866
side_person17.mp4,side,85,2833,30.0,848,478,31,left_foot_index,0.4603477716445923,0.9277012944221497,-0.051326874643564224,0.8976890444755554,0.9916540384292603
side_person17.mp4,side,85,2833,30.0,848,478,32,right_foot_index,0.46030932664871216,0.9176142811775208,0.20264418423175812,0.594984769821167,0.9971609115600586
side_person17.mp4,side,86,2867,30.0,848,478,0,nose,0.4592476189136505,0.1900041550397873,-0.10062440484762192,0.9986552596092224,0.9986342787742615
side_person17.mp4,side,86,2867,30.0,848,478,1,left_eye_inner,0.4610527455806732,0.17056278884410858,-0.12231095135211945,0.9985957145690918,0.998488187789917
side_person17.mp4,side,86,2867,30.0,848,478,2,left_eye,0.4623556435108185,0.1690986454486847,-0.12236019223928452,0.9986409544944763,0.9984694123268127
side_person17.mp4,side,86,2867,30.0,848,478,3,left_eye_outer,0.4638647735118866,0.16773933172225952,-0.12237480282783508,0.9989880919456482,0.9983691573143005
side_person17.mp4,side,86,2867,30.0,848,478,4,right_eye_inner,0.4609107971191406,0.1707606017589569,-0.08641607314348221,0.9983396530151367,0.9986464381217957
side_person17.mp4,side,86,2867,30.0,848,478,5,right_eye,0.4620547294616699,0.16938720643520355,-0.08641692996025085,0.9982616305351257,0.9986959099769592
side_person17.mp4,side,86,2867,30.0,848,478,6,right_eye_outer,0.46347808837890625,0.16798637807369232,-0.08645517379045486,0.9987775087356567,0.9987230896949768
side_person17.mp4,side,86,2867,30.0,848,478,7,left_ear,0.4797877073287964,0.1679813414812088,-0.16649582982063293,0.9976232647895813,0.9981751441955566
side_person17.mp4,side,86,2867,30.0,848,478,8,right_ear,0.4791422188282013,0.16789834201335907,-0.00649992935359478,0.9983629584312439,0.9986478686332703
side_person17.mp4,side,86,2867,30.0,848,478,9,mouth_left,0.4658275842666626,0.2047308385372162,-0.11376699060201645,0.9975072145462036,0.9986273050308228
side_person17.mp4,side,86,2867,30.0,848,478,10,mouth_right,0.46556079387664795,0.20558103919029236,-0.06704398989677429,0.9963735342025757,0.9987605810165405
side_person17.mp4,side,86,2867,30.0,848,478,11,left_shoulder,0.4963124394416809,0.2496006190776825,-0.2543444037437439,0.9987033009529114,0.9969273209571838
side_person17.mp4,side,86,2867,30.0,848,478,12,right_shoulder,0.5002778172492981,0.26463592052459717,0.12327441573143005,0.9956614375114441,0.9977250695228577
side_person17.mp4,side,86,2867,30.0,848,478,13,left_elbow,0.40775400400161743,0.2820470631122589,-0.33710798621177673,0.9876369833946228,0.9987176656723022
side_person17.mp4,side,86,2867,30.0,848,478,14,right_elbow,0.4295130670070648,0.30564385652542114,0.14793698489665985,0.26890257000923157,0.9992777705192566
side_person17.mp4,side,86,2867,30.0,848,478,15,left_wrist,0.329383909702301,0.2818525731563568,-0.3218872845172882,0.9806299209594727,0.9961836934089661
side_person17.mp4,side,86,2867,30.0,848,478,16,right_wrist,0.3608832359313965,0.3100978434085846,0.048464566469192505,0.3593265414237976,0.9977951049804688
side_person17.mp4,side,86,2867,30.0,848,478,17,left_pinky,0.31009575724601746,0.27689850330352783,-0.37148064374923706,0.9705321788787842,0.9957740902900696
side_person17.mp4,side,86,2867,30.0,848,478,18,right_pinky,0.3529498875141144,0.3089993894100189,0.04503713548183441,0.3740684688091278,0.9975046515464783
side_person17.mp4,side,86,2867,30.0,848,478,19,left_index,0.3120317757129669,0.2726086676120758,-0.34250733256340027,0.9671769738197327,0.9957423806190491
side_person17.mp4,side,86,2867,30.0,848,478,20,right_index,0.34924018383026123,0.30864545702934265,0.005711640231311321,0.3860599100589752,0.9970292448997498
side_person17.mp4,side,86,2867,30.0,848,478,21,left_thumb,0.31853505969047546,0.27823367714881897,-0.3124963343143463,0.9469415545463562,0.9958003163337708
side_person17.mp4,side,86,2867,30.0,848,478,22,right_thumb,0.3509105443954468,0.3091301918029785,0.027701789513230324,0.40783387422561646,0.997114896774292
side_person17.mp4,side,86,2867,30.0,848,478,23,left_hip,0.5508034825325012,0.5105246901512146,-0.11195556074380875,0.9985836744308472,0.9978013634681702
side_person17.mp4,side,86,2867,30.0,848,478,24,right_hip,0.5394644737243652,0.5091367959976196,0.1119699776172638,0.9973492622375488,0.9973234534263611
side_person17.mp4,side,86,2867,30.0,848,478,25,left_knee,0.5071952939033508,0.7039089798927307,-0.07367445528507233,0.9395277500152588,0.9980928301811218
side_person17.mp4,side,86,2867,30.0,848,478,26,right_knee,0.489955335855484,0.6902832984924316,0.12788571417331696,0.4322499632835388,0.9973395466804504
side_person17.mp4,side,86,2867,30.0,848,478,27,left_ankle,0.5037949085235596,0.9032926559448242,0.01468992605805397,0.9359833598136902,0.9954402446746826
side_person17.mp4,side,86,2867,30.0,848,478,28,right_ankle,0.49999335408210754,0.8808391094207764,0.24433264136314392,0.5187244415283203,0.9982615113258362
side_person17.mp4,side,86,2867,30.0,848,478,29,left_heel,0.5134745240211487,0.9281893968582153,0.01924174092710018,0.9199396967887878,0.9931902289390564
side_person17.mp4,side,86,2867,30.0,848,478,30,right_heel,0.5088571310043335,0.912192165851593,0.25383543968200684,0.6503102779388428,0.9973042011260986
side_person17.mp4,side,86,2867,30.0,848,478,31,left_foot_index,0.4604114294052124,0.9265725612640381,-0.057991497218608856,0.9030809998512268,0.9942116141319275
side_person17.mp4,side,86,2867,30.0,848,478,32,right_foot_index,0.4603547155857086,0.9093830585479736,0.19633780419826508,0.6115390062332153,0.997820258140564
side_person17.mp4,side,87,2900,30.0,848,478,0,nose,0.46223634481430054,0.1748685985803604,-0.08522909134626389,0.9986553192138672,0.998745322227478
side_person17.mp4,side,87,2900,30.0,848,478,1,left_eye_inner,0.46469825506210327,0.1560182422399521,-0.10745621472597122,0.9985989928245544,0.9985841512680054
side_person17.mp4,side,87,2900,30.0,848,478,2,left_eye,0.4660191833972931,0.1548190861940384,-0.10750787705183029,0.9986382126808167,0.9985747337341309
side_person17.mp4,side,87,2900,30.0,848,478,3,left_eye_outer,0.467611163854599,0.1537357121706009,-0.10751182585954666,0.9989811182022095,0.9984757304191589
side_person17.mp4,side,87,2900,30.0,848,478,4,right_eye_inner,0.4645838439464569,0.15631970763206482,-0.07106257230043411,0.9983574151992798,0.9987006187438965
side_person17.mp4,side,87,2900,30.0,848,478,5,right_eye,0.46574729681015015,0.15525616705417633,-0.0710241049528122,0.9982784390449524,0.9987382292747498
side_person17.mp4,side,87,2900,30.0,848,478,6,right_eye_outer,0.4672483801841736,0.1541569083929062,-0.07105456292629242,0.9987958669662476,0.998745322227478
side_person17.mp4,side,87,2900,30.0,848,478,7,left_ear,0.48364177346229553,0.15598724782466888,-0.15273277461528778,0.9976854920387268,0.9984428286552429
side_person17.mp4,side,87,2900,30.0,848,478,8,right_ear,0.4831191301345825,0.1558273881673813,0.008939462713897228,0.9983615279197693,0.9987659454345703
side_person17.mp4,side,87,2900,30.0,848,478,9,mouth_left,0.4686952531337738,0.19044893980026245,-0.09844069182872772,0.9976217150688171,0.9989302754402161
side_person17.mp4,side,87,2900,30.0,848,478,10,mouth_right,0.46842607855796814,0.19126677513122559,-0.051163479685783386,0.996531069278717,0.9990106821060181
side_person17.mp4,side,87,2900,30.0,848,478,11,left_shoulder,0.49814051389694214,0.23926426470279694,-0.23922790586948395,0.9987758994102478,0.9978067278862
side_person17.mp4,side,87,2900,30.0,848,478,12,right_shoulder,0.5019009113311768,0.2544177770614624,0.1343841552734375,0.995917797088623,0.998087465763092
side_person17.mp4,side,87,2900,30.0,848,478,13,left_elbow,0.4095945656299591,0.2714434266090393,-0.3080699145793915,0.9876461029052734,0.9985437393188477
side_person17.mp4,side,87,2900,30.0,848,478,14,right_elbow,0.43280741572380066,0.2972310483455658,0.17123951017856598,0.27613624930381775,0.99904865026474
side_person17.mp4,side,87,2900,30.0,848,478,15,left_wrist,0.3353622853755951,0.27021926641464233,-0.2699854075908661,0.9789803624153137,0.9962194561958313
side_person17.mp4,side,87,2900,30.0,848,478,16,right_wrist,0.36142781376838684,0.29769444465637207,0.07295570522546768,0.36153846979141235,0.9973963499069214
side_person17.mp4,side,87,2900,30.0,848,478,17,left_pinky,0.3176519274711609,0.2687928080558777,-0.3155534863471985,0.9679043889045715,0.9959039092063904
side_person17.mp4,side,87,2900,30.0,848,478,18,right_pinky,0.35110893845558167,0.29875126481056213,0.07067573070526123,0.3754997253417969,0.9970531463623047
side_person17.mp4,side,87,2900,30.0,848,478,19,left_index,0.3178732395172119,0.26514992117881775,-0.28852370381355286,0.9641739130020142,0.9958599209785461
side_person17.mp4,side,87,2900,30.0,848,478,20,right_index,0.34853824973106384,0.29673635959625244,0.02923480235040188,0.38848134875297546,0.9966465830802917
side_person17.mp4,side,87,2900,30.0,848,478,21,left_thumb,0.32511231303215027,0.26896795630455017,-0.26046809554100037,0.9427835941314697,0.9959927797317505
side_person17.mp4,side,87,2900,30.0,848,478,22,right_thumb,0.35049110651016235,0.2973668575286865,0.05132542550563812,0.41076144576072693,0.9967043995857239
side_person17.mp4,side,87,2900,30.0,848,478,23,left_hip,0.5478833913803101,0.5038110017776489,-0.1117989793419838,0.9984828233718872,0.997010350227356
side_person17.mp4,side,87,2900,30.0,848,478,24,right_hip,0.5364670157432556,0.503153383731842,0.11181897670030594,0.9970430731773376,0.9954030513763428
side_person17.mp4,side,87,2900,30.0,848,478,25,left_knee,0.5097132325172424,0.7009755969047546,-0.058898814022541046,0.9378776550292969,0.9983464479446411
side_person17.mp4,side,87,2900,30.0,848,478,26,right_knee,0.49353933334350586,0.6852154731750488,0.16142535209655762,0.4251663088798523,0.9968996047973633
side_person17.mp4,side,87,2900,30.0,848,478,27,left_ankle,0.5037869215011597,0.9014313220977783,0.017500022426247597,0.9380350708961487,0.9935959577560425
side_person17.mp4,side,87,2900,30.0,848,478,28,right_ankle,0.4999249577522278,0.8731679320335388,0.263565331697464,0.5235316753387451,0.9966891407966614
side_person17.mp4,side,87,2900,30.0,848,478,29,left_heel,0.5134116411209106,0.9282371997833252,0.02801501378417015,0.9217574000358582,0.988959789276123
side_person17.mp4,side,87,2900,30.0,848,478,30,right_heel,0.5076866745948792,0.9031404256820679,0.27088555693626404,0.6550055146217346,0.9946080446243286
side_person17.mp4,side,87,2900,30.0,848,478,31,left_foot_index,0.45996326208114624,0.9261589050292969,-0.04284462705254555,0.9059442281723022,0.9909550547599792
side_person17.mp4,side,87,2900,30.0,848,478,32,right_foot_index,0.4601862132549286,0.9017300605773926,0.21126984059810638,0.6222921013832092,0.9962693452835083
side_person17.mp4,side,88,2933,30.0,848,478,0,nose,0.46432992815971375,0.16381984949111938,-0.0603848360478878,0.9986900091171265,0.9994879961013794
side_person17.mp4,side,88,2933,30.0,848,478,1,left_eye_inner,0.46721959114074707,0.1449882686138153,-0.08286909759044647,0.9986397624015808,0.9993541836738586
side_person17.mp4,side,88,2933,30.0,848,478,2,left_eye,0.4686000645160675,0.14373740553855896,-0.08291296660900116,0.9986697435379028,0.9993276596069336
side_person17.mp4,side,88,2933,30.0,848,478,3,left_eye_outer,0.47014597058296204,0.14265123009681702,-0.08290772885084152,0.9989997744560242,0.9992484450340271
side_person17.mp4,side,88,2933,30.0,848,478,4,right_eye_inner,0.4670954942703247,0.14534449577331543,-0.046538908034563065,0.9984180927276611,0.9994472861289978
side_person17.mp4,side,88,2933,30.0,848,478,5,right_eye,0.46834269165992737,0.14425498247146606,-0.04649985954165459,0.9983376860618591,0.9994643330574036
side_person17.mp4,side,88,2933,30.0,848,478,6,right_eye_outer,0.46981990337371826,0.1431870013475418,-0.04652262106537819,0.9988451600074768,0.99946528673172
side_person17.mp4,side,88,2933,30.0,848,478,7,left_ear,0.48593491315841675,0.14509236812591553,-0.1310373991727829,0.9977855682373047,0.999183714389801
side_person17.mp4,side,88,2933,30.0,848,478,8,right_ear,0.48553574085235596,0.1451098769903183,0.030879607424139977,0.9984179139137268,0.99944669008255
side_person17.mp4,side,88,2933,30.0,848,478,9,mouth_left,0.4708181917667389,0.17915813624858856,-0.07454415410757065,0.9977472424507141,0.9994799494743347
side_person17.mp4,side,88,2933,30.0,848,478,10,mouth_right,0.4704694449901581,0.18020884692668915,-0.027219830080866814,0.9967179894447327,0.9995712637901306
side_person17.mp4,side,88,2933,30.0,848,478,11,left_shoulder,0.4993145763874054,0.22858290374279022,-0.22078047692775726,0.9988589286804199,0.998677670955658
side_person17.mp4,side,88,2933,30.0,848,478,12,right_shoulder,0.5031214356422424,0.24729682505130768,0.15273426473140717,0.9962100386619568,0.9990906715393066
side_person17.mp4,side,88,2933,30.0,848,478,13,left_elbow,0.4101870059967041,0.26128119230270386,-0.29526421427726746,0.9878365993499756,0.9991163611412048
side_person17.mp4,side,88,2933,30.0,848,478,14,right_elbow,0.4330800175666809,0.2911604642868042,0.19083605706691742,0.29007360339164734,0.999510645866394
side_person17.mp4,side,88,2933,30.0,848,478,15,left_wrist,0.3345451056957245,0.25582924485206604,-0.26624059677124023,0.9775107502937317,0.997643768787384
side_person17.mp4,side,88,2933,30.0,848,478,16,right_wrist,0.36245882511138916,0.2932141125202179,0.09047470986843109,0.3726506531238556,0.9989475607872009
side_person17.mp4,side,88,2933,30.0,848,478,17,left_pinky,0.31563711166381836,0.25232750177383423,-0.3122674226760864,0.9654771089553833,0.997542142868042
side_person17.mp4,side,88,2933,30.0,848,478,18,right_pinky,0.3507577180862427,0.29139354825019836,0.08923069387674332,0.3848388195037842,0.9988223910331726
side_person17.mp4,side,88,2933,30.0,848,478,19,left_index,0.31678834557533264,0.24820391833782196,-0.2837914824485779,0.9614083766937256,0.9974616765975952
side_person17.mp4,side,88,2933,30.0,848,478,20,right_index,0.3489599823951721,0.2896256744861603,0.047939199954271317,0.398958683013916,0.9986452460289001
side_person17.mp4,side,88,2933,30.0,848,478,21,left_thumb,0.32378488779067993,0.25316816568374634,-0.2564612030982971,0.9388900399208069,0.9974836707115173
side_person17.mp4,side,88,2933,30.0,848,478,22,right_thumb,0.3511562943458557,0.2901412844657898,0.0691034197807312,0.42107585072517395,0.998684823513031
side_person17.mp4,side,88,2933,30.0,848,478,23,left_hip,0.5432901382446289,0.497612863779068,-0.11310838162899017,0.9984741806983948,0.9980676770210266
side_person17.mp4,side,88,2933,30.0,848,478,24,right_hip,0.5341356992721558,0.4967845678329468,0.11308462172746658,0.9969303011894226,0.9972929358482361
side_person17.mp4,side,88,2933,30.0,848,478,25,left_knee,0.5108537673950195,0.6977167725563049,-0.07121705263853073,0.9360869526863098,0.9990180730819702
side_person17.mp4,side,88,2933,30.0,848,478,26,right_knee,0.4960173964500427,0.6830263733863831,0.16098155081272125,0.41133758425712585,0.9983702301979065
side_person17.mp4,side,88,2933,30.0,848,478,27,left_ankle,0.5037985444068909,0.8994684219360352,-0.004482863005250692,0.9403476119041443,0.9959684610366821
side_person17.mp4,side,88,2933,30.0,848,478,28,right_ankle,0.49987033009529114,0.8711327314376831,0.2536351978778839,0.5235118269920349,0.9978684186935425
side_person17.mp4,side,88,2933,30.0,848,478,29,left_heel,0.5134516954421997,0.9286996126174927,-0.00110167998354882,0.9246894121170044,0.9925640225410461
side_person17.mp4,side,88,2933,30.0,848,478,30,right_heel,0.5075580477714539,0.9018058776855469,0.2592543661594391,0.6589619517326355,0.9962700605392456
side_person17.mp4,side,88,2933,30.0,848,478,31,left_foot_index,0.4602351784706116,0.9259645938873291,-0.08244974166154861,0.9094873666763306,0.9939436316490173
side_person17.mp4,side,88,2933,30.0,848,478,32,right_foot_index,0.46021994948387146,0.8998859524726868,0.19549715518951416,0.630162239074707,0.9974621534347534
side_person17.mp4,side,89,2967,30.0,848,478,0,nose,0.4663991332054138,0.15549662709236145,-0.05517289415001869,0.9987277984619141,0.9995898604393005
side_person17.mp4,side,89,2967,30.0,848,478,1,left_eye_inner,0.46921488642692566,0.13577669858932495,-0.07737917453050613,0.9986894726753235,0.9994866847991943
side_person17.mp4,side,89,2967,30.0,848,478,2,left_eye,0.470624178647995,0.13463816046714783,-0.07742474973201752,0.9987145066261292,0.9994719624519348
side_person17.mp4,side,89,2967,30.0,848,478,3,left_eye_outer,0.47218531370162964,0.13357113301753998,-0.07742186635732651,0.9990304112434387,0.9994175434112549
side_person17.mp4,side,89,2967,30.0,848,478,4,right_eye_inner,0.4689236879348755,0.13612990081310272,-0.04116569086909294,0.9984814524650574,0.9995347261428833
side_person17.mp4,side,89,2967,30.0,848,478,5,right_eye,0.47008147835731506,0.13522127270698547,-0.0411294549703598,0.9983978271484375,0.9995392560958862
side_person17.mp4,side,89,2967,30.0,848,478,6,right_eye_outer,0.47146329283714294,0.1342543661594391,-0.04114750027656555,0.9988906979560852,0.9995259046554565
side_person17.mp4,side,89,2967,30.0,848,478,7,left_ear,0.4874591529369354,0.13621333241462708,-0.1267843097448349,0.9978944063186646,0.9993832111358643
side_person17.mp4,side,89,2967,30.0,848,478,8,right_ear,0.4871771037578583,0.13622605800628662,0.034735288470983505,0.9984632134437561,0.9994727969169617
side_person17.mp4,side,89,2967,30.0,848,478,9,mouth_left,0.47301289439201355,0.17207129299640656,-0.06981095671653748,0.9978721141815186,0.9996172189712524
side_person17.mp4,side,89,2967,30.0,848,478,10,mouth_right,0.47243475914001465,0.1731751710176468,-0.022600658237934113,0.9968929290771484,0.999651312828064
side_person17.mp4,side,89,2967,30.0,848,478,11,left_shoulder,0.502393901348114,0.22001197934150696,-0.22064349055290222,0.9989515542984009,0.9992547631263733
side_person17.mp4,side,89,2967,30.0,848,478,12,right_shoulder,0.5035918354988098,0.24016256630420685,0.15836501121520996,0.9964580535888672,0.9991222023963928
side_person17.mp4,side,89,2967,30.0,848,478,13,left_elbow,0.4137464463710785,0.2550976574420929,-0.29653385281562805,0.9884108304977417,0.9994962215423584
side_person17.mp4,side,89,2967,30.0,848,478,14,right_elbow,0.4340866804122925,0.2836560308933258,0.19981296360492706,0.3018397092819214,0.9996139407157898
side_person17.mp4,side,89,2967,30.0,848,478,15,left_wrist,0.336437851190567,0.24812230467796326,-0.27103832364082336,0.9776439070701599,0.9989141225814819
side_person17.mp4,side,89,2967,30.0,848,478,16,right_wrist,0.3626139163970947,0.28572526574134827,0.10153455287218094,0.3857244849205017,0.9993218183517456
side_person17.mp4,side,89,2967,30.0,848,478,17,left_pinky,0.3164390027523041,0.24320219457149506,-0.3175981342792511,0.9653728008270264,0.9987871050834656
side_person17.mp4,side,89,2967,30.0,848,478,18,right_pinky,0.35046902298927307,0.2839464247226715,0.10116533935070038,0.39566370844841003,0.9992318153381348
side_person17.mp4,side,89,2967,30.0,848,478,19,left_index,0.31680506467819214,0.2386285662651062,-0.28954795002937317,0.9612446427345276,0.998734176158905
side_person17.mp4,side,89,2967,30.0,848,478,20,right_index,0.3486076295375824,0.2810220718383789,0.059801600873470306,0.4105049967765808,0.9991065859794617
side_person17.mp4,side,89,2967,30.0,848,478,21,left_thumb,0.32418951392173767,0.24363736808300018,-0.261343389749527,0.9385395050048828,0.9987879395484924
side_person17.mp4,side,89,2967,30.0,848,478,22,right_thumb,0.3508833646774292,0.28220605850219727,0.08024778962135315,0.432531476020813,0.999152421951294
side_person17.mp4,side,89,2967,30.0,848,478,23,left_hip,0.5396968722343445,0.491169810295105,-0.11622749269008636,0.9985084533691406,0.9986708164215088
side_person17.mp4,side,89,2967,30.0,848,478,24,right_hip,0.5309577584266663,0.4908525049686432,0.11618700623512268,0.9968202710151672,0.9977647066116333
side_person17.mp4,side,89,2967,30.0,848,478,25,left_knee,0.5103996396064758,0.6935948729515076,-0.07233312726020813,0.9347193837165833,0.9994444251060486
side_person17.mp4,side,89,2967,30.0,848,478,26,right_knee,0.49934571981430054,0.6762562394142151,0.19236774742603302,0.39102616906166077,0.9988192915916443
side_person17.mp4,side,89,2967,30.0,848,478,27,left_ankle,0.5037851929664612,0.8958524465560913,-0.009583384729921818,0.9424132108688354,0.99685138463974
side_person17.mp4,side,89,2967,30.0,848,478,28,right_ankle,0.5008396506309509,0.8560844659805298,0.29439184069633484,0.5143243670463562,0.9984862208366394
side_person17.mp4,side,89,2967,30.0,848,478,29,left_heel,0.5134917497634888,0.9284796118736267,-0.007632838096469641,0.92816162109375,0.9938380122184753
side_person17.mp4,side,89,2967,30.0,848,478,30,right_heel,0.5077326893806458,0.8858022689819336,0.30252623558044434,0.6581733822822571,0.9973560571670532
side_person17.mp4,side,89,2967,30.0,848,478,31,left_foot_index,0.45970064401626587,0.9230294227600098,-0.09056474268436432,0.9127090573310852,0.9952291250228882
side_person17.mp4,side,89,2967,30.0,848,478,32,right_foot_index,0.4604332149028778,0.8753761053085327,0.2418905347585678,0.6325032114982605,0.9985353946685791
side_person17.mp4,side,90,3000,30.0,848,478,0,nose,0.46946093440055847,0.14982742071151733,-0.05004234239459038,0.9987621903419495,0.9996008276939392
side_person17.mp4,side,90,3000,30.0,848,478,1,left_eye_inner,0.4723912477493286,0.12895476818084717,-0.07235576212406158,0.9987223148345947,0.9994494318962097
side_person17.mp4,side,90,3000,30.0,848,478,2,left_eye,0.47386348247528076,0.12794652581214905,-0.07239870727062225,0.9987407326698303,0.9994230270385742
side_person17.mp4,side,90,3000,30.0,848,478,3,left_eye_outer,0.47548139095306396,0.126995250582695,-0.0723925456404686,0.9990438222885132,0.9993579983711243
side_person17.mp4,side,90,3000,30.0,848,478,4,right_eye_inner,0.47191810607910156,0.12929439544677734,-0.03649017587304115,0.9985262155532837,0.9995212554931641
side_person17.mp4,side,90,3000,30.0,848,478,5,right_eye,0.4729706048965454,0.12851335108280182,-0.036452773958444595,0.9984395503997803,0.999526858329773
side_person17.mp4,side,90,3000,30.0,848,478,6,right_eye_outer,0.4742518663406372,0.12772542238235474,-0.03647018224000931,0.9989240765571594,0.9995136260986328
side_person17.mp4,side,90,3000,30.0,848,478,7,left_ear,0.49014154076576233,0.12973293662071228,-0.1212228462100029,0.9979746341705322,0.9993399977684021
side_person17.mp4,side,90,3000,30.0,848,478,8,right_ear,0.4896567761898041,0.12976349890232086,0.038619063794612885,0.9984871745109558,0.9994751811027527
side_person17.mp4,side,90,3000,30.0,848,478,9,mouth_left,0.47562214732170105,0.16595473885536194,-0.06417359411716461,0.9979655742645264,0.9996379613876343
side_person17.mp4,side,90,3000,30.0,848,478,10,mouth_right,0.47483620047569275,0.1669098138809204,-0.01750345528125763,0.9970444440841675,0.9996845722198486
side_person17.mp4,side,90,3000,30.0,848,478,11,left_shoulder,0.5039650797843933,0.21303582191467285,-0.21908390522003174,0.9990366697311401,0.999366819858551
side_person17.mp4,side,90,3000,30.0,848,478,12,right_shoulder,0.5050202012062073,0.2339203804731369,0.16438189148902893,0.9967055320739746,0.9992601275444031
side_person17.mp4,side,90,3000,30.0,848,478,13,left_elbow,0.4148883819580078,0.24451427161693573,-0.29088976979255676,0.988874077796936,0.9994983673095703
side_person17.mp4,side,90,3000,30.0,848,478,14,right_elbow,0.43451541662216187,0.27710944414138794,0.2031528204679489,0.31307438015937805,0.9996788501739502
side_person17.mp4,side,90,3000,30.0,848,478,15,left_wrist,0.3417325019836426,0.24392956495285034,-0.2670954763889313,0.9777182340621948,0.9987156391143799
side_person17.mp4,side,90,3000,30.0,848,478,16,right_wrist,0.36222216486930847,0.27832138538360596,0.10884968191385269,0.39706477522850037,0.999312162399292
side_person17.mp4,side,90,3000,30.0,848,478,17,left_pinky,0.3195095360279083,0.2383614331483841,-0.3136964738368988,0.9652336835861206,0.9985553622245789
side_person17.mp4,side,90,3000,30.0,848,478,18,right_pinky,0.3498706817626953,0.27579209208488464,0.10901723057031631,0.40484419465065,0.9991944432258606
side_person17.mp4,side,90,3000,30.0,848,478,19,left_index,0.3188859522342682,0.23368604481220245,-0.28547266125679016,0.9610337615013123,0.9984880685806274
side_person17.mp4,side,90,3000,30.0,848,478,20,right_index,0.34808334708213806,0.27379146218299866,0.06793101876974106,0.4202750623226166,0.9990615248680115
side_person17.mp4,side,90,3000,30.0,848,478,21,left_thumb,0.3265177309513092,0.23944120109081268,-0.256903737783432,0.9381429553031921,0.9985184073448181
side_person17.mp4,side,90,3000,30.0,848,478,22,right_thumb,0.35027986764907837,0.27462247014045715,0.08777081221342087,0.44224005937576294,0.9991101622581482
side_person17.mp4,side,90,3000,30.0,848,478,23,left_hip,0.5358635783195496,0.4875549376010895,-0.11780232191085815,0.9984518885612488,0.9982240796089172
side_person17.mp4,side,90,3000,30.0,848,478,24,right_hip,0.5297547578811646,0.48791900277137756,0.11774081736803055,0.9965994358062744,0.9973209500312805
side_person17.mp4,side,90,3000,30.0,848,478,25,left_knee,0.5090926885604858,0.6897481083869934,-0.060171470046043396,0.9328228235244751,0.999241828918457
side_person17.mp4,side,90,3000,30.0,848,478,26,right_knee,0.5033418536186218,0.6746282577514648,0.18851901590824127,0.3723694384098053,0.9987218976020813
side_person17.mp4,side,90,3000,30.0,848,478,27,left_ankle,0.5037856101989746,0.8957832455635071,0.012672423385083675,0.9432336688041687,0.9965261816978455
side_person17.mp4,side,90,3000,30.0,848,478,28,right_ankle,0.5013874769210815,0.8569499850273132,0.29336869716644287,0.5067050457000732,0.9982154369354248
side_person17.mp4,side,90,3000,30.0,848,478,29,left_heel,0.5136071443557739,0.92691969871521,0.011923919431865215,0.9301432967185974,0.9932977557182312
side_person17.mp4,side,90,3000,30.0,848,478,30,right_heel,0.5125223398208618,0.8886879086494446,0.3020276725292206,0.6565061807632446,0.9966593980789185
side_person17.mp4,side,90,3000,30.0,848,478,31,left_foot_index,0.45939502120018005,0.9230495691299438,-0.06028236076235771,0.9146162867546082,0.9952462315559387
side_person17.mp4,side,90,3000,30.0,848,478,32,right_foot_index,0.46045181155204773,0.8781163692474365,0.24109959602355957,0.6348775029182434,0.9981897473335266
side_person17.mp4,side,91,3033,30.0,848,478,0,nose,0.4710180461406708,0.14374129474163055,-0.04981931298971176,0.9987806081771851,0.9994974136352539
side_person17.mp4,side,91,3033,30.0,848,478,1,left_eye_inner,0.47477197647094727,0.12367846071720123,-0.07166654616594315,0.9987332820892334,0.9992552399635315
side_person17.mp4,side,91,3033,30.0,848,478,2,left_eye,0.4762302339076996,0.12271541357040405,-0.07170693576335907,0.9987426996231079,0.9991921782493591
side_person17.mp4,side,91,3033,30.0,848,478,3,left_eye_outer,0.477775514125824,0.12190236896276474,-0.07169349491596222,0.9990349411964417,0.9990816116333008
side_person17.mp4,side,91,3033,30.0,848,478,4,right_eye_inner,0.4743206799030304,0.12389107793569565,-0.036478545516729355,0.9985411167144775,0.9993901252746582
side_person17.mp4,side,91,3033,30.0,848,478,5,right_eye,0.47540751099586487,0.12308691442012787,-0.03645658865571022,0.998451292514801,0.9994018077850342
side_person17.mp4,side,91,3033,30.0,848,478,6,right_eye_outer,0.4766766130924225,0.12230270355939865,-0.036484118551015854,0.9989364743232727,0.9993878602981567
side_person17.mp4,side,91,3033,30.0,848,478,7,left_ear,0.49194303154945374,0.12628273665905,-0.1197793185710907,0.9979962706565857,0.998964786529541
side_person17.mp4,side,91,3033,30.0,848,478,8,right_ear,0.49131932854652405,0.1260228306055069,0.037050459533929825,0.9984718561172485,0.999303936958313
side_person17.mp4,side,91,3033,30.0,848,478,9,mouth_left,0.47676971554756165,0.1602143794298172,-0.06371473520994186,0.9980089068412781,0.9995020627975464
side_person17.mp4,side,91,3033,30.0,848,478,10,mouth_right,0.4758819043636322,0.16123951971530914,-0.017904412001371384,0.9971297979354858,0.9995796084403992
side_person17.mp4,side,91,3033,30.0,848,478,11,left_shoulder,0.5061509609222412,0.20770356059074402,-0.21588115394115448,0.9991028904914856,0.9989822506904602
side_person17.mp4,side,91,3033,30.0,848,478,12,right_shoulder,0.5063275098800659,0.2301459014415741,0.15851715207099915,0.9969102144241333,0.9991064667701721
side_person17.mp4,side,91,3033,30.0,848,478,13,left_elbow,0.41662904620170593,0.24053123593330383,-0.2861539125442505,0.9891335964202881,0.9994039535522461
side_person17.mp4,side,91,3033,30.0,848,478,14,right_elbow,0.4353846311569214,0.27527332305908203,0.1925518959760666,0.32720255851745605,0.9997130036354065
side_person17.mp4,side,91,3033,30.0,848,478,15,left_wrist,0.344404399394989,0.23942257463932037,-0.2697191834449768,0.9781061410903931,0.9987136125564575
side_person17.mp4,side,91,3033,30.0,848,478,16,right_wrist,0.3617388606071472,0.274349570274353,0.10083107650279999,0.41690582036972046,0.9994163513183594
side_person17.mp4,side,91,3033,30.0,848,478,17,left_pinky,0.3212212026119232,0.23358750343322754,-0.3163442313671112,0.9657794237136841,0.998516857624054
side_person17.mp4,side,91,3033,30.0,848,478,18,right_pinky,0.3496417701244354,0.2715710699558258,0.10077271610498428,0.4216003715991974,0.9992808699607849
side_person17.mp4,side,91,3033,30.0,848,478,19,left_index,0.3203192949295044,0.22975178062915802,-0.28860902786254883,0.9616177082061768,0.9984354376792908
side_person17.mp4,side,91,3033,30.0,848,478,20,right_index,0.3479871153831482,0.2689594328403473,0.06042838096618652,0.4372696280479431,0.999168872833252
side_person17.mp4,side,91,3033,30.0,848,478,21,left_thumb,0.3271229565143585,0.2341063767671585,-0.2598626911640167,0.939123272895813,0.9984983205795288
side_person17.mp4,side,91,3033,30.0,848,478,22,right_thumb,0.34980979561805725,0.2698734700679779,0.08009713888168335,0.45932623744010925,0.9992185831069946
side_person17.mp4,side,91,3033,30.0,848,478,23,left_hip,0.5343700647354126,0.4861642122268677,-0.11740867048501968,0.9983619451522827,0.9976206421852112
side_person17.mp4,side,91,3033,30.0,848,478,24,right_hip,0.5283470749855042,0.4876026213169098,0.11734814196825027,0.9964061379432678,0.9971831440925598
side_person17.mp4,side,91,3033,30.0,848,478,25,left_knee,0.5095788836479187,0.6883831024169922,-0.0593549944460392,0.9303749203681946,0.9991210103034973
side_person17.mp4,side,91,3033,30.0,848,478,26,right_knee,0.5063571333885193,0.675415575504303,0.1824086755514145,0.35390883684158325,0.9988188147544861
side_person17.mp4,side,91,3033,30.0,848,478,27,left_ankle,0.5044545531272888,0.8937304019927979,0.018195975571870804,0.9435965418815613,0.9970496892929077
side_person17.mp4,side,91,3033,30.0,848,478,28,right_ankle,0.5035309195518494,0.8564269542694092,0.28685158491134644,0.5000128149986267,0.9985319375991821
side_person17.mp4,side,91,3033,30.0,848,478,29,left_heel,0.5153778195381165,0.9264640808105469,0.01630166918039322,0.9318355917930603,0.9944830536842346
side_person17.mp4,side,91,3033,30.0,848,478,30,right_heel,0.5133673548698425,0.8871452808380127,0.29568174481391907,0.6560472846031189,0.9972234964370728
side_person17.mp4,side,91,3033,30.0,848,478,31,left_foot_index,0.4599255621433258,0.923122227191925,-0.05022355169057846,0.9159815311431885,0.9961104989051819
side_person17.mp4,side,91,3033,30.0,848,478,32,right_foot_index,0.46261677145957947,0.8799716830253601,0.23943708837032318,0.6373082995414734,0.9984392523765564
side_person17.mp4,side,92,3067,30.0,848,478,0,nose,0.472496896982193,0.14005684852600098,-0.03891643136739731,0.9988462924957275,0.9997246861457825
side_person17.mp4,side,92,3067,30.0,848,478,1,left_eye_inner,0.4766540825366974,0.12037444114685059,-0.06137310713529587,0.9988016486167908,0.9995844960212708
side_person17.mp4,side,92,3067,30.0,848,478,2,left_eye,0.47805875539779663,0.11952172964811325,-0.06140599027276039,0.9988062977790833,0.9995487332344055
side_person17.mp4,side,92,3067,30.0,848,478,3,left_eye_outer,0.4796370267868042,0.11874684691429138,-0.06138705834746361,0.9990824460983276,0.9994797110557556
side_person17.mp4,side,92,3067,30.0,848,478,4,right_eye_inner,0.4762914776802063,0.12063644081354141,-0.025895217433571815,0.9986217617988586,0.9996609687805176
side_person17.mp4,side,92,3067,30.0,848,478,5,right_eye,0.47743603587150574,0.11995038390159607,-0.025872424244880676,0.9985308647155762,0.9996672868728638
side_person17.mp4,side,92,3067,30.0,848,478,6,right_eye_outer,0.47889524698257446,0.11924557387828827,-0.025901319459080696,0.9989956021308899,0.9996588230133057
side_person17.mp4,side,92,3067,30.0,848,478,7,left_ear,0.49345287680625916,0.12379035353660583,-0.11227062344551086,0.9981059432029724,0.9993976354598999
side_person17.mp4,side,92,3067,30.0,848,478,8,right_ear,0.4931398332118988,0.12376320362091064,0.04569351300597191,0.9985387921333313,0.9996128678321838
side_person17.mp4,side,92,3067,30.0,848,478,9,mouth_left,0.4780871570110321,0.1567697376012802,-0.053752657026052475,0.9981172680854797,0.9996750354766846
side_person17.mp4,side,92,3067,30.0,848,478,10,mouth_right,0.47737881541252136,0.15805980563163757,-0.007647424936294556,0.9972910284996033,0.9997294545173645
side_person17.mp4,side,92,3067,30.0,848,478,11,left_shoulder,0.5074312686920166,0.2079949527978897,-0.2090233564376831,0.9991668462753296,0.9992427825927734
side_person17.mp4,side,92,3067,30.0,848,478,12,right_shoulder,0.5096784830093384,0.23103755712509155,0.16596871614456177,0.997114360332489,0.999333918094635
side_person17.mp4,side,92,3067,30.0,848,478,13,left_elbow,0.4185025691986084,0.23548777401447296,-0.2744421064853668,0.989341139793396,0.9995255470275879
side_person17.mp4,side,92,3067,30.0,848,478,14,right_elbow,0.4367811679840088,0.27242785692214966,0.20326460897922516,0.34169241786003113,0.999771773815155
side_person17.mp4,side,92,3067,30.0,848,478,15,left_wrist,0.34611403942108154,0.23225845396518707,-0.24765107035636902,0.9780858159065247,0.9991055130958557
side_person17.mp4,side,92,3067,30.0,848,478,16,right_wrist,0.3622578978538513,0.26891055703163147,0.11770361661911011,0.43605557084083557,0.9996127486228943
side_person17.mp4,side,92,3067,30.0,848,478,17,left_pinky,0.32333770394325256,0.22588716447353363,-0.2898443043231964,0.965677797794342,0.9990267753601074
side_person17.mp4,side,92,3067,30.0,848,478,18,right_pinky,0.34977370500564575,0.26631399989128113,0.11854235082864761,0.43699368834495544,0.9995336532592773
side_person17.mp4,side,92,3067,30.0,848,478,19,left_index,0.32231605052948,0.22336092591285706,-0.26408228278160095,0.9615160822868347,0.9989311099052429
side_person17.mp4,side,92,3067,30.0,848,478,20,right_index,0.34798210859298706,0.2643907964229584,0.08055900037288666,0.4530264437198639,0.9994608759880066
side_person17.mp4,side,92,3067,30.0,848,478,21,left_thumb,0.33007532358169556,0.22739340364933014,-0.2380281537771225,0.9392218589782715,0.9989756345748901
side_person17.mp4,side,92,3067,30.0,848,478,22,right_thumb,0.35022538900375366,0.2650597393512726,0.09791821986436844,0.47485050559043884,0.9994959831237793
side_person17.mp4,side,92,3067,30.0,848,478,23,left_hip,0.5312332510948181,0.48717638850212097,-0.1172323226928711,0.9983840584754944,0.9986417889595032
side_person17.mp4,side,92,3067,30.0,848,478,24,right_hip,0.5282933712005615,0.488729864358902,0.11716032773256302,0.9964205622673035,0.9982196688652039
side_person17.mp4,side,92,3067,30.0,848,478,25,left_knee,0.5088361501693726,0.6890255212783813,-0.06131308898329735,0.9289689660072327,0.9995905756950378
side_person17.mp4,side,92,3067,30.0,848,478,26,right_knee,0.5077978372573853,0.6762011051177979,0.1903717815876007,0.34046730399131775,0.9993495345115662
side_person17.mp4,side,92,3067,30.0,848,478,27,left_ankle,0.5071335434913635,0.8932632207870483,0.005144629627466202,0.9450613856315613,0.9981653094291687
side_person17.mp4,side,92,3067,30.0,848,478,28,right_ankle,0.5071004033088684,0.855186939239502,0.29670172929763794,0.4966123104095459,0.999211311340332
side_person17.mp4,side,92,3067,30.0,848,478,29,left_heel,0.5195346474647522,0.9262872338294983,0.006431844551116228,0.9340852499008179,0.9962426424026489
side_person17.mp4,side,92,3067,30.0,848,478,30,right_heel,0.5164787173271179,0.8838174343109131,0.3058144152164459,0.6568970084190369,0.9984937906265259
side_person17.mp4,side,92,3067,30.0,848,478,31,left_foot_index,0.46096599102020264,0.9231938719749451,-0.07189195603132248,0.9188353419303894,0.9971885085105896
side_person17.mp4,side,92,3067,30.0,848,478,32,right_foot_index,0.46512696146965027,0.8801155090332031,0.25142043828964233,0.6426668167114258,0.9991430044174194
side_person17.mp4,side,93,3100,30.0,848,478,0,nose,0.4750191569328308,0.13943573832511902,-0.038882363587617874,0.9988961219787598,0.9996098875999451
side_person17.mp4,side,93,3100,30.0,848,478,1,left_eye_inner,0.4796155095100403,0.12056999653577805,-0.06111864745616913,0.998853862285614,0.9994157552719116
side_person17.mp4,side,93,3100,30.0,848,478,2,left_eye,0.4810847043991089,0.12000853568315506,-0.0611504502594471,0.9988520741462708,0.9993569254875183
side_person17.mp4,side,93,3100,30.0,848,478,3,left_eye_outer,0.48275357484817505,0.11952979862689972,-0.061128053814172745,0.9991174340248108,0.9992522597312927
side_person17.mp4,side,93,3100,30.0,848,478,4,right_eye_inner,0.4789668321609497,0.1206449493765831,-0.025741757825016975,0.9986826181411743,0.9995409250259399
side_person17.mp4,side,93,3100,30.0,848,478,5,right_eye,0.4799846410751343,0.12005257606506348,-0.02573525160551071,0.9985902309417725,0.9995618462562561
side_person17.mp4,side,93,3100,30.0,848,478,6,right_eye_outer,0.48118072748184204,0.11951286345720291,-0.025769518688321114,0.9990436434745789,0.9995600581169128
side_person17.mp4,side,93,3100,30.0,848,478,7,left_ear,0.4967023730278015,0.12536069750785828,-0.11258692294359207,0.9981749653816223,0.9991101622581482
side_person17.mp4,side,93,3100,30.0,848,478,8,right_ear,0.49583250284194946,0.12529480457305908,0.04506250098347664,0.9985796213150024,0.9995160102844238
side_person17.mp4,side,93,3100,30.0,848,478,9,mouth_left,0.48035940527915955,0.15704445540905,-0.05418353155255318,0.9982004761695862,0.9995695948600769
side_person17.mp4,side,93,3100,30.0,848,478,10,mouth_right,0.4793502986431122,0.1582205891609192,-0.008172028698027134,0.9974130988121033,0.9996649026870728
side_person17.mp4,side,93,3100,30.0,848,478,11,left_shoulder,0.5085877180099487,0.20861223340034485,-0.2077791392803192,0.9992175698280334,0.9989539384841919
side_person17.mp4,side,93,3100,30.0,848,478,12,right_shoulder,0.5112837553024292,0.23057667911052704,0.16255532205104828,0.997295618057251,0.9993382096290588
side_person17.mp4,side,93,3100,30.0,848,478,13,left_elbow,0.4187301993370056,0.23468711972236633,-0.27254611253738403,0.989490807056427,0.9994286894798279
side_person17.mp4,side,93,3100,30.0,848,478,14,right_elbow,0.43847188353538513,0.2720520496368408,0.19966048002243042,0.3544010818004608,0.9997637867927551
side_person17.mp4,side,93,3100,30.0,848,478,15,left_wrist,0.34592103958129883,0.22694043815135956,-0.24565808475017548,0.9778647422790527,0.9989681243896484
side_person17.mp4,side,93,3100,30.0,848,478,16,right_wrist,0.3629893958568573,0.2670332193374634,0.11443847417831421,0.4525446891784668,0.9995772242546082
side_person17.mp4,side,93,3100,30.0,848,478,17,left_pinky,0.32224366068840027,0.21869432926177979,-0.28730741143226624,0.9652761816978455,0.9989027976989746
side_person17.mp4,side,93,3100,30.0,848,478,18,right_pinky,0.35048341751098633,0.26361677050590515,0.11479253321886063,0.44977736473083496,0.9994922876358032
side_person17.mp4,side,93,3100,30.0,848,478,19,left_index,0.32257482409477234,0.21711650490760803,-0.26147758960723877,0.9611205458641052,0.998754620552063
side_person17.mp4,side,93,3100,30.0,848,478,20,right_index,0.3487119972705841,0.2619418203830719,0.07773225009441376,0.4660656750202179,0.9993971586227417
side_person17.mp4,side,93,3100,30.0,848,478,21,left_thumb,0.3293321430683136,0.2207445353269577,-0.23618462681770325,0.9388955235481262,0.9988163709640503
side_person17.mp4,side,93,3100,30.0,848,478,22,right_thumb,0.3509241044521332,0.2630777060985565,0.09499949216842651,0.4876385033130646,0.9994335770606995
side_person17.mp4,side,93,3100,30.0,848,478,23,left_hip,0.5302286744117737,0.4860949218273163,-0.1171392872929573,0.9984237551689148,0.9987741112709045
side_person17.mp4,side,93,3100,30.0,848,478,24,right_hip,0.5265340805053711,0.4879152476787567,0.1171022355556488,0.9964864253997803,0.9985546469688416
side_person17.mp4,side,93,3100,30.0,848,478,25,left_knee,0.5102947950363159,0.6830779910087585,-0.06267812848091125,0.9266252517700195,0.9996709823608398
side_person17.mp4,side,93,3100,30.0,848,478,26,right_knee,0.5076249241828918,0.669784665107727,0.19617204368114471,0.3253960907459259,0.999509334564209
side_person17.mp4,side,93,3100,30.0,848,478,27,left_ankle,0.5085504055023193,0.8905351161956787,-0.0037190078292042017,0.9463664293289185,0.9985861778259277
side_person17.mp4,side,93,3100,30.0,848,478,28,right_ankle,0.5091673135757446,0.8471270203590393,0.3097066283226013,0.49263593554496765,0.9994656443595886
side_person17.mp4,side,93,3100,30.0,848,478,29,left_heel,0.5204927325248718,0.9253393411636353,-0.0016246445011347532,0.9362339973449707,0.9971743822097778
side_person17.mp4,side,93,3100,30.0,848,478,30,right_heel,0.5172390937805176,0.8766607642173767,0.3197040259838104,0.6579833626747131,0.9990307092666626
side_person17.mp4,side,93,3100,30.0,848,478,31,left_foot_index,0.46102842688560486,0.9231613874435425,-0.08180738985538483,0.9219123721122742,0.9978258013725281
side_person17.mp4,side,93,3100,30.0,848,478,32,right_foot_index,0.46566855907440186,0.8655378818511963,0.2688978314399719,0.6493954062461853,0.9994244575500488
side_person17.mp4,side,94,3133,30.0,848,478,0,nose,0.47690266370773315,0.13937349617481232,-0.04207223653793335,0.9989417195320129,0.999529242515564
side_person17.mp4,side,94,3133,30.0,848,478,1,left_eye_inner,0.48142001032829285,0.1204104796051979,-0.0643502026796341,0.9989011287689209,0.9993293285369873
side_person17.mp4,side,94,3133,30.0,848,478,2,left_eye,0.4828279912471771,0.11986842006444931,-0.06438271701335907,0.998893678188324,0.9992631077766418
side_person17.mp4,side,94,3133,30.0,848,478,3,left_eye_outer,0.4844593405723572,0.11946253478527069,-0.06435864418745041,0.9991502165794373,0.9991481304168701
side_person17.mp4,side,94,3133,30.0,848,478,4,right_eye_inner,0.48081186413764954,0.12056264281272888,-0.028979996219277382,0.9987403154373169,0.9994789958000183
side_person17.mp4,side,94,3133,30.0,848,478,5,right_eye,0.48177284002304077,0.11998623609542847,-0.028981370851397514,0.9986450672149658,0.9995108842849731
side_person17.mp4,side,94,3133,30.0,848,478,6,right_eye_outer,0.4828898310661316,0.11949056386947632,-0.029018482193350792,0.9990875124931335,0.9995167255401611
side_person17.mp4,side,94,3133,30.0,848,478,7,left_ear,0.49872639775276184,0.12502218782901764,-0.11544635891914368,0.9982304573059082,0.9989940524101257
side_person17.mp4,side,94,3133,30.0,848,478,8,right_ear,0.49758368730545044,0.1248718872666359,0.04216128587722778,0.9986089468002319,0.9994876384735107
side_person17.mp4,side,94,3133,30.0,848,478,9,mouth_left,0.48206627368927,0.1560988575220108,-0.05728501081466675,0.9982698559761047,0.9995040893554688
side_person17.mp4,side,94,3133,30.0,848,478,10,mouth_right,0.4810841381549835,0.1573605090379715,-0.011289834044873714,0.9975192546844482,0.9996176958084106
side_person17.mp4,side,94,3133,30.0,848,478,11,left_shoulder,0.5092242360115051,0.20914970338344574,-0.20954889059066772,0.9992597699165344,0.998898983001709
side_person17.mp4,side,94,3133,30.0,848,478,12,right_shoulder,0.5129953026771545,0.2300949990749359,0.15944452583789825,0.9974462985992432,0.9993163347244263
side_person17.mp4,side,94,3133,30.0,848,478,13,left_elbow,0.41910600662231445,0.2377282828092575,-0.2721722722053528,0.9894043803215027,0.999356210231781
side_person17.mp4,side,94,3133,30.0,848,478,14,right_elbow,0.43933624029159546,0.2725290060043335,0.19613195955753326,0.3606257736682892,0.9997391104698181
side_person17.mp4,side,94,3133,30.0,848,478,15,left_wrist,0.3483661115169525,0.21318338811397552,-0.24225614964962006,0.9770268797874451,0.9988355040550232
side_person17.mp4,side,94,3133,30.0,848,478,16,right_wrist,0.36430734395980835,0.2661365568637848,0.11092589795589447,0.4614371657371521,0.9995273351669312
side_person17.mp4,side,94,3133,30.0,848,478,17,left_pinky,0.3241811692714691,0.21387061476707458,-0.2824668288230896,0.9641067385673523,0.9987818598747253
side_person17.mp4,side,94,3133,30.0,848,478,18,right_pinky,0.35198813676834106,0.2633775472640991,0.11067241430282593,0.4555484354496002,0.9994388222694397
side_person17.mp4,side,94,3133,30.0,848,478,19,left_index,0.33780694007873535,0.18882593512535095,-0.2586062550544739,0.9599221348762512,0.9985866546630859
side_person17.mp4,side,94,3133,30.0,848,478,20,right_index,0.35016945004463196,0.26137709617614746,0.07457296550273895,0.4722154438495636,0.9993252754211426
side_person17.mp4,side,94,3133,30.0,848,478,21,left_thumb,0.3320150673389435,0.21771425008773804,-0.23338201642036438,0.9373464584350586,0.9986597299575806
side_person17.mp4,side,94,3133,30.0,848,478,22,right_thumb,0.35221588611602783,0.26305001974105835,0.09176546335220337,0.4935119152069092,0.9993675351142883
side_person17.mp4,side,94,3133,30.0,848,478,23,left_hip,0.528915524482727,0.48444685339927673,-0.11674056947231293,0.9984683990478516,0.9991372227668762
side_person17.mp4,side,94,3133,30.0,848,478,24,right_hip,0.5252901315689087,0.4856773018836975,0.11666043847799301,0.9965582489967346,0.9989650249481201
side_person17.mp4,side,94,3133,30.0,848,478,25,left_knee,0.5112765431404114,0.6784502863883972,-0.06440603733062744,0.9246364831924438,0.9998160004615784
side_person17.mp4,side,94,3133,30.0,848,478,26,right_knee,0.5091142654418945,0.6652570366859436,0.2090945988893509,0.3127092719078064,0.9997171759605408
side_person17.mp4,side,94,3133,30.0,848,478,27,left_ankle,0.5096101760864258,0.8862956166267395,-0.013775168918073177,0.9482357501983643,0.9991896748542786
side_person17.mp4,side,94,3133,30.0,848,478,28,right_ankle,0.5117425322532654,0.8382853865623474,0.33563145995140076,0.49271881580352783,0.9997068047523499
side_person17.mp4,side,94,3133,30.0,848,478,29,left_heel,0.5211971998214722,0.9216020107269287,-0.012408243492245674,0.9387788772583008,0.998327910900116
side_person17.mp4,side,94,3133,30.0,848,478,30,right_heel,0.5195208191871643,0.8728011846542358,0.3469089865684509,0.6601971387863159,0.999472439289093
side_person17.mp4,side,94,3133,30.0,848,478,31,left_foot_index,0.4606247544288635,0.9228646755218506,-0.0958477035164833,0.9258381128311157,0.9986036419868469
side_person17.mp4,side,94,3133,30.0,848,478,32,right_foot_index,0.4686141610145569,0.8595227003097534,0.2993393838405609,0.6597020626068115,0.9996904134750366
side_person17.mp4,side,95,3167,30.0,848,478,0,nose,0.4777320921421051,0.14141403138637543,-0.036752622574567795,0.9989181756973267,0.999433696269989
side_person17.mp4,side,95,3167,30.0,848,478,1,left_eye_inner,0.4821860194206238,0.12229742854833603,-0.05943729355931282,0.9988712072372437,0.9991395473480225
side_person17.mp4,side,95,3167,30.0,848,478,2,left_eye,0.483648419380188,0.12169211357831955,-0.059479329735040665,0.9988566040992737,0.9990436434745789
side_person17.mp4,side,95,3167,30.0,848,478,3,left_eye_outer,0.48527905344963074,0.12128724902868271,-0.05946005880832672,0.9991187453269958,0.9988822340965271
side_person17.mp4,side,95,3167,30.0,848,478,4,right_eye_inner,0.48151668906211853,0.12250615656375885,-0.024515856057405472,0.9987084865570068,0.9993478655815125
side_person17.mp4,side,95,3167,30.0,848,478,5,right_eye,0.48250454664230347,0.12192343920469284,-0.024520816281437874,0.9986087083816528,0.9993833303451538
side_person17.mp4,side,95,3167,30.0,848,478,6,right_eye_outer,0.4836997389793396,0.12142657488584518,-0.024564744904637337,0.9990768432617188,0.999387264251709
side_person17.mp4,side,95,3167,30.0,848,478,7,left_ear,0.4996965825557709,0.12657788395881653,-0.1125674843788147,0.9981858134269714,0.9986893534660339
side_person17.mp4,side,95,3167,30.0,848,478,8,right_ear,0.4985515773296356,0.126365065574646,0.043526120483875275,0.99857097864151,0.9993579983711243
side_person17.mp4,side,95,3167,30.0,848,478,9,mouth_left,0.4830816388130188,0.1574382483959198,-0.05241554230451584,0.9982607364654541,0.9994507431983948
side_person17.mp4,side,95,3167,30.0,848,478,10,mouth_right,0.48208683729171753,0.15873339772224426,-0.006911913398653269,0.9975061416625977,0.9995861649513245
side_person17.mp4,side,95,3167,30.0,848,478,11,left_shoulder,0.5099779367446899,0.21054650843143463,-0.206161230802536,0.9992986917495728,0.9987974166870117
side_person17.mp4,side,95,3167,30.0,848,478,12,right_shoulder,0.5137178897857666,0.23110035061836243,0.1604164093732834,0.9975879192352295,0.9992901086807251
side_person17.mp4,side,95,3167,30.0,848,478,13,left_elbow,0.4186772406101227,0.23168981075286865,-0.2715379595756531,0.9893947839736938,0.9993212223052979
side_person17.mp4,side,95,3167,30.0,848,478,14,right_elbow,0.43977028131484985,0.271700382232666,0.1985825002193451,0.36804595589637756,0.9997572302818298
side_person17.mp4,side,95,3167,30.0,848,478,15,left_wrist,0.3473741114139557,0.2207016795873642,-0.24666734039783478,0.9765055179595947,0.9983125925064087
side_person17.mp4,side,95,3167,30.0,848,478,16,right_wrist,0.36635103821754456,0.26436975598335266,0.11844361573457718,0.473423570394516,0.999516487121582
side_person17.mp4,side,95,3167,30.0,848,478,17,left_pinky,0.3237878382205963,0.21001608669757843,-0.28738313913345337,0.9634314775466919,0.9983041286468506
side_person17.mp4,side,95,3167,30.0,848,478,18,right_pinky,0.35430723428726196,0.2623545229434967,0.11978992074728012,0.46532559394836426,0.9994321465492249
side_person17.mp4,side,95,3167,30.0,848,478,19,left_index,0.3345775902271271,0.20404478907585144,-0.2617693245410919,0.9591640830039978,0.9980658888816833
side_person17.mp4,side,95,3167,30.0,848,478,20,right_index,0.35237306356430054,0.2599165439605713,0.0837678387761116,0.4822036325931549,0.9993220567703247
side_person17.mp4,side,95,3167,30.0,848,478,21,left_thumb,0.33233389258384705,0.21870318055152893,-0.23735693097114563,0.9364520907402039,0.9981060028076172
side_person17.mp4,side,95,3167,30.0,848,478,22,right_thumb,0.3544933795928955,0.26157450675964355,0.09959836304187775,0.5032166242599487,0.9993543028831482
side_person17.mp4,side,95,3167,30.0,848,478,23,left_hip,0.5290425419807434,0.4868982434272766,-0.11574149876832962,0.9984586834907532,0.9982600808143616
side_person17.mp4,side,95,3167,30.0,848,478,24,right_hip,0.5246388912200928,0.48775631189346313,0.11560148745775223,0.9965182542800903,0.9979876279830933
side_person17.mp4,side,95,3167,30.0,848,478,25,left_knee,0.5118858218193054,0.6817729473114014,-0.0640048161149025,0.9208218455314636,0.9994832277297974
side_person17.mp4,side,95,3167,30.0,848,478,26,right_knee,0.5087218284606934,0.6675000190734863,0.19687823951244354,0.30010664463043213,0.9992788434028625
side_person17.mp4,side,95,3167,30.0,848,478,27,left_ankle,0.5110802054405212,0.8832407593727112,-0.007001429796218872,0.9484195113182068,0.9973637461662292
side_person17.mp4,side,95,3167,30.0,848,478,28,right_ankle,0.5117888450622559,0.8400352597236633,0.32515883445739746,0.48796653747558594,0.9991705417633057
side_person17.mp4,side,95,3167,30.0,848,478,29,left_heel,0.5230514407157898,0.9197098016738892,-0.003427008632570505,0.9394890069961548,0.994560182094574
side_person17.mp4,side,95,3167,30.0,848,478,30,right_heel,0.5197253227233887,0.8741233348846436,0.337533563375473,0.6616182327270508,0.998457670211792
side_person17.mp4,side,95,3167,30.0,848,478,31,left_foot_index,0.46132731437683105,0.922107994556427,-0.07944872975349426,0.9270307421684265,0.9961212277412415
side_person17.mp4,side,95,3167,30.0,848,478,32,right_foot_index,0.4690144956111908,0.8611655831336975,0.2850782871246338,0.663724958896637,0.9990956783294678
side_person17.mp4,side,96,3200,30.0,848,478,0,nose,0.4776739180088043,0.14245150983333588,-0.04031943529844284,0.9989231824874878,0.9995617270469666
side_person17.mp4,side,96,3200,30.0,848,478,1,left_eye_inner,0.48200908303260803,0.12297798693180084,-0.06319686770439148,0.9988734722137451,0.9993189573287964
side_person17.mp4,side,96,3200,30.0,848,478,2,left_eye,0.48348623514175415,0.12233532220125198,-0.06324010342359543,0.9988512992858887,0.9992426633834839
side_person17.mp4,side,96,3200,30.0,848,478,3,left_eye_outer,0.4850946366786957,0.12180721759796143,-0.06322456151247025,0.9991116523742676,0.9991165995597839
side_person17.mp4,side,96,3200,30.0,848,478,4,right_eye_inner,0.48138827085494995,0.12311126291751862,-0.027916492894291878,0.9987127780914307,0.99947589635849
side_person17.mp4,side,96,3200,30.0,848,478,5,right_eye,0.48241913318634033,0.12246151268482208,-0.02791779302060604,0.998610258102417,0.9995009899139404
side_person17.mp4,side,96,3200,30.0,848,478,6,right_eye_outer,0.4837051033973694,0.12182338535785675,-0.02795766480267048,0.9990867972373962,0.9994981288909912
side_person17.mp4,side,96,3200,30.0,848,478,7,left_ear,0.4995235204696655,0.1265675574541092,-0.1155754029750824,0.9981897473335266,0.9989786148071289
side_person17.mp4,side,96,3200,30.0,848,478,8,right_ear,0.4986439347267151,0.1261400729417801,0.04131932184100151,0.9985671639442444,0.9994862079620361
side_person17.mp4,side,96,3200,30.0,848,478,9,mouth_left,0.48335444927215576,0.15863189101219177,-0.055886659771203995,0.9982912540435791,0.9995610117912292
side_person17.mp4,side,96,3200,30.0,848,478,10,mouth_right,0.4824792146682739,0.15975050628185272,-0.009945385158061981,0.9975582957267761,0.9996675252914429
side_person17.mp4,side,96,3200,30.0,848,478,11,left_shoulder,0.5101720094680786,0.21127550303936005,-0.20869871973991394,0.999335527420044,0.9990022778511047
side_person17.mp4,side,96,3200,30.0,848,478,12,right_shoulder,0.5152852535247803,0.23153410851955414,0.15915796160697937,0.9977298378944397,0.9993470311164856
side_person17.mp4,side,96,3200,30.0,848,478,13,left_elbow,0.4184892773628235,0.23007431626319885,-0.27510538697242737,0.9894670844078064,0.9993736147880554
side_person17.mp4,side,96,3200,30.0,848,478,14,right_elbow,0.4400503635406494,0.2711752951145172,0.19601282477378845,0.371910959482193,0.9997572302818298
side_person17.mp4,side,96,3200,30.0,848,478,15,left_wrist,0.34687620401382446,0.2206786572933197,-0.24944384396076202,0.9760763049125671,0.9982684850692749
side_person17.mp4,side,96,3200,30.0,848,478,16,right_wrist,0.3662351667881012,0.264053612947464,0.11346370726823807,0.47912779450416565,0.9994696974754333
side_person17.mp4,side,96,3200,30.0,848,478,17,left_pinky,0.3237323462963104,0.20915454626083374,-0.29094985127449036,0.9627864360809326,0.9982275366783142
side_person17.mp4,side,96,3200,30.0,848,478,18,right_pinky,0.354339599609375,0.26173725724220276,0.11420392245054245,0.46932274103164673,0.9993748068809509
side_person17.mp4,side,96,3200,30.0,848,478,19,left_index,0.3323882818222046,0.20679794251918793,-0.2647168040275574,0.9584580659866333,0.9979904890060425
side_person17.mp4,side,96,3200,30.0,848,478,20,right_index,0.35244253277778625,0.2596977949142456,0.07764238864183426,0.4864497184753418,0.9992563128471375
side_person17.mp4,side,96,3200,30.0,848,478,21,left_thumb,0.3325533866882324,0.2183564305305481,-0.23992043733596802,0.9356098175048828,0.9980142116546631
side_person17.mp4,side,96,3200,30.0,848,478,22,right_thumb,0.3545496463775635,0.26118236780166626,0.09431477636098862,0.5074389576911926,0.9992861151695251
side_person17.mp4,side,96,3200,30.0,848,478,23,left_hip,0.5280987620353699,0.48888543248176575,-0.11551912873983383,0.9984491467475891,0.9984415173530579
side_person17.mp4,side,96,3200,30.0,848,478,24,right_hip,0.5251683592796326,0.48934829235076904,0.11535567790269852,0.9964907765388489,0.9981310963630676
side_person17.mp4,side,96,3200,30.0,848,478,25,left_knee,0.5121247172355652,0.6833162903785706,-0.060142021626234055,0.9152975678443909,0.9994713664054871
side_person17.mp4,side,96,3200,30.0,848,478,26,right_knee,0.5096143484115601,0.6677382588386536,0.19292616844177246,0.28734254837036133,0.999334990978241
side_person17.mp4,side,96,3200,30.0,848,478,27,left_ankle,0.5110616683959961,0.8836894035339355,0.010634980164468288,0.9477882385253906,0.9978308081626892
side_person17.mp4,side,96,3200,30.0,848,478,28,right_ankle,0.5114344358444214,0.8420485854148865,0.3123517334461212,0.4831710159778595,0.9992331266403198
side_person17.mp4,side,96,3200,30.0,848,478,29,left_heel,0.5227593183517456,0.9198645353317261,0.014301859773695469,0.9401235580444336,0.9956569671630859
side_person17.mp4,side,96,3200,30.0,848,478,30,right_heel,0.5193487405776978,0.8759217262268066,0.32333311438560486,0.6634013652801514,0.9985809326171875
side_person17.mp4,side,96,3200,30.0,848,478,31,left_foot_index,0.4613800346851349,0.9221377372741699,-0.06425180286169052,0.927543044090271,0.9969694018363953
side_person17.mp4,side,96,3200,30.0,848,478,32,right_foot_index,0.46889838576316833,0.8647556900978088,0.2724742591381073,0.6666617393493652,0.9992161989212036
side_person17.mp4,side,97,3233,30.0,848,478,0,nose,0.478372186422348,0.14099498093128204,-0.04051964730024338,0.9989281892776489,0.9995229244232178
side_person17.mp4,side,97,3233,30.0,848,478,1,left_eye_inner,0.48297980427742004,0.12171926349401474,-0.06313669681549072,0.9988800287246704,0.9992656111717224
side_person17.mp4,side,97,3233,30.0,848,478,2,left_eye,0.4844387471675873,0.12113703042268753,-0.06317991763353348,0.9988490343093872,0.9991820454597473
side_person17.mp4,side,97,3233,30.0,848,478,3,left_eye_outer,0.4860135316848755,0.12074282765388489,-0.06316042691469193,0.9991096258163452,0.9990448355674744
side_person17.mp4,side,97,3233,30.0,848,478,4,right_eye_inner,0.4823302626609802,0.12182851880788803,-0.02766835317015648,0.9987184405326843,0.9994463324546814
side_person17.mp4,side,97,3233,30.0,848,478,5,right_eye,0.4833441376686096,0.1212109923362732,-0.027679650112986565,0.9986140131950378,0.9994794726371765
side_person17.mp4,side,97,3233,30.0,848,478,6,right_eye_outer,0.4845856726169586,0.12063779681921005,-0.027720266953110695,0.9990999102592468,0.999483585357666
side_person17.mp4,side,97,3233,30.0,848,478,7,left_ear,0.5004162788391113,0.12646278738975525,-0.11506998538970947,0.9981791973114014,0.9988915324211121
side_person17.mp4,side,97,3233,30.0,848,478,8,right_ear,0.4993424415588379,0.12564395368099213,0.042981844395399094,0.9985582232475281,0.9994654059410095
side_person17.mp4,side,97,3233,30.0,848,478,9,mouth_left,0.48400241136550903,0.1572943925857544,-0.05583988130092621,0.9983019232749939,0.9995203018188477
side_person17.mp4,side,97,3233,30.0,848,478,10,mouth_right,0.4830707013607025,0.1584341675043106,-0.009673594497144222,0.9975894689559937,0.999645471572876
side_person17.mp4,side,97,3233,30.0,848,478,11,left_shoulder,0.510313093662262,0.21102038025856018,-0.20983156561851501,0.9993669986724854,0.9989336133003235
side_person17.mp4,side,97,3233,30.0,848,478,12,right_shoulder,0.5153483748435974,0.23108036816120148,0.16157998144626617,0.9978576302528381,0.9993690848350525
side_person17.mp4,side,97,3233,30.0,848,478,13,left_elbow,0.41829702258110046,0.23102739453315735,-0.2768259048461914,0.9894182682037354,0.9994086027145386
side_person17.mp4,side,97,3233,30.0,848,478,14,right_elbow,0.4399738311767578,0.2718467116355896,0.1964351236820221,0.38013774156570435,0.9997759461402893
side_person17.mp4,side,97,3233,30.0,848,478,15,left_wrist,0.3463851511478424,0.21914328634738922,-0.25136256217956543,0.9755250811576843,0.9985997080802917
side_person17.mp4,side,97,3233,30.0,848,478,16,right_wrist,0.3663123548030853,0.26285821199417114,0.11120028048753738,0.48971450328826904,0.999566376209259
side_person17.mp4,side,97,3233,30.0,848,478,17,left_pinky,0.3239372968673706,0.20737111568450928,-0.2934514284133911,0.9619830846786499,0.9985503554344177
side_person17.mp4,side,97,3233,30.0,848,478,18,right_pinky,0.3543669283390045,0.25923481583595276,0.11165143549442291,0.4779008626937866,0.9994757771492004
side_person17.mp4,side,97,3233,30.0,848,478,19,left_index,0.3303595185279846,0.20677955448627472,-0.2670898139476776,0.9575963020324707,0.9983215928077698
side_person17.mp4,side,97,3233,30.0,848,478,20,right_index,0.3524065911769867,0.256856232881546,0.07470677047967911,0.49521705508232117,0.9993763566017151
side_person17.mp4,side,97,3233,30.0,848,478,21,left_thumb,0.3323506712913513,0.21296732127666473,-0.2418440729379654,0.9345684051513672,0.9983776807785034
side_person17.mp4,side,97,3233,30.0,848,478,22,right_thumb,0.3543851673603058,0.2586164176464081,0.09185401350259781,0.5159315466880798,0.9994093179702759
side_person17.mp4,side,97,3233,30.0,848,478,23,left_hip,0.5280629396438599,0.49027758836746216,-0.1159692332148552,0.9984531998634338,0.9985612034797668
side_person17.mp4,side,97,3233,30.0,848,478,24,right_hip,0.5254228711128235,0.49016982316970825,0.11579252034425735,0.9964881539344788,0.9982505440711975
side_person17.mp4,side,97,3233,30.0,848,478,25,left_knee,0.511616587638855,0.6835787296295166,-0.06070844084024429,0.9108182191848755,0.9995942711830139
side_person17.mp4,side,97,3233,30.0,848,478,26,right_knee,0.5091747641563416,0.6687057018280029,0.1958596557378769,0.275116503238678,0.9994016885757446
side_person17.mp4,side,97,3233,30.0,848,478,27,left_ankle,0.5110020041465759,0.8843857645988464,0.012127374298870564,0.9480314254760742,0.9985160231590271
side_person17.mp4,side,97,3233,30.0,848,478,28,right_ankle,0.5114514827728271,0.8435527682304382,0.31305888295173645,0.4783190190792084,0.9994556307792664
side_person17.mp4,side,97,3233,30.0,848,478,29,left_heel,0.5229226350784302,0.9201812148094177,0.015695959329605103,0.9410749077796936,0.997087299823761
side_person17.mp4,side,97,3233,30.0,848,478,30,right_heel,0.519287109375,0.8758018016815186,0.32362282276153564,0.6640461683273315,0.9990467429161072
side_person17.mp4,side,97,3233,30.0,848,478,31,left_foot_index,0.4614013135433197,0.9234566688537598,-0.06324911117553711,0.9291011095046997,0.9979378581047058
side_person17.mp4,side,97,3233,30.0,848,478,32,right_foot_index,0.468875527381897,0.866412878036499,0.27396637201309204,0.6704564690589905,0.9994683861732483
side_person17.mp4,side,98,3267,30.0,848,478,0,nose,0.47960594296455383,0.1414143592119217,-0.042319897562265396,0.9989475011825562,0.9995777010917664
side_person17.mp4,side,98,3267,30.0,848,478,1,left_eye_inner,0.4841153025627136,0.1224927231669426,-0.06409880518913269,0.9989004731178284,0.9993676543235779
side_person17.mp4,side,98,3267,30.0,848,478,2,left_eye,0.48557791113853455,0.12196946889162064,-0.06413520872592926,0.9988608360290527,0.9992983341217041
side_person17.mp4,side,98,3267,30.0,848,478,3,left_eye_outer,0.4871964752674103,0.12163366377353668,-0.0640975683927536,0.9991191029548645,0.9991788268089294
side_person17.mp4,side,98,3267,30.0,848,478,4,right_eye_inner,0.48341697454452515,0.12255387753248215,-0.028760137036442757,0.9987431764602661,0.9995214939117432
side_person17.mp4,side,98,3267,30.0,848,478,5,right_eye,0.4843992590904236,0.12196475267410278,-0.028789382427930832,0.9986354112625122,0.9995498061180115
side_person17.mp4,side,98,3267,30.0,848,478,6,right_eye_outer,0.48558345437049866,0.12144474685192108,-0.028832580894231796,0.9991214275360107,0.9995537400245667
side_person17.mp4,side,98,3267,30.0,848,478,7,left_ear,0.5015435218811035,0.12749554216861725,-0.11631380021572113,0.9981845021247864,0.9990231990814209
side_person17.mp4,side,98,3267,30.0,848,478,8,right_ear,0.5003653764724731,0.1268017739057541,0.041863732039928436,0.9985546469688416,0.999524712562561
side_person17.mp4,side,98,3267,30.0,848,478,9,mouth_left,0.4850598871707916,0.15775546431541443,-0.05648379027843475,0.998321533203125,0.9995235204696655
side_person17.mp4,side,98,3267,30.0,848,478,10,mouth_right,0.4840415418148041,0.1588938981294632,-0.010520604439079762,0.9976387023925781,0.9996484518051147
side_person17.mp4,side,98,3267,30.0,848,478,11,left_shoulder,0.5110117793083191,0.21082459390163422,-0.21015070378780365,0.9993889331817627,0.998786985874176
side_person17.mp4,side,98,3267,30.0,848,478,12,right_shoulder,0.5151338577270508,0.23142220079898834,0.16041888296604156,0.9979607462882996,0.9993440508842468
side_person17.mp4,side,98,3267,30.0,848,478,13,left_elbow,0.41891035437583923,0.23197351396083832,-0.2770448625087738,0.9893462061882019,0.9993665814399719
side_person17.mp4,side,98,3267,30.0,848,478,14,right_elbow,0.4402783513069153,0.2718280851840973,0.1933944970369339,0.38829419016838074,0.9997671246528625
side_person17.mp4,side,98,3267,30.0,848,478,15,left_wrist,0.35012543201446533,0.20833052694797516,-0.2520414888858795,0.9746422171592712,0.9987332224845886
side_person17.mp4,side,98,3267,30.0,848,478,16,right_wrist,0.36668363213539124,0.2623696029186249,0.10205391049385071,0.4975675940513611,0.9995602965354919
side_person17.mp4,side,98,3267,30.0,848,478,17,left_pinky,0.3268413543701172,0.20771224796772003,-0.2944815158843994,0.9605128765106201,0.9987196922302246
side_person17.mp4,side,98,3267,30.0,848,478,18,right_pinky,0.3546489477157593,0.258806049823761,0.10106714069843292,0.4834185838699341,0.9994717240333557
side_person17.mp4,side,98,3267,30.0,848,478,19,left_index,0.33219045400619507,0.20793496072292328,-0.2676325738430023,0.9560368657112122,0.9985068440437317
side_person17.mp4,side,98,3267,30.0,848,478,20,right_index,0.35271406173706055,0.25638025999069214,0.06393440812826157,0.501091480255127,0.9993758797645569
side_person17.mp4,side,98,3267,30.0,848,478,21,left_thumb,0.3351094722747803,0.21251355111598969,-0.24231822788715363,0.9326098561286926,0.998552143573761
side_person17.mp4,side,98,3267,30.0,848,478,22,right_thumb,0.35464179515838623,0.2581833004951477,0.0823642686009407,0.5217697024345398,0.9994069337844849
side_person17.mp4,side,98,3267,30.0,848,478,23,left_hip,0.5279388427734375,0.49087703227996826,-0.1163456067442894,0.9984219670295715,0.9983437061309814
side_person17.mp4,side,98,3267,30.0,848,478,24,right_hip,0.525674045085907,0.49078208208084106,0.11616489291191101,0.9964486956596375,0.9982231259346008
side_person17.mp4,side,98,3267,30.0,848,478,25,left_knee,0.5115454792976379,0.6849063634872437,-0.056275997310876846,0.9086105823516846,0.9996418952941895
side_person17.mp4,side,98,3267,30.0,848,478,26,right_knee,0.5101872086524963,0.668936550617218,0.19760550558567047,0.2664407789707184,0.9995259046554565
side_person17.mp4,side,98,3267,30.0,848,478,27,left_ankle,0.5107632875442505,0.8847029805183411,0.02402007207274437,0.9490705728530884,0.9990004897117615
side_person17.mp4,side,98,3267,30.0,848,478,28,right_ankle,0.5113826394081116,0.8438795208930969,0.31508708000183105,0.47939661145210266,0.9996060729026794
side_person17.mp4,side,98,3267,30.0,848,478,29,left_heel,0.5225468873977661,0.9202940464019775,0.027999261394143105,0.9426212906837463,0.9981049299240112
side_person17.mp4,side,98,3267,30.0,848,478,30,right_heel,0.5191006660461426,0.8750367164611816,0.32537558674812317,0.6675962805747986,0.9993042945861816
side_person17.mp4,side,98,3267,30.0,848,478,31,left_foot_index,0.46120256185531616,0.9234943985939026,-0.05366402864456177,0.9314362406730652,0.9986440539360046
side_person17.mp4,side,98,3267,30.0,848,478,32,right_foot_index,0.4688664674758911,0.8650645613670349,0.2737135589122772,0.6773788928985596,0.9996121525764465
side_person17.mp4,side,99,3300,30.0,848,478,0,nose,0.4799444079399109,0.1422184258699417,-0.039509471505880356,0.9989799857139587,0.9996373653411865
side_person17.mp4,side,99,3300,30.0,848,478,1,left_eye_inner,0.4844263195991516,0.1230190321803093,-0.062403250485658646,0.9989365935325623,0.9994317889213562
side_person17.mp4,side,99,3300,30.0,848,478,2,left_eye,0.48583337664604187,0.1224752813577652,-0.06243985518813133,0.9988922476768494,0.9993693232536316
side_person17.mp4,side,99,3300,30.0,848,478,3,left_eye_outer,0.48735958337783813,0.12209703773260117,-0.06241491436958313,0.9991432428359985,0.9992594122886658
side_person17.mp4,side,99,3300,30.0,848,478,4,right_eye_inner,0.48394253849983215,0.12313064187765121,-0.026462862268090248,0.9987844824790955,0.9995633959770203
side_person17.mp4,side,99,3300,30.0,848,478,5,right_eye,0.485058069229126,0.12255830317735672,-0.026471588760614395,0.9986765384674072,0.9995830655097961
side_person17.mp4,side,99,3300,30.0,848,478,6,right_eye_outer,0.48638567328453064,0.1220543161034584,-0.026506517082452774,0.9991542100906372,0.9995808005332947
side_person17.mp4,side,99,3300,30.0,848,478,7,left_ear,0.5014193058013916,0.12772317230701447,-0.1159479096531868,0.9982432723045349,0.9991318583488464
side_person17.mp4,side,99,3300,30.0,848,478,8,right_ear,0.5010249018669128,0.12732209265232086,0.04428733512759209,0.9985986351966858,0.9995645880699158
side_person17.mp4,side,99,3300,30.0,848,478,9,mouth_left,0.4852312505245209,0.15866102278232574,-0.0548073947429657,0.9983821511268616,0.9995967745780945
side_person17.mp4,side,99,3300,30.0,848,478,10,mouth_right,0.4844801425933838,0.15981857478618622,-0.008072100579738617,0.9977347254753113,0.9997000694274902
side_person17.mp4,side,99,3300,30.0,848,478,11,left_shoulder,0.5110589861869812,0.21153263747692108,-0.21029217541217804,0.9994187355041504,0.9990054965019226
side_person17.mp4,side,99,3300,30.0,848,478,12,right_shoulder,0.5170965194702148,0.23184552788734436,0.16358451545238495,0.9980819225311279,0.9994003772735596
side_person17.mp4,side,99,3300,30.0,848,478,13,left_elbow,0.4188746213912964,0.2330387830734253,-0.2751379907131195,0.9894762635231018,0.9993639588356018
side_person17.mp4,side,99,3300,30.0,848,478,14,right_elbow,0.4409577250480652,0.27163395285606384,0.19666323065757751,0.3925854563713074,0.9997552037239075
side_person17.mp4,side,99,3300,30.0,848,478,15,left_wrist,0.3493044376373291,0.21589970588684082,-0.2440335601568222,0.9745355844497681,0.9984204769134521
side_person17.mp4,side,99,3300,30.0,848,478,16,right_wrist,0.36699503660202026,0.2628719210624695,0.10728204250335693,0.5025575757026672,0.9995132684707642
side_person17.mp4,side,99,3300,30.0,848,478,17,left_pinky,0.32618051767349243,0.20891888439655304,-0.28602927923202515,0.960277795791626,0.9983808994293213
side_person17.mp4,side,99,3300,30.0,848,478,18,right_pinky,0.3552892506122589,0.25980374217033386,0.10740794241428375,0.48726800084114075,0.9994214773178101
side_person17.mp4,side,99,3300,30.0,848,478,19,left_index,0.33096811175346375,0.20918715000152588,-0.2586672902107239,0.9557852745056152,0.9981797933578491
side_person17.mp4,side,99,3300,30.0,848,478,20,right_index,0.3533092141151428,0.2576748728752136,0.06961742788553238,0.5051664710044861,0.9993257522583008
side_person17.mp4,side,99,3300,30.0,848,478,21,left_thumb,0.3348590135574341,0.2166575938463211,-0.23398227989673615,0.9324145317077637,0.9982200264930725
side_person17.mp4,side,99,3300,30.0,848,478,22,right_thumb,0.3552286624908447,0.25947046279907227,0.08750664442777634,0.5257612466812134,0.99935382604599
side_person17.mp4,side,99,3300,30.0,848,478,23,left_hip,0.5273348689079285,0.49146556854248047,-0.11630577594041824,0.9984015226364136,0.9980948567390442
side_person17.mp4,side,99,3300,30.0,848,478,24,right_hip,0.525877058506012,0.4912179410457611,0.11613176763057709,0.9964271187782288,0.9978342652320862
side_person17.mp4,side,99,3300,30.0,848,478,25,left_knee,0.5113019943237305,0.6861501336097717,-0.0576697513461113,0.9064431190490723,0.9993639588356018
side_person17.mp4,side,99,3300,30.0,848,478,26,right_knee,0.5102444887161255,0.6729055643081665,0.1952797919511795,0.25925716757774353,0.9992423057556152
side_person17.mp4,side,99,3300,30.0,848,478,27,left_ankle,0.5102584958076477,0.8856775164604187,0.023039594292640686,0.9489704966545105,0.9976953864097595
side_person17.mp4,side,99,3300,30.0,848,478,28,right_ankle,0.5112082362174988,0.8469056487083435,0.3010086715221405,0.477264940738678,0.9990845918655396
side_person17.mp4,side,99,3300,30.0,848,478,29,left_heel,0.521892249584198,0.9211666584014893,0.027155110612511635,0.9433674812316895,0.9955268502235413
side_person17.mp4,side,99,3300,30.0,848,478,30,right_heel,0.5190596580505371,0.8770380616188049,0.3101656436920166,0.6688680052757263,0.9982690811157227
side_person17.mp4,side,99,3300,30.0,848,478,31,left_foot_index,0.4603201448917389,0.9235959053039551,-0.05196668207645416,0.9319079518318176,0.9967650175094604
side_person17.mp4,side,99,3300,30.0,848,478,32,right_foot_index,0.4687536358833313,0.8716810345649719,0.25502848625183105,0.6790804862976074,0.9989978671073914
side_person17.mp4,side,100,3333,30.0,848,478,0,nose,0.48104530572891235,0.14104732871055603,-0.040797386318445206,0.9989388585090637,0.9994862079620361
side_person17.mp4,side,100,3333,30.0,848,478,1,left_eye_inner,0.48588985204696655,0.12196621298789978,-0.06308326870203018,0.9988880157470703,0.9992212057113647
side_person17.mp4,side,100,3333,30.0,848,478,2,left_eye,0.4873601198196411,0.12148969620466232,-0.0631195679306984,0.998831570148468,0.9991421699523926
side_person17.mp4,side,100,3333,30.0,848,478,3,left_eye_outer,0.4889219403266907,0.12122471630573273,-0.0630844235420227,0.9990954399108887,0.9990060925483704
side_person17.mp4,side,100,3333,30.0,848,478,4,right_eye_inner,0.48526498675346375,0.12212853133678436,-0.02722899615764618,0.9987232089042664,0.9993981122970581
side_person17.mp4,side,100,3333,30.0,848,478,5,right_eye,0.4863283634185791,0.1216239258646965,-0.02724766544997692,0.9986052513122559,0.999427318572998
side_person17.mp4,side,100,3333,30.0,848,478,6,right_eye_outer,0.4875763952732086,0.12119828909635544,-0.02728315256536007,0.9991177916526794,0.9994283318519592
side_person17.mp4,side,100,3333,30.0,848,478,7,left_ear,0.5029791593551636,0.12756630778312683,-0.11634228378534317,0.9981456398963928,0.9988524913787842
side_person17.mp4,side,100,3333,30.0,848,478,8,right_ear,0.5021780729293823,0.1271173506975174,0.04377315565943718,0.9985035061836243,0.9993778467178345
side_person17.mp4,side,100,3333,30.0,848,478,9,mouth_left,0.4863428771495819,0.1576589196920395,-0.05569559708237648,0.9983287453651428,0.9995079040527344
side_person17.mp4,side,100,3333,30.0,848,478,10,mouth_right,0.48537707328796387,0.15886922180652618,-0.009011470712721348,0.9976770877838135,0.9996157884597778
side_person17.mp4,side,100,3333,30.0,848,478,11,left_shoulder,0.5116830468177795,0.21211639046669006,-0.21210253238677979,0.9994415640830994,0.9989326596260071
side_person17.mp4,side,100,3333,30.0,848,478,12,right_shoulder,0.5167022943496704,0.23186799883842468,0.16239728033542633,0.9981665015220642,0.9993497729301453
side_person17.mp4,side,100,3333,30.0,848,478,13,left_elbow,0.4193587899208069,0.23111742734909058,-0.2819216847419739,0.9895925521850586,0.9994539618492126
side_person17.mp4,side,100,3333,30.0,848,478,14,right_elbow,0.4410363733768463,0.2703339457511902,0.19601093232631683,0.4042721688747406,0.9998005032539368
side_person17.mp4,side,100,3333,30.0,848,478,15,left_wrist,0.35105443000793457,0.2190578132867813,-0.2593762278556824,0.974716067314148,0.9989050626754761
side_person17.mp4,side,100,3333,30.0,848,478,16,right_wrist,0.3675340712070465,0.26183512806892395,0.10706263780593872,0.5165961980819702,0.9996423721313477
side_person17.mp4,side,100,3333,30.0,848,478,17,left_pinky,0.32677435874938965,0.20836985111236572,-0.30336901545524597,0.9603662490844727,0.9988627433776855
side_person17.mp4,side,100,3333,30.0,848,478,18,right_pinky,0.35662704706192017,0.2586725652217865,0.10731522738933563,0.4989928901195526,0.9995624423027039
side_person17.mp4,side,100,3333,30.0,848,478,19,left_index,0.3304896354675293,0.2086484581232071,-0.2758934199810028,0.9558996558189392,0.9987014532089233
side_person17.mp4,side,100,3333,30.0,848,478,20,right_index,0.35363879799842834,0.25625091791152954,0.0693858191370964,0.5169101357460022,0.9994831085205078
side_person17.mp4,side,100,3333,30.0,848,478,21,left_thumb,0.33664020895957947,0.21746602654457092,-0.24954615533351898,0.9326340556144714,0.9987446069717407
side_person17.mp4,side,100,3333,30.0,848,478,22,right_thumb,0.35578691959381104,0.25795212388038635,0.08726800978183746,0.5371474623680115,0.9995110034942627
side_person17.mp4,side,100,3333,30.0,848,478,23,left_hip,0.5278202295303345,0.4919664263725281,-0.11680677533149719,0.998336911201477,0.997894823551178
side_person17.mp4,side,100,3333,30.0,848,478,24,right_hip,0.5260279774665833,0.49157068133354187,0.11662913113832474,0.9963301420211792,0.9976181387901306
side_person17.mp4,side,100,3333,30.0,848,478,25,left_knee,0.5110759735107422,0.6881566643714905,-0.05513330549001694,0.9035797119140625,0.9994602799415588
side_person17.mp4,side,100,3333,30.0,848,478,26,right_knee,0.5097789764404297,0.6755668520927429,0.19365546107292175,0.25144287943840027,0.9992550015449524
side_person17.mp4,side,100,3333,30.0,848,478,27,left_ankle,0.5099437832832336,0.8859492540359497,0.03244086354970932,0.94915372133255,0.998428463935852
side_person17.mp4,side,100,3333,30.0,848,478,28,right_ankle,0.5110823512077332,0.8479952216148376,0.3020177185535431,0.4746442139148712,0.9993348717689514
side_person17.mp4,side,100,3333,30.0,848,478,29,left_heel,0.5217218399047852,0.9211844801902771,0.037226635962724686,0.9438866376876831,0.9969995021820068
side_person17.mp4,side,100,3333,30.0,848,478,30,right_heel,0.5190851092338562,0.8775784373283386,0.31129956245422363,0.6684749126434326,0.9988182187080383
side_person17.mp4,side,100,3333,30.0,848,478,31,left_foot_index,0.4602333903312683,0.9247277975082397,-0.04263465479016304,0.9329969882965088,0.9980395436286926
side_person17.mp4,side,100,3333,30.0,848,478,32,right_foot_index,0.4686010479927063,0.8773425221443176,0.25532883405685425,0.6815175414085388,0.9993540644645691
side_person17.mp4,side,101,3367,30.0,848,478,0,nose,0.4810788929462433,0.14177946746349335,-0.04115043208003044,0.9989474415779114,0.9994298815727234
side_person17.mp4,side,101,3367,30.0,848,478,1,left_eye_inner,0.48573654890060425,0.12261121720075607,-0.0639173611998558,0.9988996386528015,0.9991618394851685
side_person17.mp4,side,101,3367,30.0,848,478,2,left_eye,0.48720860481262207,0.12206605821847916,-0.06395410001277924,0.9988402128219604,0.9990760087966919
side_person17.mp4,side,101,3367,30.0,848,478,3,left_eye_outer,0.4887779653072357,0.12168870866298676,-0.0639166608452797,0.9991014003753662,0.9989292025566101
side_person17.mp4,side,101,3367,30.0,848,478,4,right_eye_inner,0.4850650429725647,0.12272422760725021,-0.027352623641490936,0.9987388849258423,0.9993494153022766
side_person17.mp4,side,101,3367,30.0,848,478,5,right_eye,0.48609936237335205,0.12213693559169769,-0.02737763151526451,0.9986194968223572,0.9993873834609985
side_person17.mp4,side,101,3367,30.0,848,478,6,right_eye_outer,0.48734596371650696,0.12160245329141617,-0.027418598532676697,0.9991319179534912,0.9993941783905029
side_person17.mp4,side,101,3367,30.0,848,478,7,left_ear,0.5029635429382324,0.12742967903614044,-0.11850039660930634,0.9981565475463867,0.9987648725509644
side_person17.mp4,side,101,3367,30.0,848,478,8,right_ear,0.5020579695701599,0.1269686222076416,0.04339200258255005,0.9985058307647705,0.9993795156478882
side_person17.mp4,side,101,3367,30.0,848,478,9,mouth_left,0.4864306151866913,0.15850470960140228,-0.05680420249700546,0.9983516335487366,0.9994328618049622
side_person17.mp4,side,101,3367,30.0,848,478,10,mouth_right,0.48546671867370605,0.15961796045303345,-0.009228667244315147,0.9977128505706787,0.9995675683021545
side_person17.mp4,side,101,3367,30.0,848,478,11,left_shoulder,0.5124067664146423,0.21253037452697754,-0.21397008001804352,0.9994567632675171,0.9987432360649109
side_person17.mp4,side,101,3367,30.0,848,478,12,right_shoulder,0.5175275802612305,0.23204760253429413,0.16198424994945526,0.9982333779335022,0.9992498755455017
side_person17.mp4,side,101,3367,30.0,848,478,13,left_elbow,0.4196009039878845,0.23255178332328796,-0.28196981549263,0.9896185398101807,0.9992573857307434
side_person17.mp4,side,101,3367,30.0,848,478,14,right_elbow,0.44209498167037964,0.27069127559661865,0.1955462098121643,0.40290480852127075,0.9996953010559082
side_person17.mp4,side,101,3367,30.0,848,478,15,left_wrist,0.3516329526901245,0.2211458384990692,-0.25410225987434387,0.9742504954338074,0.9982996582984924
side_person17.mp4,side,101,3367,30.0,848,478,16,right_wrist,0.3679675757884979,0.26215192675590515,0.10696937143802643,0.5144916772842407,0.99935382604599
side_person17.mp4,side,101,3367,30.0,848,478,17,left_pinky,0.3270193636417389,0.21008220314979553,-0.29633915424346924,0.9596989154815674,0.9982895255088806
side_person17.mp4,side,101,3367,30.0,848,478,18,right_pinky,0.3567858338356018,0.25929734110832214,0.10698805749416351,0.496612012386322,0.9992517828941345
side_person17.mp4,side,101,3367,30.0,848,478,19,left_index,0.33009377121925354,0.20725175738334656,-0.2700977027416229,0.9552444219589233,0.9980217218399048
side_person17.mp4,side,101,3367,30.0,848,478,20,right_index,0.35411983728408813,0.2571367919445038,0.06931661069393158,0.5148842930793762,0.9991095662117004
side_person17.mp4,side,101,3367,30.0,848,478,21,left_thumb,0.3363047242164612,0.2166188359260559,-0.24452252686023712,0.9317504167556763,0.9980645775794983
side_person17.mp4,side,101,3367,30.0,848,478,22,right_thumb,0.35619863867759705,0.2588404715061188,0.0872286781668663,0.5350344181060791,0.9991388320922852
side_person17.mp4,side,101,3367,30.0,848,478,23,left_hip,0.5281349420547485,0.4922194480895996,-0.11675170063972473,0.9983392953872681,0.9985312223434448
side_person17.mp4,side,101,3367,30.0,848,478,24,right_hip,0.5261459350585938,0.49191516637802124,0.11657749861478806,0.9963192343711853,0.9982646107673645
side_person17.mp4,side,101,3367,30.0,848,478,25,left_knee,0.5107701420783997,0.6885088086128235,-0.05814921483397484,0.9009478688240051,0.9995710253715515
side_person17.mp4,side,101,3367,30.0,848,478,26,right_knee,0.5094504356384277,0.6756503582000732,0.19899673759937286,0.2435084879398346,0.9993832111358643
side_person17.mp4,side,101,3367,30.0,848,478,27,left_ankle,0.5098809003829956,0.8864405155181885,0.019411692395806313,0.9495023488998413,0.9985334873199463
side_person17.mp4,side,101,3367,30.0,848,478,28,right_ankle,0.5110399723052979,0.8482537865638733,0.3170951306819916,0.4725230038166046,0.9994218349456787
side_person17.mp4,side,101,3367,30.0,848,478,29,left_heel,0.5216763615608215,0.921754002571106,0.02319510653614998,0.945019006729126,0.9971336126327515
side_person17.mp4,side,101,3367,30.0,848,478,30,right_heel,0.5190849900245667,0.8774789571762085,0.3274669647216797,0.6690869331359863,0.9989719390869141
side_person17.mp4,side,101,3367,30.0,848,478,31,left_foot_index,0.45977431535720825,0.9275332689285278,-0.05743195116519928,0.9344949126243591,0.9978188276290894
side_person17.mp4,side,101,3367,30.0,848,478,32,right_foot_index,0.4687499701976776,0.8775085210800171,0.2751513719558716,0.684757649898529,0.9994103908538818
side_person17.mp4,side,102,3400,30.0,848,478,0,nose,0.48181915283203125,0.14137403666973114,-0.04129645228385925,0.9989527463912964,0.9995929598808289
side_person17.mp4,side,102,3400,30.0,848,478,1,left_eye_inner,0.48670247197151184,0.12227446585893631,-0.06461628526449203,0.9989034533500671,0.9993707537651062
side_person17.mp4,side,102,3400,30.0,848,478,2,left_eye,0.48822590708732605,0.12178301811218262,-0.06465648114681244,0.9988349080085754,0.9993009567260742
side_person17.mp4,side,102,3400,30.0,848,478,3,left_eye_outer,0.4898911714553833,0.1214844286441803,-0.06462658941745758,0.9990975856781006,0.9991818070411682
side_person17.mp4,side,102,3400,30.0,848,478,4,right_eye_inner,0.4859699010848999,0.12242352217435837,-0.02802753634750843,0.9987397193908691,0.999521017074585
side_person17.mp4,side,102,3400,30.0,848,478,5,right_eye,0.4869934320449829,0.12189868092536926,-0.02804507687687874,0.9986149668693542,0.9995465874671936
side_person17.mp4,side,102,3400,30.0,848,478,6,right_eye_outer,0.4882073700428009,0.12143996357917786,-0.028086770325899124,0.9991357326507568,0.999548614025116
side_person17.mp4,side,102,3400,30.0,848,478,7,left_ear,0.5041608810424805,0.12768130004405975,-0.11828981339931488,0.9981355667114258,0.9990180730819702
side_person17.mp4,side,102,3400,30.0,848,478,8,right_ear,0.5029738545417786,0.12721864879131317,0.042616888880729675,0.9984787702560425,0.99950110912323
side_person17.mp4,side,102,3400,30.0,848,478,9,mouth_left,0.48714679479599,0.15805290639400482,-0.05728783831000328,0.9983460307121277,0.9995511174201965
side_person17.mp4,side,102,3400,30.0,848,478,10,mouth_right,0.48606428503990173,0.1591804474592209,-0.009580172598361969,0.9977260231971741,0.9996618032455444
side_person17.mp4,side,102,3400,30.0,848,478,11,left_shoulder,0.5131458640098572,0.2125290483236313,-0.21408061683177948,0.9994730353355408,0.9988546371459961
side_person17.mp4,side,102,3400,30.0,848,478,12,right_shoulder,0.5171844363212585,0.23228393495082855,0.16144691407680511,0.9983094930648804,0.999421238899231
side_person17.mp4,side,102,3400,30.0,848,478,13,left_elbow,0.4212665259838104,0.23372559249401093,-0.2825797200202942,0.9897145628929138,0.9994402527809143
side_person17.mp4,side,102,3400,30.0,848,478,14,right_elbow,0.44228485226631165,0.2706127166748047,0.19526275992393494,0.4151149392127991,0.9998137354850769
side_person17.mp4,side,102,3400,30.0,848,478,15,left_wrist,0.3528495728969574,0.22061897814273834,-0.2577235996723175,0.9742479920387268,0.9990154504776001
side_person17.mp4,side,102,3400,30.0,848,478,16,right_wrist,0.36835721135139465,0.26190534234046936,0.10682924091815948,0.5276114344596863,0.9996799230575562
side_person17.mp4,side,102,3400,30.0,848,478,17,left_pinky,0.3290886878967285,0.21024522185325623,-0.3006148338317871,0.9594725370407104,0.998992383480072
side_person17.mp4,side,102,3400,30.0,848,478,18,right_pinky,0.35727691650390625,0.25916150212287903,0.10681822896003723,0.5072300434112549,0.9996063113212585
side_person17.mp4,side,102,3400,30.0,848,478,19,left_index,0.3320372998714447,0.20855017006397247,-0.2746052145957947,0.9550347328186035,0.9988322854042053
side_person17.mp4,side,102,3400,30.0,848,478,20,right_index,0.35421857237815857,0.25689050555229187,0.06903249025344849,0.525486171245575,0.9995381832122803
side_person17.mp4,side,102,3400,30.0,848,478,21,left_thumb,0.33825457096099854,0.21760061383247375,-0.24838098883628845,0.931540846824646,0.9988747239112854
side_person17.mp4,side,102,3400,30.0,848,478,22,right_thumb,0.35645315051078796,0.25837060809135437,0.0870492160320282,0.5453494787216187,0.9995654225349426
side_person17.mp4,side,102,3400,30.0,848,478,23,left_hip,0.5283650159835815,0.4915751516819,-0.11707057803869247,0.9982975721359253,0.9980953335762024
side_person17.mp4,side,102,3400,30.0,848,478,24,right_hip,0.5262336134910583,0.49159011244773865,0.11689428985118866,0.9962912797927856,0.9981104135513306
side_person17.mp4,side,102,3400,30.0,848,478,25,left_knee,0.5106213688850403,0.6888072490692139,-0.05725126713514328,0.8999902009963989,0.999566376209259
side_person17.mp4,side,102,3400,30.0,848,478,26,right_knee,0.5095113515853882,0.675743579864502,0.19813747704029083,0.2382952868938446,0.9994528889656067
side_person17.mp4,side,102,3400,30.0,848,478,27,left_ankle,0.5098854303359985,0.8864532113075256,0.026199938729405403,0.9503391981124878,0.9990052580833435
side_person17.mp4,side,102,3400,30.0,848,478,28,right_ankle,0.5111032128334045,0.8484182953834534,0.3093484938144684,0.47328564524650574,0.9995365142822266
side_person17.mp4,side,102,3400,30.0,848,478,29,left_heel,0.5215849876403809,0.9217790961265564,0.030822252854704857,0.9463633894920349,0.9981334805488586
side_person17.mp4,side,102,3400,30.0,848,478,30,right_heel,0.5190646052360535,0.8777302503585815,0.3185635209083557,0.6704814434051514,0.9991750121116638
side_person17.mp4,side,102,3400,30.0,848,478,31,left_foot_index,0.46061763167381287,0.9273619055747986,-0.047980695962905884,0.9362657070159912,0.9987047910690308
side_person17.mp4,side,102,3400,30.0,848,478,32,right_foot_index,0.4686875343322754,0.875593364238739,0.26307225227355957,0.688634991645813,0.9995285272598267
side_person17.mp4,side,103,3433,30.0,848,478,0,nose,0.4823722243309021,0.14184047281742096,-0.04169631004333496,0.9989649057388306,0.9994351267814636
side_person17.mp4,side,103,3433,30.0,848,478,1,left_eye_inner,0.4871864914894104,0.12270214408636093,-0.06505569070577621,0.9989195466041565,0.9991575479507446
side_person17.mp4,side,103,3433,30.0,848,478,2,left_eye,0.4887062907218933,0.12219344079494476,-0.0650949776172638,0.9988456964492798,0.9990654587745667
side_person17.mp4,side,103,3433,30.0,848,478,3,left_eye_outer,0.4904070496559143,0.12185944616794586,-0.0650663897395134,0.9991053342819214,0.9989109039306641
side_person17.mp4,side,103,3433,30.0,848,478,4,right_eye_inner,0.4864380359649658,0.12279487401247025,-0.02841677889227867,0.9987626671791077,0.9993603825569153
side_person17.mp4,side,103,3433,30.0,848,478,5,right_eye,0.48744213581085205,0.12222081422805786,-0.028428183868527412,0.998634934425354,0.9993993043899536
side_person17.mp4,side,103,3433,30.0,848,478,6,right_eye_outer,0.48863255977630615,0.12171036750078201,-0.02846549078822136,0.9991520047187805,0.9994072914123535
side_person17.mp4,side,103,3433,30.0,848,478,7,left_ear,0.504749059677124,0.12780775129795074,-0.11839213222265244,0.9981560111045837,0.9987371563911438
side_person17.mp4,side,103,3433,30.0,848,478,8,right_ear,0.5034382939338684,0.12717962265014648,0.04222007468342781,0.9984960556030273,0.9993925094604492
side_person17.mp4,side,103,3433,30.0,848,478,9,mouth_left,0.4877503514289856,0.15861397981643677,-0.05783989280462265,0.9983682036399841,0.9993852376937866
side_person17.mp4,side,103,3433,30.0,848,478,10,mouth_right,0.4865957796573639,0.15969915688037872,-0.010107554495334625,0.9977720975875854,0.9995417594909668
side_person17.mp4,side,103,3433,30.0,848,478,11,left_shoulder,0.514245331287384,0.21238242089748383,-0.21378843486309052,0.9994819760322571,0.9986146688461304
side_person17.mp4,side,103,3433,30.0,848,478,12,right_shoulder,0.5170717835426331,0.23217196762561798,0.1613825559616089,0.998369574546814,0.9992252588272095
side_person17.mp4,side,103,3433,30.0,848,478,13,left_elbow,0.42221033573150635,0.23342400789260864,-0.2813771367073059,0.989558219909668,0.9992181062698364
side_person17.mp4,side,103,3433,30.0,848,478,14,right_elbow,0.44248318672180176,0.2692744731903076,0.19380418956279755,0.41620752215385437,0.9996939897537231
side_person17.mp4,side,103,3433,30.0,848,478,15,left_wrist,0.3538767397403717,0.22091974318027496,-0.2547230124473572,0.9733379483222961,0.9982367753982544
side_person17.mp4,side,103,3433,30.0,848,478,16,right_wrist,0.36923709511756897,0.260759562253952,0.1024743914604187,0.5277985334396362,0.9993809461593628
side_person17.mp4,side,103,3433,30.0,848,478,17,left_pinky,0.33143672347068787,0.2109583020210266,-0.2966103255748749,0.9581616520881653,0.9982140064239502
side_person17.mp4,side,103,3433,30.0,848,478,18,right_pinky,0.35750076174736023,0.2582748234272003,0.10134851932525635,0.5069582462310791,0.9992691874504089
side_person17.mp4,side,103,3433,30.0,848,478,19,left_index,0.33479756116867065,0.20965659618377686,-0.27194008231163025,0.9536663889884949,0.9979152083396912
side_person17.mp4,side,103,3433,30.0,848,478,20,right_index,0.3548031449317932,0.2559432089328766,0.06393317133188248,0.5254799127578735,0.9991374015808105
side_person17.mp4,side,103,3433,30.0,848,478,21,left_thumb,0.339659720659256,0.21662501990795135,-0.2458106279373169,0.9298021197319031,0.9979690909385681
side_person17.mp4,side,103,3433,30.0,848,478,22,right_thumb,0.35695213079452515,0.2573719918727875,0.082649827003479,0.5453196167945862,0.9991716146469116
side_person17.mp4,side,103,3433,30.0,848,478,23,left_hip,0.5284172892570496,0.4914586842060089,-0.11704857647418976,0.9982843399047852,0.9981929659843445
side_person17.mp4,side,103,3433,30.0,848,478,24,right_hip,0.5262667536735535,0.49164143204689026,0.11687476933002472,0.9962631464004517,0.9979700446128845
side_person17.mp4,side,103,3433,30.0,848,478,25,left_knee,0.5105067491531372,0.6890707015991211,-0.059942930936813354,0.8978326916694641,0.9994972944259644
side_person17.mp4,side,103,3433,30.0,848,478,26,right_knee,0.5096008777618408,0.6758274435997009,0.19685237109661102,0.23239737749099731,0.9993219375610352
side_person17.mp4,side,103,3433,30.0,848,478,27,left_ankle,0.5097705125808716,0.8865758776664734,0.01655489020049572,0.9505320191383362,0.9983401298522949
side_person17.mp4,side,103,3433,30.0,848,478,28,right_ankle,0.5110844969749451,0.8484967947006226,0.3096041679382324,0.47073596715927124,0.9993316531181335
side_person17.mp4,side,103,3433,30.0,848,478,29,left_heel,0.5215551257133484,0.9217982888221741,0.020135415717959404,0.9472047686576843,0.9967907071113586
side_person17.mp4,side,103,3433,30.0,848,478,30,right_heel,0.5191716551780701,0.877827525138855,0.3190913200378418,0.669270396232605,0.9987897276878357
side_person17.mp4,side,103,3433,30.0,848,478,31,left_foot_index,0.4605862498283386,0.9273405075073242,-0.06067056953907013,0.937202513217926,0.9975857734680176
side_person17.mp4,side,103,3433,30.0,848,478,32,right_foot_index,0.46898144483566284,0.8754560351371765,0.2640778720378876,0.6895444393157959,0.9993144273757935
side_person17.mp4,side,104,3467,30.0,848,478,0,nose,0.4830411374568939,0.1421612799167633,-0.0469232015311718,0.9989318251609802,0.9994257688522339
side_person17.mp4,side,104,3467,30.0,848,478,1,left_eye_inner,0.48813703656196594,0.12284987419843674,-0.0686628669500351,0.9988794326782227,0.999122679233551
side_person17.mp4,side,104,3467,30.0,848,478,2,left_eye,0.48970329761505127,0.12232948839664459,-0.06869474053382874,0.9987934231758118,0.9990167617797852
side_person17.mp4,side,104,3467,30.0,848,478,3,left_eye_outer,0.4914540648460388,0.12196909636259079,-0.06865507364273071,0.9990606904029846,0.9988553524017334
side_person17.mp4,side,104,3467,30.0,848,478,4,right_eye_inner,0.48731666803359985,0.12294850498437881,-0.033092278987169266,0.9987109303474426,0.9993392825126648
side_person17.mp4,side,104,3467,30.0,848,478,5,right_eye,0.4882780909538269,0.12238006293773651,-0.03311803936958313,0.9985756874084473,0.9993768334388733
side_person17.mp4,side,104,3467,30.0,848,478,6,right_eye_outer,0.48944857716560364,0.12184932082891464,-0.03316398710012436,0.9991173148155212,0.9993822574615479
side_person17.mp4,side,104,3467,30.0,848,478,7,left_ear,0.5057268142700195,0.1280931532382965,-0.1188189834356308,0.9980509877204895,0.9986295700073242
side_person17.mp4,side,104,3467,30.0,848,478,8,right_ear,0.5040066838264465,0.12750867009162903,0.03892889991402626,0.9984001517295837,0.9993306398391724
side_person17.mp4,side,104,3467,30.0,848,478,9,mouth_left,0.4885375499725342,0.15895843505859375,-0.06172996759414673,0.9983060359954834,0.9994139671325684
side_person17.mp4,side,104,3467,30.0,848,478,10,mouth_right,0.4872399866580963,0.1600314825773239,-0.015514488331973553,0.9977056384086609,0.9995463490486145
side_person17.mp4,side,104,3467,30.0,848,478,11,left_shoulder,0.5157548189163208,0.2126692831516266,-0.21391408145427704,0.9994829297065735,0.9985771179199219
side_person17.mp4,side,104,3467,30.0,848,478,12,right_shoulder,0.5169060230255127,0.2322416603565216,0.15432707965373993,0.9984007477760315,0.9992378950119019
side_person17.mp4,side,104,3467,30.0,848,478,13,left_elbow,0.425412654876709,0.2340811789035797,-0.2831183969974518,0.9894857406616211,0.9993150234222412
side_person17.mp4,side,104,3467,30.0,848,478,14,right_elbow,0.44243597984313965,0.26881518959999084,0.18571002781391144,0.42491763830184937,0.999754011631012
side_person17.mp4,side,104,3467,30.0,848,478,15,left_wrist,0.3602224886417389,0.22172196209430695,-0.26393359899520874,0.97348952293396,0.99883633852005
side_person17.mp4,side,104,3467,30.0,848,478,16,right_wrist,0.36917605996131897,0.2600926458835602,0.09581967443227768,0.5388501286506653,0.9995244741439819
side_person17.mp4,side,104,3467,30.0,848,478,17,left_pinky,0.3390505015850067,0.21067142486572266,-0.3065798878669739,0.9583012461662292,0.9987499713897705
side_person17.mp4,side,104,3467,30.0,848,478,18,right_pinky,0.35740169882774353,0.25766679644584656,0.09474064409732819,0.5160016417503357,0.9994041919708252
side_person17.mp4,side,104,3467,30.0,848,478,19,left_index,0.3384176194667816,0.20968598127365112,-0.2826904058456421,0.9538449645042419,0.9985544085502625
side_person17.mp4,side,104,3467,30.0,848,478,20,right_index,0.35471808910369873,0.25523608922958374,0.05696842819452286,0.5345174670219421,0.9993009567260742
side_person17.mp4,side,104,3467,30.0,848,478,21,left_thumb,0.3464517295360565,0.2174435555934906,-0.25544530153274536,0.9301602244377136,0.998618483543396
side_person17.mp4,side,104,3467,30.0,848,478,22,right_thumb,0.35713523626327515,0.25622135400772095,0.07587909698486328,0.5546613931655884,0.9993401169776917
side_person17.mp4,side,104,3467,30.0,848,478,23,left_hip,0.5285012722015381,0.4916144609451294,-0.1168060377240181,0.9981773495674133,0.997418999671936
side_person17.mp4,side,104,3467,30.0,848,478,24,right_hip,0.5263175368309021,0.4917626976966858,0.11662525683641434,0.9960875511169434,0.9974168539047241
side_person17.mp4,side,104,3467,30.0,848,478,25,left_knee,0.509533166885376,0.6916919946670532,-0.05790841206908226,0.8948147296905518,0.9994346499443054
side_person17.mp4,side,104,3467,30.0,848,478,26,right_knee,0.509499728679657,0.6780680418014526,0.1902460902929306,0.22687794268131256,0.9991948008537292
side_person17.mp4,side,104,3467,30.0,848,478,27,left_ankle,0.5097495317459106,0.8864886164665222,0.022025521844625473,0.9502564072608948,0.9985136389732361
side_person17.mp4,side,104,3467,30.0,848,478,28,right_ankle,0.5110614895820618,0.8486258387565613,0.29771503806114197,0.46672776341438293,0.9993342757225037
side_person17.mp4,side,104,3467,30.0,848,478,29,left_heel,0.521492600440979,0.9218209981918335,0.0257668886333704,0.9470773339271545,0.9972075819969177
side_person17.mp4,side,104,3467,30.0,848,478,30,right_heel,0.5193038582801819,0.8777632713317871,0.3065352141857147,0.6662029027938843,0.9988393187522888
side_person17.mp4,side,104,3467,30.0,848,478,31,left_foot_index,0.46052348613739014,0.9273439645767212,-0.05614166334271431,0.9374637603759766,0.9981143474578857
side_person17.mp4,side,104,3467,30.0,848,478,32,right_foot_index,0.4688953757286072,0.8744531869888306,0.25109153985977173,0.6889078617095947,0.9993744492530823
side_person17.mp4,side,105,3500,30.0,848,478,0,nose,0.48287081718444824,0.14195507764816284,-0.04764024540781975,0.9988828897476196,0.9994210004806519
side_person17.mp4,side,105,3500,30.0,848,478,1,left_eye_inner,0.48794135451316833,0.12256116420030594,-0.06938490271568298,0.998827338218689,0.9991187453269958
side_person17.mp4,side,105,3500,30.0,848,478,2,left_eye,0.48949548602104187,0.12203005701303482,-0.06941839307546616,0.99873286485672,0.9990302324295044
side_person17.mp4,side,105,3500,30.0,848,478,3,left_eye_outer,0.49121376872062683,0.12164819240570068,-0.06938114762306213,0.9990131258964539,0.9988817572593689
side_person17.mp4,side,105,3500,30.0,848,478,4,right_eye_inner,0.48714539408683777,0.1226719543337822,-0.03380408510565758,0.998647153377533,0.9993147850036621
side_person17.mp4,side,105,3500,30.0,848,478,5,right_eye,0.48810887336730957,0.12211860716342926,-0.033827826380729675,0.9985034465789795,0.9993484616279602
side_person17.mp4,side,105,3500,30.0,848,478,6,right_eye_outer,0.4892939031124115,0.12159468978643417,-0.03387387469410896,0.9990769028663635,0.9993515610694885
side_person17.mp4,side,105,3500,30.0,848,478,7,left_ear,0.5055299997329712,0.12787270545959473,-0.11962765455245972,0.9979587197303772,0.998734176158905
side_person17.mp4,side,105,3500,30.0,848,478,8,right_ear,0.5039640665054321,0.12726818025112152,0.0384071059525013,0.998310923576355,0.9993171691894531
side_person17.mp4,side,105,3500,30.0,848,478,9,mouth_left,0.4883701503276825,0.1587100327014923,-0.06247691065073013,0.9982450604438782,0.9994574189186096
side_person17.mp4,side,105,3500,30.0,848,478,10,mouth_right,0.4871545135974884,0.15972338616847992,-0.01621374487876892,0.9976319074630737,0.9995750784873962
side_person17.mp4,side,105,3500,30.0,848,478,11,left_shoulder,0.5156588554382324,0.21283546090126038,-0.21533067524433136,0.9994946718215942,0.9988142251968384
side_person17.mp4,side,105,3500,30.0,848,478,12,right_shoulder,0.5170166492462158,0.23225915431976318,0.15451215207576752,0.9984439611434937,0.9993058443069458
side_person17.mp4,side,105,3500,30.0,848,478,13,left_elbow,0.42510154843330383,0.23249775171279907,-0.28449103236198425,0.9894431829452515,0.999339759349823
side_person17.mp4,side,105,3500,30.0,848,478,14,right_elbow,0.442793071269989,0.26837924122810364,0.18748915195465088,0.42792099714279175,0.9997658133506775
side_person17.mp4,side,105,3500,30.0,848,478,15,left_wrist,0.35947245359420776,0.22225196659564972,-0.26328063011169434,0.973175585269928,0.998591959476471
side_person17.mp4,side,105,3500,30.0,848,478,16,right_wrist,0.37008047103881836,0.25977715849876404,0.09821931272745132,0.543706476688385,0.9995439648628235
side_person17.mp4,side,105,3500,30.0,848,478,17,left_pinky,0.3377392292022705,0.21085350215435028,-0.3058924674987793,0.9577443599700928,0.9985920786857605
side_person17.mp4,side,105,3500,30.0,848,478,18,right_pinky,0.35772404074668884,0.25721633434295654,0.09794756770133972,0.5200023651123047,0.9994519352912903
side_person17.mp4,side,105,3500,30.0,848,478,19,left_index,0.33882418274879456,0.2100825011730194,-0.2813962996006012,0.9532860517501831,0.9983704686164856
side_person17.mp4,side,105,3500,30.0,848,478,20,right_index,0.35543546080589294,0.2544534206390381,0.06033358350396156,0.5386686325073242,0.9993566870689392
side_person17.mp4,side,105,3500,30.0,848,478,21,left_thumb,0.3456762433052063,0.21803319454193115,-0.25453808903694153,0.9294062852859497,0.9984037280082703
side_person17.mp4,side,105,3500,30.0,848,478,22,right_thumb,0.3580769896507263,0.25580117106437683,0.07841666042804718,0.5586777925491333,0.9993859529495239
side_person17.mp4,side,105,3500,30.0,848,478,23,left_hip,0.5288437604904175,0.49180424213409424,-0.11700282990932465,0.99812251329422,0.9978674650192261
side_person17.mp4,side,105,3500,30.0,848,478,24,right_hip,0.526753306388855,0.491835355758667,0.11681846529245377,0.9960018396377563,0.9975906610488892
side_person17.mp4,side,105,3500,30.0,848,478,25,left_knee,0.5091589689254761,0.6917550563812256,-0.055255018174648285,0.8924293518066406,0.9994643330574036
side_person17.mp4,side,105,3500,30.0,848,478,26,right_knee,0.5094922184944153,0.678604245185852,0.19076921045780182,0.22212710976600647,0.9992440938949585
side_person17.mp4,side,105,3500,30.0,848,478,27,left_ankle,0.509713888168335,0.8865334987640381,0.03186782822012901,0.9504137635231018,0.9985290765762329
side_person17.mp4,side,105,3500,30.0,848,478,28,right_ankle,0.5110735893249512,0.8488828539848328,0.2992543876171112,0.46552473306655884,0.9993482232093811
side_person17.mp4,side,105,3500,30.0,848,478,29,left_heel,0.5214402675628662,0.9217838644981384,0.03662741184234619,0.9474260210990906,0.9971832633018494
side_person17.mp4,side,105,3500,30.0,848,478,30,right_heel,0.5192870497703552,0.8778078556060791,0.30818644165992737,0.6665393710136414,0.9988431930541992
side_person17.mp4,side,105,3500,30.0,848,478,31,left_foot_index,0.460637629032135,0.9272544980049133,-0.04215705022215843,0.9381933808326721,0.9980829954147339
side_person17.mp4,side,105,3500,30.0,848,478,32,right_foot_index,0.46881791949272156,0.8773208856582642,0.2534518241882324,0.6907860636711121,0.999360978603363
side_person17.mp4,side,106,3533,30.0,848,478,0,nose,0.4828681945800781,0.1422213315963745,-0.051745522767305374,0.9988816380500793,0.9994608759880066
side_person17.mp4,side,106,3533,30.0,848,478,1,left_eye_inner,0.4878345727920532,0.12286123633384705,-0.0740102156996727,0.9988253116607666,0.9992176294326782
side_person17.mp4,side,106,3533,30.0,848,478,2,left_eye,0.48938095569610596,0.12232311069965363,-0.07404273748397827,0.9987306594848633,0.9991452693939209
side_person17.mp4,side,106,3533,30.0,848,478,3,left_eye_outer,0.4910809099674225,0.1219336986541748,-0.07400871068239212,0.9990109205245972,0.9990174770355225
side_person17.mp4,side,106,3533,30.0,848,478,4,right_eye_inner,0.48703765869140625,0.12297171354293823,-0.03800312429666519,0.9986517429351807,0.9993845224380493
side_person17.mp4,side,106,3533,30.0,848,478,5,right_eye,0.48799675703048706,0.1224106103181839,-0.038015905767679214,0.9985030293464661,0.9994165897369385
side_person17.mp4,side,106,3533,30.0,848,478,6,right_eye_outer,0.48918670415878296,0.12187781184911728,-0.03805973753333092,0.9990770816802979,0.9994238615036011
side_person17.mp4,side,106,3533,30.0,848,478,7,left_ear,0.5054084658622742,0.12809982895851135,-0.12464450299739838,0.997962236404419,0.9988617897033691
side_person17.mp4,side,106,3533,30.0,848,478,8,right_ear,0.5038748979568481,0.1274837702512741,0.03547324985265732,0.9983047246932983,0.9993898868560791
side_person17.mp4,side,106,3533,30.0,848,478,9,mouth_left,0.48836982250213623,0.15889476239681244,-0.06667742133140564,0.9982576370239258,0.9994854927062988
side_person17.mp4,side,106,3533,30.0,848,478,10,mouth_right,0.4871492087841034,0.15991605818271637,-0.019870076328516006,0.997657299041748,0.9995961785316467
side_person17.mp4,side,106,3533,30.0,848,478,11,left_shoulder,0.5160077214241028,0.21302635967731476,-0.22009927034378052,0.9995085597038269,0.9988815188407898
side_person17.mp4,side,106,3533,30.0,848,478,12,right_shoulder,0.5172375440597534,0.23240073025226593,0.15438726544380188,0.9984908103942871,0.9993743300437927
side_person17.mp4,side,106,3533,30.0,848,478,13,left_elbow,0.42584434151649475,0.23294894397258759,-0.28829488158226013,0.9895651340484619,0.9994175434112549
side_person17.mp4,side,106,3533,30.0,848,478,14,right_elbow,0.44329342246055603,0.26854345202445984,0.1902393102645874,0.43258050084114075,0.9997934699058533
side_person17.mp4,side,106,3533,30.0,848,478,15,left_wrist,0.3585563600063324,0.2225504219532013,-0.2632940411567688,0.9733073711395264,0.9989086389541626
side_person17.mp4,side,106,3533,30.0,848,478,16,right_wrist,0.37000027298927307,0.2602497339248657,0.10220678150653839,0.5496054887771606,0.9996128678321838
side_person17.mp4,side,106,3533,30.0,848,478,17,left_pinky,0.33654701709747314,0.21133218705654144,-0.30582699179649353,0.9578789472579956,0.998890221118927
side_person17.mp4,side,106,3533,30.0,848,478,18,right_pinky,0.35764503479003906,0.25739631056785583,0.1021040603518486,0.5246796607971191,0.9995326995849609
side_person17.mp4,side,106,3533,30.0,848,478,19,left_index,0.3381510078907013,0.21019244194030762,-0.2812782824039459,0.9534603357315063,0.9987059831619263
side_person17.mp4,side,106,3533,30.0,848,478,20,right_index,0.3553615212440491,0.25458380579948425,0.06489884853363037,0.5436092615127563,0.9994478821754456
side_person17.mp4,side,106,3533,30.0,848,478,21,left_thumb,0.34462112188339233,0.21795636415481567,-0.25447338819503784,0.9295573830604553,0.9987488985061646
side_person17.mp4,side,106,3533,30.0,848,478,22,right_thumb,0.3579833209514618,0.2562064528465271,0.08255130052566528,0.563300609588623,0.9994816184043884
side_person17.mp4,side,106,3533,30.0,848,478,23,left_hip,0.5290101170539856,0.49183550477027893,-0.11697646230459213,0.9981163740158081,0.9982494711875916
side_person17.mp4,side,106,3533,30.0,848,478,24,right_hip,0.527306079864502,0.4919297397136688,0.11679383367300034,0.9959879517555237,0.9980968832969666
side_person17.mp4,side,106,3533,30.0,848,478,25,left_knee,0.5090298652648926,0.6916463971138,-0.055770307779312134,0.8924553394317627,0.9995971322059631
side_person17.mp4,side,106,3533,30.0,848,478,26,right_knee,0.5096414089202881,0.6784783601760864,0.19415917992591858,0.22002620995044708,0.9994413256645203
side_person17.mp4,side,106,3533,30.0,848,478,27,left_ankle,0.5096960663795471,0.8866556286811829,0.030690530315041542,0.9513023495674133,0.998842716217041
side_person17.mp4,side,106,3533,30.0,848,478,28,right_ankle,0.5112140774726868,0.8491701483726501,0.3082117736339569,0.4676517844200134,0.9994908571243286
side_person17.mp4,side,106,3533,30.0,848,478,29,left_heel,0.5212376117706299,0.922648012638092,0.034901995211839676,0.948583722114563,0.9977310299873352
side_person17.mp4,side,106,3533,30.0,848,478,30,right_heel,0.5193899273872375,0.8785430788993835,0.3178516924381256,0.6688752770423889,0.9990789890289307
side_person17.mp4,side,106,3533,30.0,848,478,31,left_foot_index,0.46044814586639404,0.9272416234016418,-0.045335810631513596,0.9396857619285583,0.9983587861061096
side_person17.mp4,side,106,3533,30.0,848,478,32,right_foot_index,0.468860387802124,0.8733746409416199,0.26434126496315,0.6947762966156006,0.9995006322860718
side_person17.mp4,side,107,3567,30.0,848,478,0,nose,0.48272183537483215,0.14245019853115082,-0.05558281019330025,0.9988628029823303,0.9994284510612488
side_person17.mp4,side,107,3567,30.0,848,478,1,left_eye_inner,0.48765093088150024,0.12303193658590317,-0.07775814086198807,0.9988006949424744,0.9991620779037476
side_person17.mp4,side,107,3567,30.0,848,478,2,left_eye,0.48919472098350525,0.12247873842716217,-0.07779168337583542,0.9987046122550964,0.9990839958190918
side_person17.mp4,side,107,3567,30.0,848,478,3,left_eye_outer,0.4908941984176636,0.12206677347421646,-0.07776001840829849,0.9989871382713318,0.9989544153213501
side_person17.mp4,side,107,3567,30.0,848,478,4,right_eye_inner,0.4868624210357666,0.12315089255571365,-0.04176297411322594,0.998623251914978,0.9993337988853455
side_person17.mp4,side,107,3567,30.0,848,478,5,right_eye,0.4878259301185608,0.12258150428533554,-0.041767872869968414,0.9984707236289978,0.9993627667427063
side_person17.mp4,side,107,3567,30.0,848,478,6,right_eye_outer,0.4890197515487671,0.12203826010227203,-0.04180685803294182,0.9990553259849548,0.9993639588356018
side_person17.mp4,side,107,3567,30.0,848,478,7,left_ear,0.50522780418396,0.12812405824661255,-0.1279096007347107,0.9979276657104492,0.9988186955451965
side_person17.mp4,side,107,3567,30.0,848,478,8,right_ear,0.5037169456481934,0.12754854559898376,0.032341521233320236,0.9982537031173706,0.9993184804916382
side_person17.mp4,side,107,3567,30.0,848,478,9,mouth_left,0.48822614550590515,0.1591225117444992,-0.07043538987636566,0.9982472658157349,0.9994874000549316
side_person17.mp4,side,107,3567,30.0,848,478,10,mouth_right,0.4870300889015198,0.16015584766864777,-0.023625042289495468,0.9976469874382019,0.9995861649513245
side_person17.mp4,side,107,3567,30.0,848,478,11,left_shoulder,0.5162422060966492,0.21314747631549835,-0.2246716320514679,0.9995238184928894,0.9989563226699829
side_person17.mp4,side,107,3567,30.0,848,478,12,right_shoulder,0.5174596905708313,0.23253728449344635,0.15332835912704468,0.998528003692627,0.999321699142456
side_person17.mp4,side,107,3567,30.0,848,478,13,left_elbow,0.4255419373512268,0.23326249420642853,-0.29373541474342346,0.9897366166114807,0.9994014501571655
side_person17.mp4,side,107,3567,30.0,848,478,14,right_elbow,0.44329071044921875,0.2684895992279053,0.18942050635814667,0.4358099400997162,0.9997738003730774
side_person17.mp4,side,107,3567,30.0,848,478,15,left_wrist,0.35792648792266846,0.2226824164390564,-0.271107017993927,0.9737774133682251,0.9988595247268677
side_person17.mp4,side,107,3567,30.0,848,478,16,right_wrist,0.3699624836444855,0.26059284806251526,0.10001326352357864,0.5549077391624451,0.9995556473731995
side_person17.mp4,side,107,3567,30.0,848,478,17,left_pinky,0.33584484457969666,0.21142061054706573,-0.3153485059738159,0.9585249423980713,0.998806357383728
side_person17.mp4,side,107,3567,30.0,848,478,18,right_pinky,0.3573545515537262,0.2577557861804962,0.09948783367872238,0.529362142086029,0.9994621872901917
side_person17.mp4,side,107,3567,30.0,848,478,19,left_index,0.3373016119003296,0.21029765903949738,-0.2901121973991394,0.9541864991188049,0.99864262342453
side_person17.mp4,side,107,3567,30.0,848,478,20,right_index,0.3550891876220703,0.255035400390625,0.06146404147148132,0.5483972430229187,0.9993681311607361
side_person17.mp4,side,107,3567,30.0,848,478,21,left_thumb,0.3439353406429291,0.2191127985715866,-0.26206520199775696,0.9304746985435486,0.9986826777458191
side_person17.mp4,side,107,3567,30.0,848,478,22,right_thumb,0.35785984992980957,0.2566322386264801,0.08001882582902908,0.567859411239624,0.9994014501571655
side_person17.mp4,side,107,3567,30.0,848,478,23,left_hip,0.5297618508338928,0.49192896485328674,-0.11713311076164246,0.9980905652046204,0.9980126619338989
side_person17.mp4,side,107,3567,30.0,848,478,24,right_hip,0.5276381373405457,0.4920244812965393,0.11695567518472672,0.9959333539009094,0.9978051781654358
side_person17.mp4,side,107,3567,30.0,848,478,25,left_knee,0.5089648365974426,0.6916685700416565,-0.05565197020769119,0.892670750617981,0.999525785446167
side_person17.mp4,side,107,3567,30.0,848,478,26,right_knee,0.5095973610877991,0.6787179112434387,0.19439378380775452,0.21723361313343048,0.9993020296096802
side_person17.mp4,side,107,3567,30.0,848,478,27,left_ankle,0.5096682906150818,0.8867303729057312,0.031533438712358475,0.9518665075302124,0.9986170530319214
side_person17.mp4,side,107,3567,30.0,848,478,28,right_ankle,0.5111847519874573,0.8495342135429382,0.3088802099227905,0.4681682288646698,0.9993646740913391
side_person17.mp4,side,107,3567,30.0,848,478,29,left_heel,0.5210278630256653,0.9227275252342224,0.03602133318781853,0.9492678642272949,0.9973164200782776
side_person17.mp4,side,107,3567,30.0,848,478,30,right_heel,0.5192857384681702,0.8797276616096497,0.31853336095809937,0.6697511672973633,0.998847246170044
side_person17.mp4,side,107,3567,30.0,848,478,31,left_foot_index,0.4604109525680542,0.9272233843803406,-0.04358665272593498,0.940647304058075,0.9981014132499695
side_person17.mp4,side,107,3567,30.0,848,478,32,right_foot_index,0.46819445490837097,0.8760197758674622,0.264292448759079,0.696993350982666,0.9993662238121033
side_person17.mp4,side,108,3600,30.0,848,478,0,nose,0.48246580362319946,0.14259307086467743,-0.05514926463365555,0.9988459348678589,0.9994534850120544
side_person17.mp4,side,108,3600,30.0,848,478,1,left_eye_inner,0.48744896054267883,0.12305273115634918,-0.07736055552959442,0.998779833316803,0.9991917014122009
side_person17.mp4,side,108,3600,30.0,848,478,2,left_eye,0.4889967143535614,0.12248793244361877,-0.0773954764008522,0.9986835718154907,0.9991239905357361
side_person17.mp4,side,108,3600,30.0,848,478,3,left_eye_outer,0.4906856119632721,0.12206225097179413,-0.07736621797084808,0.9989691376686096,0.9990008473396301
side_person17.mp4,side,108,3600,30.0,848,478,4,right_eye_inner,0.48670077323913574,0.12318263202905655,-0.041387204080820084,0.9985984563827515,0.9993465542793274
side_person17.mp4,side,108,3600,30.0,848,478,5,right_eye,0.48767024278640747,0.122614786028862,-0.04139309376478195,0.9984413385391235,0.9993712306022644
side_person17.mp4,side,108,3600,30.0,848,478,6,right_eye_outer,0.48887404799461365,0.12207303941249847,-0.041432250291109085,0.999036967754364,0.999371349811554
side_person17.mp4,side,108,3600,30.0,848,478,7,left_ear,0.5050874948501587,0.12806519865989685,-0.1282021701335907,0.9979171752929688,0.9988740086555481
side_person17.mp4,side,108,3600,30.0,848,478,8,right_ear,0.5036138296127319,0.1275179535150528,0.032490864396095276,0.9982252717018127,0.9993271827697754
side_person17.mp4,side,108,3600,30.0,848,478,9,mouth_left,0.4880213439464569,0.1592554748058319,-0.07003146409988403,0.9982481598854065,0.9994972944259644
side_person17.mp4,side,108,3600,30.0,848,478,10,mouth_right,0.4869285225868225,0.1603100597858429,-0.02328590117394924,0.9976447224617004,0.9995922446250916
side_person17.mp4,side,108,3600,30.0,848,478,11,left_shoulder,0.5163323283195496,0.2132515162229538,-0.22578327357769012,0.9995400905609131,0.9989606142044067
side_person17.mp4,side,108,3600,30.0,848,478,12,right_shoulder,0.5174063444137573,0.23262353241443634,0.15540115535259247,0.9985702633857727,0.9993069171905518
side_person17.mp4,side,108,3600,30.0,848,478,13,left_elbow,0.4250706434249878,0.2330835610628128,-0.2965027987957001,0.9899970293045044,0.999369204044342
side_person17.mp4,side,108,3600,30.0,848,478,14,right_elbow,0.44315627217292786,0.2685580253601074,0.19407455623149872,0.44016996026039124,0.9997634291648865
side_person17.mp4,side,108,3600,30.0,848,478,15,left_wrist,0.3562662601470947,0.22295290231704712,-0.27273356914520264,0.9743236899375916,0.998650848865509
side_person17.mp4,side,108,3600,30.0,848,478,16,right_wrist,0.3699042797088623,0.26073014736175537,0.10431418567895889,0.5605219602584839,0.9995121955871582
side_person17.mp4,side,108,3600,30.0,848,478,17,left_pinky,0.33345261216163635,0.21174460649490356,-0.31757742166519165,0.9592001438140869,0.9985931515693665
side_person17.mp4,side,108,3600,30.0,848,478,18,right_pinky,0.35717397928237915,0.25785043835639954,0.10433270037174225,0.5343285799026489,0.9994093179702759
side_person17.mp4,side,108,3600,30.0,848,478,19,left_index,0.3346177339553833,0.2106255441904068,-0.29121553897857666,0.9549061059951782,0.9984304308891296
side_person17.mp4,side,108,3600,30.0,848,478,20,right_index,0.35492274165153503,0.25510960817337036,0.06519682705402374,0.5535202026367188,0.999306321144104
side_person17.mp4,side,108,3600,30.0,848,478,21,left_thumb,0.3414139151573181,0.21926631033420563,-0.2632601857185364,0.9314064383506775,0.9984662532806396
side_person17.mp4,side,108,3600,30.0,848,478,22,right_thumb,0.3577093183994293,0.2567274570465088,0.08391052484512329,0.5726891756057739,0.9993460774421692
side_person17.mp4,side,108,3600,30.0,848,478,23,left_hip,0.5306690335273743,0.4920324981212616,-0.11731227487325668,0.9980381727218628,0.9975250363349915
side_person17.mp4,side,108,3600,30.0,848,478,24,right_hip,0.5280812978744507,0.4921988546848297,0.11714547872543335,0.9958537220954895,0.9972865581512451
side_person17.mp4,side,108,3600,30.0,848,478,25,left_knee,0.5089316964149475,0.692800760269165,-0.0558769516646862,0.891852617263794,0.9992600083351135
side_person17.mp4,side,108,3600,30.0,848,478,26,right_knee,0.5095629692077637,0.6799359321594238,0.19080887734889984,0.2158300131559372,0.9990804195404053
side_person17.mp4,side,108,3600,30.0,848,478,27,left_ankle,0.5091037750244141,0.8903626203536987,0.032748814672231674,0.9516379237174988,0.9978917241096497
side_person17.mp4,side,108,3600,30.0,848,478,28,right_ankle,0.5110926032066345,0.8539435863494873,0.2991003096103668,0.4692651033401489,0.9990474581718445
side_person17.mp4,side,108,3600,30.0,848,478,29,left_heel,0.519767165184021,0.9259586930274963,0.03751669079065323,0.9496423602104187,0.995934009552002
side_person17.mp4,side,108,3600,30.0,848,478,30,right_heel,0.5192756056785583,0.8847530484199524,0.3079575300216675,0.6712151169776917,0.998219907283783
side_person17.mp4,side,108,3600,30.0,848,478,31,left_foot_index,0.46031010150909424,0.9286757111549377,-0.041262198239564896,0.9406113028526306,0.9971862435340881
side_person17.mp4,side,108,3600,30.0,848,478,32,right_foot_index,0.4681107997894287,0.8803322315216064,0.24959556758403778,0.6980591416358948,0.9989880919456482
side_person17.mp4,side,109,3633,30.0,848,478,0,nose,0.4818994700908661,0.14271649718284607,-0.055142614990472794,0.998832106590271,0.9995095729827881
side_person17.mp4,side,109,3633,30.0,848,478,1,left_eye_inner,0.4868806004524231,0.1231536939740181,-0.07757075130939484,0.9987626075744629,0.999291181564331
side_person17.mp4,side,109,3633,30.0,848,478,2,left_eye,0.48840057849884033,0.12258323282003403,-0.07760802656412125,0.9986676573753357,0.9992400407791138
side_person17.mp4,side,109,3633,30.0,848,478,3,left_eye_outer,0.49002838134765625,0.12215311080217361,-0.07758167386054993,0.9989557266235352,0.9991391897201538
side_person17.mp4,side,109,3633,30.0,848,478,4,right_eye_inner,0.4862018823623657,0.1232883557677269,-0.04145057126879692,0.9985732436180115,0.9994145631790161
side_person17.mp4,side,109,3633,30.0,848,478,5,right_eye,0.48718345165252686,0.1227184310555458,-0.04145180433988571,0.9984142184257507,0.9994314312934875
side_person17.mp4,side,109,3633,30.0,848,478,6,right_eye_outer,0.48840099573135376,0.12217411398887634,-0.041488438844680786,0.9990198612213135,0.9994248151779175
side_person17.mp4,side,109,3633,30.0,848,478,7,left_ear,0.5043612122535706,0.12813769280910492,-0.12888649106025696,0.99790358543396,0.9990578293800354
side_person17.mp4,side,109,3633,30.0,848,478,8,right_ear,0.5030550956726074,0.12759265303611755,0.03244967386126518,0.9981928467750549,0.9993804693222046
side_person17.mp4,side,109,3633,30.0,848,478,9,mouth_left,0.4874655604362488,0.159379243850708,-0.07019301503896713,0.9982445240020752,0.9995415210723877
side_person17.mp4,side,109,3633,30.0,848,478,10,mouth_right,0.48651713132858276,0.16043826937675476,-0.02324911579489708,0.9976323246955872,0.9996153116226196
side_person17.mp4,side,109,3633,30.0,848,478,11,left_shoulder,0.5155197978019714,0.21326497197151184,-0.22658026218414307,0.9995553493499756,0.9990677237510681
side_person17.mp4,side,109,3633,30.0,848,478,12,right_shoulder,0.5174776315689087,0.23269155621528625,0.15542654693126678,0.9985994696617126,0.9992419481277466
side_person17.mp4,side,109,3633,30.0,848,478,13,left_elbow,0.42262113094329834,0.23323795199394226,-0.2982310950756073,0.9901694655418396,0.9993990659713745
side_person17.mp4,side,109,3633,30.0,848,478,14,right_elbow,0.44307419657707214,0.26863032579421997,0.19389554858207703,0.4405795633792877,0.9997153878211975
side_person17.mp4,side,109,3633,30.0,848,478,15,left_wrist,0.3523807227611542,0.22318801283836365,-0.27442023158073425,0.9745892882347107,0.9986615180969238
side_person17.mp4,side,109,3633,30.0,848,478,16,right_wrist,0.36982461810112,0.26088273525238037,0.10350089520215988,0.5611913800239563,0.9994173049926758
side_person17.mp4,side,109,3633,30.0,848,478,17,left_pinky,0.3306037485599518,0.21180427074432373,-0.31998154520988464,0.9595010876655579,0.9986106157302856
side_person17.mp4,side,109,3633,30.0,848,478,18,right_pinky,0.3570699989795685,0.25816893577575684,0.10360803455114365,0.534907877445221,0.9993208646774292
side_person17.mp4,side,109,3633,30.0,848,478,19,left_index,0.3310756981372833,0.2107253074645996,-0.2926613986492157,0.9552131295204163,0.998445451259613
side_person17.mp4,side,109,3633,30.0,848,478,20,right_index,0.35473304986953735,0.25528550148010254,0.06398867070674896,0.5542161464691162,0.9992007613182068
side_person17.mp4,side,109,3633,30.0,848,478,21,left_thumb,0.3384716808795929,0.21932752430438995,-0.26471057534217834,0.9318339824676514,0.9984840750694275
side_person17.mp4,side,109,3633,30.0,848,478,22,right_thumb,0.3573210835456848,0.25686025619506836,0.08292533457279205,0.5733972787857056,0.9992309808731079
side_person17.mp4,side,109,3633,30.0,848,478,23,left_hip,0.5317686200141907,0.4925081431865692,-0.11760417371988297,0.9980092644691467,0.9978825449943542
side_person17.mp4,side,109,3633,30.0,848,478,24,right_hip,0.5291473865509033,0.4925418496131897,0.11744768917560577,0.9957805275917053,0.9973867535591125
side_person17.mp4,side,109,3633,30.0,848,478,25,left_knee,0.5093324184417725,0.6929088234901428,-0.055411774665117264,0.8912898898124695,0.9993641972541809
side_person17.mp4,side,109,3633,30.0,848,478,26,right_knee,0.5093986392021179,0.6799389123916626,0.1909646838903427,0.21326063573360443,0.9990693926811218
side_person17.mp4,side,109,3633,30.0,848,478,27,left_ankle,0.50904381275177,0.8909338116645813,0.03526468947529793,0.95156329870224,0.9981138706207275
side_person17.mp4,side,109,3633,30.0,848,478,28,right_ankle,0.5109654068946838,0.8547878265380859,0.299439013004303,0.46927687525749207,0.999091386795044
side_person17.mp4,side,109,3633,30.0,848,478,29,left_heel,0.5191826820373535,0.9278153777122498,0.04021623358130455,0.949889600276947,0.9963613152503967
side_person17.mp4,side,109,3633,30.0,848,478,30,right_heel,0.5188327431678772,0.8854584693908691,0.30844032764434814,0.672879159450531,0.9983587861061096
side_person17.mp4,side,109,3633,30.0,848,478,31,left_foot_index,0.46032389998435974,0.9286445379257202,-0.03783141449093819,0.9406006336212158,0.9974760413169861
side_person17.mp4,side,109,3633,30.0,848,478,32,right_foot_index,0.4678474962711334,0.8806310892105103,0.25132471323013306,0.6988802552223206,0.9990910291671753
side_person17.mp4,side,110,3667,30.0,848,478,0,nose,0.48117661476135254,0.14446395635604858,-0.058083754032850266,0.9987974166870117,0.9994946718215942
side_person17.mp4,side,110,3667,30.0,848,478,1,left_eye_inner,0.4859391450881958,0.12423544377088547,-0.08038164675235748,0.9987297058105469,0.9993143081665039
side_person17.mp4,side,110,3667,30.0,848,478,2,left_eye,0.48747700452804565,0.12362390011548996,-0.0804196447134018,0.9986382722854614,0.9992771744728088
side_person17.mp4,side,110,3667,30.0,848,478,3,left_eye_outer,0.48911336064338684,0.1231127679347992,-0.08039838820695877,0.9989298582077026,0.9991962313652039
side_person17.mp4,side,110,3667,30.0,848,478,4,right_eye_inner,0.4851963222026825,0.12434343248605728,-0.04389210790395737,0.9985249042510986,0.9994035959243774
side_person17.mp4,side,110,3667,30.0,848,478,5,right_eye,0.48614123463630676,0.12371374666690826,-0.04387454688549042,0.9983571767807007,0.9994111061096191
side_person17.mp4,side,110,3667,30.0,848,478,6,right_eye_outer,0.4873339831829071,0.12307270616292953,-0.04390532150864601,0.9989778995513916,0.9993987083435059
side_person17.mp4,side,110,3667,30.0,848,478,7,left_ear,0.5035849809646606,0.1286906599998474,-0.13173513114452362,0.9978826642036438,0.9991282820701599
side_person17.mp4,side,110,3667,30.0,848,478,8,right_ear,0.5018090009689331,0.12794475257396698,0.031118206679821014,0.9981245398521423,0.9993268251419067
side_person17.mp4,side,110,3667,30.0,848,478,9,mouth_left,0.4869202673435211,0.16125689446926117,-0.07341422885656357,0.9982328414916992,0.9995490908622742
side_person17.mp4,side,110,3667,30.0,848,478,10,mouth_right,0.4859010875225067,0.1623610407114029,-0.025899171829223633,0.997596025466919,0.999594509601593
side_person17.mp4,side,110,3667,30.0,848,478,11,left_shoulder,0.5158126950263977,0.21328461170196533,-0.23011088371276855,0.9995708465576172,0.9990946054458618
side_person17.mp4,side,110,3667,30.0,848,478,12,right_shoulder,0.5165446400642395,0.23273903131484985,0.15455801784992218,0.9986031651496887,0.9991293549537659
side_person17.mp4,side,110,3667,30.0,848,478,13,left_elbow,0.4233449101448059,0.23364880681037903,-0.30560559034347534,0.9904523491859436,0.9993950128555298
side_person17.mp4,side,110,3667,30.0,848,478,14,right_elbow,0.4430539906024933,0.26869016885757446,0.19374455511569977,0.44050854444503784,0.9996697902679443
side_person17.mp4,side,110,3667,30.0,848,478,15,left_wrist,0.3520027697086334,0.22457927465438843,-0.2848186492919922,0.9752569198608398,0.998938262462616
side_person17.mp4,side,110,3667,30.0,848,478,16,right_wrist,0.369761198759079,0.26124754548072815,0.10277722775936127,0.563648521900177,0.999406099319458
side_person17.mp4,side,110,3667,30.0,848,478,17,left_pinky,0.33044224977493286,0.21642522513866425,-0.3320842385292053,0.9603874683380127,0.9988866448402405
side_person17.mp4,side,110,3667,30.0,848,478,18,right_pinky,0.3569934070110321,0.2585778832435608,0.1026311069726944,0.5376204252243042,0.9993181228637695
side_person17.mp4,side,110,3667,30.0,848,478,19,left_index,0.3305336833000183,0.21380244195461273,-0.3044189512729645,0.9561812281608582,0.9987760186195374
side_person17.mp4,side,110,3667,30.0,848,478,20,right_index,0.3546040952205658,0.25578272342681885,0.062066495418548584,0.5571125149726868,0.9992056488990784
side_person17.mp4,side,110,3667,30.0,848,478,21,left_thumb,0.337473064661026,0.2199346423149109,-0.27508416771888733,0.9330512881278992,0.9988034963607788
side_person17.mp4,side,110,3667,30.0,848,478,22,right_thumb,0.35723280906677246,0.2571263313293457,0.08179806172847748,0.5764184594154358,0.9992377758026123
side_person17.mp4,side,110,3667,30.0,848,478,23,left_hip,0.5345785617828369,0.49257126450538635,-0.11800364404916763,0.9979910850524902,0.9977248311042786
side_person17.mp4,side,110,3667,30.0,848,478,24,right_hip,0.5294767022132874,0.49258092045783997,0.11786764860153198,0.9956783056259155,0.9970418810844421
side_person17.mp4,side,110,3667,30.0,848,478,25,left_knee,0.5093101859092712,0.6928961873054504,-0.055328369140625,0.8920376896858215,0.9993682503700256
side_person17.mp4,side,110,3667,30.0,848,478,26,right_knee,0.5078694820404053,0.679648220539093,0.1916273832321167,0.2114497274160385,0.9989005327224731
side_person17.mp4,side,110,3667,30.0,848,478,27,left_ankle,0.5090305209159851,0.8909367322921753,0.036418475210666656,0.9517184495925903,0.9979750514030457
side_person17.mp4,side,110,3667,30.0,848,478,28,right_ankle,0.5108159184455872,0.8549104332923889,0.30058807134628296,0.46702444553375244,0.998935878276825
side_person17.mp4,side,110,3667,30.0,848,478,29,left_heel,0.5191161036491394,0.9277849197387695,0.04140881448984146,0.9501503109931946,0.9960816502571106
side_person17.mp4,side,110,3667,30.0,848,478,30,right_heel,0.518541693687439,0.8854204416275024,0.3095647990703583,0.6718857884407043,0.9980722665786743
side_person17.mp4,side,110,3667,30.0,848,478,31,left_foot_index,0.4606558680534363,0.9277504682540894,-0.036981552839279175,0.9403906464576721,0.9971746206283569
side_person17.mp4,side,110,3667,30.0,848,478,32,right_foot_index,0.46783217787742615,0.8805569410324097,0.2520303428173065,0.6964901089668274,0.9989210367202759
side_person17.mp4,side,111,3700,30.0,848,478,0,nose,0.47923368215560913,0.14602036774158478,-0.059977900236845016,0.9987045526504517,0.9993442893028259
side_person17.mp4,side,111,3700,30.0,848,478,1,left_eye_inner,0.48350903391838074,0.12547922134399414,-0.0824275016784668,0.9986333847045898,0.9991260170936584
side_person17.mp4,side,111,3700,30.0,848,478,2,left_eye,0.4850197434425354,0.12475952506065369,-0.08246465027332306,0.9985454082489014,0.9990795850753784
side_person17.mp4,side,111,3700,30.0,848,478,3,left_eye_outer,0.4866318106651306,0.12415001541376114,-0.08244428783655167,0.9988499879837036,0.9989848732948303
side_person17.mp4,side,111,3700,30.0,848,478,4,right_eye_inner,0.4828888475894928,0.1256140023469925,-0.045947521924972534,0.9983938336372375,0.9992339611053467
side_person17.mp4,side,111,3700,30.0,848,478,5,right_eye,0.483846515417099,0.12491047382354736,-0.045923151075839996,0.9982167482376099,0.9992421865463257
side_person17.mp4,side,111,3700,30.0,848,478,6,right_eye_outer,0.48504337668418884,0.1241866946220398,-0.04595326632261276,0.9988806843757629,0.9992239475250244
side_person17.mp4,side,111,3700,30.0,848,478,7,left_ear,0.5011786818504333,0.1290246993303299,-0.1347513049840927,0.9977626800537109,0.9989271759986877
side_person17.mp4,side,111,3700,30.0,848,478,8,right_ear,0.49964621663093567,0.12829184532165527,0.02803618274629116,0.9979634284973145,0.9991453886032104
side_person17.mp4,side,111,3700,30.0,848,478,9,mouth_left,0.4852948784828186,0.1621994525194168,-0.07572121918201447,0.9981499910354614,0.999459445476532
side_person17.mp4,side,111,3700,30.0,848,478,10,mouth_right,0.48447608947753906,0.16342809796333313,-0.028205478563904762,0.9974626302719116,0.9995099306106567
side_person17.mp4,side,111,3700,30.0,848,478,11,left_shoulder,0.515775203704834,0.21363621950149536,-0.2326010912656784,0.9995810389518738,0.9990148544311523
side_person17.mp4,side,111,3700,30.0,848,478,12,right_shoulder,0.5160441398620605,0.2329450398683548,0.15120333433151245,0.9985895156860352,0.9990296363830566
side_person17.mp4,side,111,3700,30.0,848,478,13,left_elbow,0.4231232702732086,0.23432014882564545,-0.30593177676200867,0.9906073212623596,0.9992947578430176
side_person17.mp4,side,111,3700,30.0,848,478,14,right_elbow,0.44301027059555054,0.2687678933143616,0.19058957695960999,0.435385525226593,0.9996185302734375
side_person17.mp4,side,111,3700,30.0,848,478,15,left_wrist,0.3511847257614136,0.22761867940425873,-0.2847938537597656,0.9756165742874146,0.9985538125038147
side_person17.mp4,side,111,3700,30.0,848,478,16,right_wrist,0.36978551745414734,0.26318076252937317,0.09920159727334976,0.5605668425559998,0.9992152452468872
side_person17.mp4,side,111,3700,30.0,848,478,17,left_pinky,0.32972079515457153,0.2201574295759201,-0.3320844769477844,0.960927426815033,0.9984765648841858
side_person17.mp4,side,111,3700,30.0,848,478,18,right_pinky,0.35694143176078796,0.260058730840683,0.0990370512008667,0.5357666015625,0.9990997314453125
side_person17.mp4,side,111,3700,30.0,848,478,19,left_index,0.3289147913455963,0.21669302880764008,-0.30434274673461914,0.9567860960960388,0.9983314871788025
side_person17.mp4,side,111,3700,30.0,848,478,20,right_index,0.35456329584121704,0.25777801871299744,0.05792796239256859,0.5553805828094482,0.9989473223686218
side_person17.mp4,side,111,3700,30.0,848,478,21,left_thumb,0.3367028832435608,0.22338522970676422,-0.27501827478408813,0.9337480068206787,0.9983572363853455
side_person17.mp4,side,111,3700,30.0,848,478,22,right_thumb,0.35718590021133423,0.25899645686149597,0.07807435095310211,0.5748617053031921,0.9989798665046692
side_person17.mp4,side,111,3700,30.0,848,478,23,left_hip,0.5371608138084412,0.4926462173461914,-0.11817023158073425,0.997965931892395,0.997905969619751
side_person17.mp4,side,111,3700,30.0,848,478,24,right_hip,0.5304238200187683,0.49264276027679443,0.11804322153329849,0.9955599904060364,0.9971946477890015
side_person17.mp4,side,111,3700,30.0,848,478,25,left_knee,0.5093211531639099,0.6927735805511475,-0.055367361754179,0.8922441005706787,0.9992676377296448
side_person17.mp4,side,111,3700,30.0,848,478,26,right_knee,0.506291925907135,0.6793014407157898,0.19225609302520752,0.20775726437568665,0.9986680746078491
side_person17.mp4,side,111,3700,30.0,848,478,27,left_ankle,0.5090206265449524,0.8909403681755066,0.03710508346557617,0.9515402317047119,0.9977292418479919
side_person17.mp4,side,111,3700,30.0,848,478,28,right_ankle,0.5101476907730103,0.8548982739448547,0.3020569384098053,0.46259626746177673,0.9986718893051147
side_person17.mp4,side,111,3700,30.0,848,478,29,left_heel,0.5191471576690674,0.9277376532554626,0.042298026382923126,0.9501329660415649,0.9956219792366028
side_person17.mp4,side,111,3700,30.0,848,478,30,right_heel,0.517810583114624,0.8853819370269775,0.3111364543437958,0.6696568727493286,0.9976467490196228
side_person17.mp4,side,111,3700,30.0,848,478,31,left_foot_index,0.46203356981277466,0.9277509450912476,-0.034052375704050064,0.939876139163971,0.9967813491821289
side_person17.mp4,side,111,3700,30.0,848,478,32,right_foot_index,0.4678209125995636,0.8808855414390564,0.2538829743862152,0.6929346919059753,0.9986783862113953
side_person17.mp4,side,112,3733,30.0,848,478,0,nose,0.4777107536792755,0.14797495305538177,-0.060241781175136566,0.9986575841903687,0.9992604851722717
side_person17.mp4,side,112,3733,30.0,848,478,1,left_eye_inner,0.48198580741882324,0.12736091017723083,-0.08250873535871506,0.9985823035240173,0.9990329742431641
side_person17.mp4,side,112,3733,30.0,848,478,2,left_eye,0.48349520564079285,0.12664534151554108,-0.08254611492156982,0.9984990358352661,0.9989946484565735
side_person17.mp4,side,112,3733,30.0,848,478,3,left_eye_outer,0.48510631918907166,0.1260567456483841,-0.08252625167369843,0.9988090991973877,0.9989010095596313
side_person17.mp4,side,112,3733,30.0,848,478,4,right_eye_inner,0.4813438951969147,0.12745845317840576,-0.046131450682878494,0.9983171820640564,0.9991357922554016
side_person17.mp4,side,112,3733,30.0,848,478,5,right_eye,0.4822900593280792,0.12674681842327118,-0.0461089164018631,0.9981338977813721,0.9991453886032104
side_person17.mp4,side,112,3733,30.0,848,478,6,right_eye_outer,0.48344340920448303,0.1260179877281189,-0.04614071175456047,0.9988174438476562,0.9991257786750793
side_person17.mp4,side,112,3733,30.0,848,478,7,left_ear,0.5000413656234741,0.13094720244407654,-0.13423024117946625,0.9976889491081238,0.9988403916358948
side_person17.mp4,side,112,3733,30.0,848,478,8,right_ear,0.498263418674469,0.1300213485956192,0.028053611516952515,0.9978293776512146,0.9990066885948181
side_person17.mp4,side,112,3733,30.0,848,478,9,mouth_left,0.4839802384376526,0.1640695035457611,-0.07589622586965561,0.9980955123901367,0.9993671774864197
side_person17.mp4,side,112,3733,30.0,848,478,10,mouth_right,0.48311561346054077,0.1653694361448288,-0.028524192050099373,0.997359573841095,0.9994020462036133
side_person17.mp4,side,112,3733,30.0,848,478,11,left_shoulder,0.5155454874038696,0.21544525027275085,-0.2318734973669052,0.9995886087417603,0.9988946318626404
side_person17.mp4,side,112,3733,30.0,848,478,12,right_shoulder,0.515053927898407,0.23417741060256958,0.15003082156181335,0.9985550045967102,0.9988163709640503
side_person17.mp4,side,112,3733,30.0,848,478,13,left_elbow,0.4226112365722656,0.23704640567302704,-0.30544957518577576,0.9907821416854858,0.9992885589599609
side_person17.mp4,side,112,3733,30.0,848,478,14,right_elbow,0.4427223205566406,0.2704344093799591,0.1886553168296814,0.43410125374794006,0.9995613694190979
side_person17.mp4,side,112,3733,30.0,848,478,15,left_wrist,0.3502561151981354,0.2311827391386032,-0.2872192859649658,0.9761452674865723,0.9987115859985352
side_person17.mp4,side,112,3733,30.0,848,478,16,right_wrist,0.3696032762527466,0.26702311635017395,0.09535004198551178,0.5609012246131897,0.9990430474281311
side_person17.mp4,side,112,3733,30.0,848,478,17,left_pinky,0.32863256335258484,0.22416190803050995,-0.33523041009902954,0.9616666436195374,0.9985467791557312
side_person17.mp4,side,112,3733,30.0,848,478,18,right_pinky,0.35673871636390686,0.26324939727783203,0.09465502947568893,0.5364068150520325,0.9988662004470825
side_person17.mp4,side,112,3733,30.0,848,478,19,left_index,0.32772260904312134,0.2197434902191162,-0.3084106147289276,0.9575898051261902,0.9984092116355896
side_person17.mp4,side,112,3733,30.0,848,478,20,right_index,0.35447004437446594,0.2610500752925873,0.053317055106163025,0.5560899376869202,0.9986568689346313
side_person17.mp4,side,112,3733,30.0,848,478,21,left_thumb,0.3348125219345093,0.22501125931739807,-0.27785545587539673,0.9348073601722717,0.9984857439994812
side_person17.mp4,side,112,3733,30.0,848,478,22,right_thumb,0.3570471405982971,0.26234573125839233,0.0740472748875618,0.5758785009384155,0.9987130165100098
side_person17.mp4,side,112,3733,30.0,848,478,23,left_hip,0.5394818782806396,0.49270883202552795,-0.11817751079797745,0.9979279041290283,0.9978442192077637
side_person17.mp4,side,112,3733,30.0,848,478,24,right_hip,0.530863881111145,0.49267321825027466,0.1180550679564476,0.9954284429550171,0.9971470236778259
side_person17.mp4,side,112,3733,30.0,848,478,25,left_knee,0.5113120079040527,0.692136287689209,-0.059259600937366486,0.8925826549530029,0.9991874098777771
side_person17.mp4,side,112,3733,30.0,848,478,26,right_knee,0.5050820112228394,0.6789789795875549,0.19176390767097473,0.20368720591068268,0.9985290765762329
side_person17.mp4,side,112,3733,30.0,848,478,27,left_ankle,0.5090292692184448,0.8910084366798401,0.02703937515616417,0.9507325291633606,0.9970223307609558
side_person17.mp4,side,112,3733,30.0,848,478,28,right_ankle,0.5089930891990662,0.855668842792511,0.301182359457016,0.4562879800796509,0.9983249306678772
side_person17.mp4,side,112,3733,30.0,848,478,29,left_heel,0.5191408395767212,0.9278871417045593,0.03127913922071457,0.9492316842079163,0.9943839311599731
side_person17.mp4,side,112,3733,30.0,848,478,30,right_heel,0.5162394046783447,0.8855598568916321,0.31014570593833923,0.664161205291748,0.997103750705719
side_person17.mp4,side,112,3733,30.0,848,478,31,left_foot_index,0.4641871154308319,0.927945613861084,-0.048281699419021606,0.9386129975318909,0.9959291815757751
side_person17.mp4,side,112,3733,30.0,848,478,32,right_foot_index,0.46774742007255554,0.8818380236625671,0.25165218114852905,0.6874712109565735,0.9983921647071838
side_person17.mp4,side,113,3767,30.0,848,478,0,nose,0.47575485706329346,0.1531829833984375,-0.06391476094722748,0.9986255168914795,0.9989868998527527
side_person17.mp4,side,113,3767,30.0,848,478,1,left_eye_inner,0.47973811626434326,0.1322116106748581,-0.08583546429872513,0.9985525608062744,0.9987183809280396
side_person17.mp4,side,113,3767,30.0,848,478,2,left_eye,0.48126164078712463,0.1314873844385147,-0.08587473630905151,0.9984782338142395,0.9986631870269775
side_person17.mp4,side,113,3767,30.0,848,478,3,left_eye_outer,0.4828815162181854,0.13086947798728943,-0.08586028218269348,0.9987861514091492,0.9985454082489014
side_person17.mp4,side,113,3767,30.0,848,478,4,right_eye_inner,0.4791397452354431,0.13228480517864227,-0.04990590736269951,0.9982731938362122,0.998863697052002
side_person17.mp4,side,113,3767,30.0,848,478,5,right_eye,0.4801096022129059,0.1315649002790451,-0.04988478124141693,0.9980984330177307,0.9988872408866882
side_person17.mp4,side,113,3767,30.0,848,478,6,right_eye_outer,0.4812735319137573,0.13081032037734985,-0.049920454621315,0.998784601688385,0.9988682270050049
side_person17.mp4,side,113,3767,30.0,848,478,7,left_ear,0.4981383979320526,0.13537201285362244,-0.13595138490200043,0.9976454377174377,0.9985311031341553
side_person17.mp4,side,113,3767,30.0,848,478,8,right_ear,0.4961445927619934,0.13427390158176422,0.024181578308343887,0.9977558255195618,0.9987830519676208
side_person17.mp4,side,113,3767,30.0,848,478,9,mouth_left,0.48224538564682007,0.16915303468704224,-0.07905752956867218,0.9980692267417908,0.9991607666015625
side_person17.mp4,side,113,3767,30.0,848,478,10,mouth_right,0.48145002126693726,0.1705969125032425,-0.032314952462911606,0.9972937107086182,0.9991981387138367
side_person17.mp4,side,113,3767,30.0,848,478,11,left_shoulder,0.5151890516281128,0.21816912293434143,-0.23144221305847168,0.9995878338813782,0.9985814094543457
side_person17.mp4,side,113,3767,30.0,848,478,12,right_shoulder,0.5133130550384521,0.2360609918832779,0.1439942866563797,0.9984764456748962,0.9983270764350891
side_person17.mp4,side,113,3767,30.0,848,478,13,left_elbow,0.42232224345207214,0.2421744465827942,-0.304368257522583,0.9905782341957092,0.9988951086997986
side_person17.mp4,side,113,3767,30.0,848,478,14,right_elbow,0.44123783707618713,0.27350205183029175,0.17581434547901154,0.424044668674469,0.9992146492004395
side_person17.mp4,side,113,3767,30.0,848,478,15,left_wrist,0.3496473729610443,0.23851075768470764,-0.28465980291366577,0.9758477807044983,0.9975621700286865
side_person17.mp4,side,113,3767,30.0,848,478,16,right_wrist,0.36755961179733276,0.2702687680721283,0.07856693118810654,0.5467870831489563,0.9976741671562195
side_person17.mp4,side,113,3767,30.0,848,478,17,left_pinky,0.3285830616950989,0.23099146783351898,-0.3320767283439636,0.9614502191543579,0.9973243474960327
side_person17.mp4,side,113,3767,30.0,848,478,18,right_pinky,0.35490933060646057,0.26575204730033875,0.07639003545045853,0.5246278047561646,0.9973637461662292
side_person17.mp4,side,113,3767,30.0,848,478,19,left_index,0.3276454508304596,0.2239065170288086,-0.3060103952884674,0.9573496580123901,0.997082531452179
side_person17.mp4,side,113,3767,30.0,848,478,20,right_index,0.35138940811157227,0.2635154724121094,0.035768862813711166,0.5444356203079224,0.9968906044960022
side_person17.mp4,side,113,3767,30.0,848,478,21,left_thumb,0.33469483256340027,0.23144984245300293,-0.27551940083503723,0.9343987107276917,0.9971899390220642
side_person17.mp4,side,113,3767,30.0,848,478,22,right_thumb,0.35393303632736206,0.26567542552948,0.05728478357195854,0.5650550723075867,0.9969375133514404
side_person17.mp4,side,113,3767,30.0,848,478,23,left_hip,0.5427454113960266,0.4927440881729126,-0.11796727031469345,0.9978652000427246,0.9977871179580688
side_person17.mp4,side,113,3767,30.0,848,478,24,right_hip,0.5315460562705994,0.4926867187023163,0.1178661361336708,0.9951684474945068,0.9967344403266907
side_person17.mp4,side,113,3767,30.0,848,478,25,left_knee,0.5127176642417908,0.6921413540840149,-0.060173723846673965,0.8929291367530823,0.9991150498390198
side_person17.mp4,side,113,3767,30.0,848,478,26,right_knee,0.5038589835166931,0.6774449944496155,0.1946178823709488,0.19898033142089844,0.9980649352073669
side_person17.mp4,side,113,3767,30.0,848,478,27,left_ankle,0.5089039206504822,0.8908277750015259,0.021975377574563026,0.9497798681259155,0.9958908557891846
side_person17.mp4,side,113,3767,30.0,848,478,28,right_ankle,0.5076835751533508,0.8549168109893799,0.3099999725818634,0.4487409293651581,0.9977861642837524
side_person17.mp4,side,113,3767,30.0,848,478,29,left_heel,0.5184995532035828,0.9278421998023987,0.025398431345820427,0.947700560092926,0.992104172706604
side_person17.mp4,side,113,3767,30.0,848,478,30,right_heel,0.5140004754066467,0.8822310566902161,0.3194293975830078,0.6570239067077637,0.9962857961654663
side_person17.mp4,side,113,3767,30.0,848,478,31,left_foot_index,0.464077889919281,0.9280125498771667,-0.05882859602570534,0.9373006224632263,0.9940001964569092
side_person17.mp4,side,113,3767,30.0,848,478,32,right_foot_index,0.46749454736709595,0.8797256350517273,0.2578592598438263,0.6816306710243225,0.9979432225227356
side_person17.mp4,side,114,3800,30.0,848,478,0,nose,0.4739243984222412,0.15883660316467285,-0.06720763444900513,0.9985173940658569,0.9990280866622925
side_person17.mp4,side,114,3800,30.0,848,478,1,left_eye_inner,0.477967232465744,0.13811682164669037,-0.08900254964828491,0.9984498620033264,0.9988484382629395
side_person17.mp4,side,114,3800,30.0,848,478,2,left_eye,0.4794667065143585,0.13737785816192627,-0.0890406146645546,0.9983899593353271,0.9988080263137817
side_person17.mp4,side,114,3800,30.0,848,478,3,left_eye_outer,0.48112449049949646,0.13678142428398132,-0.08902335911989212,0.9987084269523621,0.9987094402313232
side_person17.mp4,side,114,3800,30.0,848,478,4,right_eye_inner,0.47740572690963745,0.13825353980064392,-0.05306413024663925,0.9981350302696228,0.9989722967147827
side_person17.mp4,side,114,3800,30.0,848,478,5,right_eye,0.4784418046474457,0.13753904402256012,-0.053045853972435,0.9979700446128845,0.9989922642707825
side_person17.mp4,side,114,3800,30.0,848,478,6,right_eye_outer,0.4797201454639435,0.136813685297966,-0.05308439955115318,0.9986851811408997,0.9989751577377319
side_person17.mp4,side,114,3800,30.0,848,478,7,left_ear,0.4961145520210266,0.14102137088775635,-0.13848301768302917,0.9974967241287231,0.9986352324485779
side_person17.mp4,side,114,3800,30.0,848,478,8,right_ear,0.4946197271347046,0.1406291425228119,0.021756494417786598,0.9975552558898926,0.9988235831260681
side_person17.mp4,side,114,3800,30.0,848,478,9,mouth_left,0.4806026518344879,0.17445753514766693,-0.08230425417423248,0.9979546666145325,0.9991868138313293
side_person17.mp4,side,114,3800,30.0,848,478,10,mouth_right,0.47990453243255615,0.17590318620204926,-0.035475049167871475,0.9970505237579346,0.999208390712738
side_person17.mp4,side,114,3800,30.0,848,478,11,left_shoulder,0.5138723254203796,0.22110727429389954,-0.23291796445846558,0.9995849132537842,0.9985364675521851
side_person17.mp4,side,114,3800,30.0,848,478,12,right_shoulder,0.5122286677360535,0.24015292525291443,0.14122740924358368,0.998324453830719,0.9982143640518188
side_person17.mp4,side,114,3800,30.0,848,478,13,left_elbow,0.42227044701576233,0.2484857141971588,-0.308559387922287,0.9905662536621094,0.9990611672401428
side_person17.mp4,side,114,3800,30.0,848,478,14,right_elbow,0.4410274922847748,0.2788427770137787,0.1745632141828537,0.41736075282096863,0.9992986917495728
side_person17.mp4,side,114,3800,30.0,848,478,15,left_wrist,0.3495498299598694,0.24627792835235596,-0.2944023907184601,0.9758259654045105,0.998149037361145
side_person17.mp4,side,114,3800,30.0,848,478,16,right_wrist,0.36685869097709656,0.27649447321891785,0.07710263133049011,0.539279043674469,0.9984306693077087
side_person17.mp4,side,114,3800,30.0,848,478,17,left_pinky,0.32757189869880676,0.23696982860565186,-0.3430059552192688,0.9614455699920654,0.9979605674743652
side_person17.mp4,side,114,3800,30.0,848,478,18,right_pinky,0.35433751344680786,0.2716153562068939,0.0754060447216034,0.5185276865959167,0.9982370138168335
side_person17.mp4,side,114,3800,30.0,848,478,19,left_index,0.32678332924842834,0.23126065731048584,-0.3163125813007355,0.9572880864143372,0.9977962970733643
side_person17.mp4,side,114,3800,30.0,848,478,20,right_index,0.3510879576206207,0.26936691999435425,0.034313663840293884,0.5384595990180969,0.9979135394096375
side_person17.mp4,side,114,3800,30.0,848,478,21,left_thumb,0.33372119069099426,0.23793911933898926,-0.28534913063049316,0.934163510799408,0.9978764057159424
side_person17.mp4,side,114,3800,30.0,848,478,22,right_thumb,0.35354286432266235,0.2718520164489746,0.055680301040410995,0.5598169565200806,0.9979606866836548
side_person17.mp4,side,114,3800,30.0,848,478,23,left_hip,0.545265257358551,0.49357345700263977,-0.11809180676937103,0.9978270530700684,0.9978048205375671
side_person17.mp4,side,114,3800,30.0,848,478,24,right_hip,0.5325630307197571,0.49311310052871704,0.11800353974103928,0.9948683977127075,0.9966745376586914
side_person17.mp4,side,114,3800,30.0,848,478,25,left_knee,0.5145443081855774,0.6921810507774353,-0.07001028209924698,0.8948871493339539,0.9993010759353638
side_person17.mp4,side,114,3800,30.0,848,478,26,right_knee,0.49948588013648987,0.6748203039169312,0.19028039276599884,0.1977737843990326,0.9981657862663269
side_person17.mp4,side,114,3800,30.0,848,478,27,left_ankle,0.5074439644813538,0.8909482359886169,0.0022530911955982447,0.9503982663154602,0.9963414072990417
side_person17.mp4,side,114,3800,30.0,848,478,28,right_ankle,0.5037609338760376,0.8523526787757874,0.29775354266166687,0.44454479217529297,0.9983025789260864
side_person17.mp4,side,114,3800,30.0,848,478,29,left_heel,0.5181359648704529,0.9286842346191406,0.004318177234381437,0.9472651481628418,0.9929351210594177
side_person17.mp4,side,114,3800,30.0,848,478,30,right_heel,0.5137054324150085,0.8865527510643005,0.30628740787506104,0.653687059879303,0.9972648620605469
side_person17.mp4,side,114,3800,30.0,848,478,31,left_foot_index,0.46260008215904236,0.9276699423789978,-0.08393926173448563,0.9372944235801697,0.9948019981384277
side_person17.mp4,side,114,3800,30.0,848,478,32,right_foot_index,0.4644296169281006,0.8797616958618164,0.2465517520904541,0.6780456304550171,0.9983962178230286
side_person17.mp4,side,115,3833,30.0,848,478,0,nose,0.47169947624206543,0.16744166612625122,-0.06611994653940201,0.9984644651412964,0.9992050528526306
side_person17.mp4,side,115,3833,30.0,848,478,1,left_eye_inner,0.47546645998954773,0.1465567648410797,-0.08798850327730179,0.9984040260314941,0.9990437626838684
side_person17.mp4,side,115,3833,30.0,848,478,2,left_eye,0.47691860795021057,0.1457509845495224,-0.08802375942468643,0.9983584880828857,0.9990346431732178
side_person17.mp4,side,115,3833,30.0,848,478,3,left_eye_outer,0.4784950613975525,0.1450626254081726,-0.0880017802119255,0.9986860156059265,0.9989593029022217
side_person17.mp4,side,115,3833,30.0,848,478,4,right_eye_inner,0.47499963641166687,0.146675705909729,-0.05205130577087402,0.998072624206543,0.9991088509559631
side_person17.mp4,side,115,3833,30.0,848,478,5,right_eye,0.476046621799469,0.14590412378311157,-0.05204044282436371,0.9979045391082764,0.9991075396537781
side_person17.mp4,side,115,3833,30.0,848,478,6,right_eye_outer,0.4773350954055786,0.14509643614292145,-0.05207829549908638,0.99863600730896,0.999081015586853
side_person17.mp4,side,115,3833,30.0,848,478,7,left_ear,0.49354088306427,0.14826372265815735,-0.13770663738250732,0.9974815249443054,0.9989591836929321
side_person17.mp4,side,115,3833,30.0,848,478,8,right_ear,0.4920056164264679,0.14799952507019043,0.02239060588181019,0.9975041747093201,0.9989566802978516
side_person17.mp4,side,115,3833,30.0,848,478,9,mouth_left,0.47833681106567383,0.18310441076755524,-0.08124174177646637,0.9979260563850403,0.999297022819519
side_person17.mp4,side,115,3833,30.0,848,478,10,mouth_right,0.4777206778526306,0.18439294397830963,-0.03445816785097122,0.9969408512115479,0.9992856383323669
side_person17.mp4,side,115,3833,30.0,848,478,11,left_shoulder,0.5119704008102417,0.22699375450611115,-0.23238837718963623,0.9995917677879333,0.998701810836792
side_person17.mp4,side,115,3833,30.0,848,478,12,right_shoulder,0.5118334889411926,0.24642105400562286,0.1438998579978943,0.9982388615608215,0.9981489181518555
side_person17.mp4,side,115,3833,30.0,848,478,13,left_elbow,0.42096877098083496,0.2567724585533142,-0.3084338307380676,0.9906349778175354,0.999016523361206
side_person17.mp4,side,115,3833,30.0,848,478,14,right_elbow,0.4401490092277527,0.28538551926612854,0.18311560153961182,0.412553608417511,0.9992522597312927
side_person17.mp4,side,115,3833,30.0,848,478,15,left_wrist,0.34685319662094116,0.2546752691268921,-0.2907727062702179,0.9755419492721558,0.9980449676513672
side_person17.mp4,side,115,3833,30.0,848,478,16,right_wrist,0.36677366495132446,0.2847531735897064,0.08186414837837219,0.5322169661521912,0.9982075691223145
side_person17.mp4,side,115,3833,30.0,848,478,17,left_pinky,0.32654812932014465,0.24622733891010284,-0.3384028375148773,0.9608322381973267,0.9979472756385803
side_person17.mp4,side,115,3833,30.0,848,478,18,right_pinky,0.35433921217918396,0.2796550393104553,0.07993585616350174,0.5126836895942688,0.9980021119117737
side_person17.mp4,side,115,3833,30.0,848,478,19,left_index,0.3248172700405121,0.23951967060565948,-0.3122238218784332,0.956562340259552,0.997846245765686
side_person17.mp4,side,115,3833,30.0,848,478,20,right_index,0.35101836919784546,0.27843719720840454,0.03918381407856941,0.5331429243087769,0.9976935982704163
side_person17.mp4,side,115,3833,30.0,848,478,21,left_thumb,0.3321497440338135,0.2462097406387329,-0.2817530930042267,0.9330330491065979,0.9979044198989868
side_person17.mp4,side,115,3833,30.0,848,478,22,right_thumb,0.35357627272605896,0.27999147772789,0.06024195998907089,0.5548763871192932,0.9977499842643738
side_person17.mp4,side,115,3833,30.0,848,478,23,left_hip,0.5471316576004028,0.4983837604522705,-0.11822197586297989,0.997814416885376,0.9974609613418579
side_person17.mp4,side,115,3833,30.0,848,478,24,right_hip,0.535134494304657,0.4984876811504364,0.11814280599355698,0.9947623610496521,0.9960311055183411
side_person17.mp4,side,115,3833,30.0,848,478,25,left_knee,0.5144426226615906,0.6997761130332947,-0.06740470975637436,0.8962196111679077,0.9986974596977234
side_person17.mp4,side,115,3833,30.0,848,478,26,right_knee,0.4971703290939331,0.6766839027404785,0.183196559548378,0.20195427536964417,0.9972924590110779
side_person17.mp4,side,115,3833,30.0,848,478,27,left_ankle,0.5061826109886169,0.8935074806213379,0.022507552057504654,0.949963390827179,0.9918002486228943
side_person17.mp4,side,115,3833,30.0,848,478,28,right_ankle,0.5026402473449707,0.8533772826194763,0.2939586341381073,0.4425617456436157,0.9968119263648987
side_person17.mp4,side,115,3833,30.0,848,478,29,left_heel,0.5168876051902771,0.930849552154541,0.026692530140280724,0.9453135132789612,0.9849733114242554
side_person17.mp4,side,115,3833,30.0,848,478,30,right_heel,0.5104171633720398,0.8867185115814209,0.30311739444732666,0.6518981456756592,0.9947176575660706
side_person17.mp4,side,115,3833,30.0,848,478,31,left_foot_index,0.46213415265083313,0.9271563291549683,-0.05632740631699562,0.9354201555252075,0.9892024397850037
side_person17.mp4,side,115,3833,30.0,848,478,32,right_foot_index,0.46366989612579346,0.8803503513336182,0.2456054836511612,0.6724686622619629,0.9966991543769836
side_person17.mp4,side,116,3867,30.0,848,478,0,nose,0.4694095253944397,0.17841915786266327,-0.06541822105646133,0.9984168410301208,0.9992081522941589
side_person17.mp4,side,116,3867,30.0,848,478,1,left_eye_inner,0.4725989103317261,0.15721195936203003,-0.087515689432621,0.9983552098274231,0.9990179538726807
side_person17.mp4,side,116,3867,30.0,848,478,2,left_eye,0.4739994406700134,0.156246617436409,-0.08755627274513245,0.9983182549476624,0.999004065990448
side_person17.mp4,side,116,3867,30.0,848,478,3,left_eye_outer,0.47554710507392883,0.15537580847740173,-0.08754567056894302,0.9986580610275269,0.998908281326294
side_person17.mp4,side,116,3867,30.0,848,478,4,right_eye_inner,0.4722103178501129,0.15726564824581146,-0.051562532782554626,0.9980147480964661,0.9990881681442261
side_person17.mp4,side,116,3867,30.0,848,478,5,right_eye,0.4732188880443573,0.15632589161396027,-0.051532402634620667,0.9978395700454712,0.9990860223770142
side_person17.mp4,side,116,3867,30.0,848,478,6,right_eye_outer,0.47446221113204956,0.155326247215271,-0.05156959965825081,0.9985912442207336,0.9990612864494324
side_person17.mp4,side,116,3867,30.0,848,478,7,left_ear,0.49026626348495483,0.15762054920196533,-0.1374559849500656,0.997455894947052,0.9988527297973633
side_person17.mp4,side,116,3867,30.0,848,478,8,right_ear,0.4889894425868988,0.1571788191795349,0.02254965342581272,0.9974678754806519,0.9989332556724548
side_person17.mp4,side,116,3867,30.0,848,478,9,mouth_left,0.4762219190597534,0.19447089731693268,-0.08093114197254181,0.997910737991333,0.9992271661758423
side_person17.mp4,side,116,3867,30.0,848,478,10,mouth_right,0.47568419575691223,0.1956174373626709,-0.03406868502497673,0.9968694448471069,0.9992375373840332
side_person17.mp4,side,116,3867,30.0,848,478,11,left_shoulder,0.5098140239715576,0.23693908751010895,-0.22957678139209747,0.9995885491371155,0.9983265995979309
side_person17.mp4,side,116,3867,30.0,848,478,12,right_shoulder,0.5111997127532959,0.25292378664016724,0.14458146691322327,0.9981790781021118,0.9980862140655518
side_person17.mp4,side,116,3867,30.0,848,478,13,left_elbow,0.41957247257232666,0.26354673504829407,-0.30811554193496704,0.9907378554344177,0.9989105463027954
side_person17.mp4,side,116,3867,30.0,848,478,14,right_elbow,0.43865302205085754,0.2883675992488861,0.185063436627388,0.4105619788169861,0.9992697834968567
side_person17.mp4,side,116,3867,30.0,848,478,15,left_wrist,0.34335049986839294,0.26457199454307556,-0.27807942032814026,0.9751538634300232,0.9978228807449341
side_person17.mp4,side,116,3867,30.0,848,478,16,right_wrist,0.3668502867221832,0.2920103073120117,0.08702942728996277,0.5264275074005127,0.9982692003250122
side_person17.mp4,side,116,3867,30.0,848,478,17,left_pinky,0.3244989216327667,0.2565808594226837,-0.32411590218544006,0.9598494172096252,0.9977128505706787
side_person17.mp4,side,116,3867,30.0,848,478,18,right_pinky,0.3542979955673218,0.2887985110282898,0.0857868641614914,0.5076028108596802,0.9980354905128479
side_person17.mp4,side,116,3867,30.0,848,478,19,left_index,0.32390859723091125,0.25232994556427,-0.2960262894630432,0.9554261565208435,0.9976492524147034
side_person17.mp4,side,116,3867,30.0,848,478,20,right_index,0.3511354327201843,0.2887475788593292,0.04529311880469322,0.5286382436752319,0.9977169036865234
side_person17.mp4,side,116,3867,30.0,848,478,21,left_thumb,0.3306927978992462,0.2585291564464569,-0.2683638036251068,0.9314157366752625,0.9976959824562073
side_person17.mp4,side,116,3867,30.0,848,478,22,right_thumb,0.35364872217178345,0.28980767726898193,0.06576861441135406,0.5507971048355103,0.9977709054946899
side_person17.mp4,side,116,3867,30.0,848,478,23,left_hip,0.5489563345909119,0.5043201446533203,-0.11652310937643051,0.9977682828903198,0.9967987537384033
side_person17.mp4,side,116,3867,30.0,848,478,24,right_hip,0.5358995795249939,0.5038802623748779,0.11646682024002075,0.9946591854095459,0.9953774213790894
side_person17.mp4,side,116,3867,30.0,848,478,25,left_knee,0.5153713226318359,0.7076102495193481,-0.06665951013565063,0.8967247009277344,0.9978340268135071
side_person17.mp4,side,116,3867,30.0,848,478,26,right_knee,0.49453943967819214,0.6810754537582397,0.1665896624326706,0.20954592525959015,0.9963449835777283
side_person17.mp4,side,116,3867,30.0,848,478,27,left_ankle,0.5055785775184631,0.8954612612724304,0.02369510382413864,0.9487535953521729,0.9873965382575989
side_person17.mp4,side,116,3867,30.0,848,478,28,right_ankle,0.5016515254974365,0.8600347638130188,0.2696504294872284,0.44324299693107605,0.9950056672096252
side_person17.mp4,side,116,3867,30.0,848,478,29,left_heel,0.5165324211120605,0.9327012300491333,0.02787289395928383,0.9425143599510193,0.9775547981262207
side_person17.mp4,side,116,3867,30.0,848,478,30,right_heel,0.5088388919830322,0.8907685875892639,0.2780502140522003,0.6512517333030701,0.9916279315948486
side_person17.mp4,side,116,3867,30.0,848,478,31,left_foot_index,0.46159642934799194,0.9270583391189575,-0.05436090752482414,0.932361900806427,0.9843305945396423
side_person17.mp4,side,116,3867,30.0,848,478,32,right_foot_index,0.4627401530742645,0.8901539444923401,0.2190362811088562,0.6676189303398132,0.9947015047073364
side_person17.mp4,side,117,3900,30.0,848,478,0,nose,0.4670511782169342,0.1903473287820816,-0.0641540065407753,0.9983667135238647,0.9989767074584961
side_person17.mp4,side,117,3900,30.0,848,478,1,left_eye_inner,0.4696359932422638,0.1686347872018814,-0.08670786023139954,0.9982785582542419,0.9986672401428223
side_person17.mp4,side,117,3900,30.0,848,478,2,left_eye,0.47102969884872437,0.16756775975227356,-0.08675623685121536,0.9982531070709229,0.9986149072647095
side_person17.mp4,side,117,3900,30.0,848,478,3,left_eye_outer,0.4725944697856903,0.16656088829040527,-0.08675595372915268,0.998610258102417,0.9984573125839233
side_person17.mp4,side,117,3900,30.0,848,478,4,right_eye_inner,0.4693451225757599,0.1686902791261673,-0.05092663690447807,0.9979380369186401,0.9988464117050171
side_person17.mp4,side,117,3900,30.0,848,478,5,right_eye,0.47042399644851685,0.16762138903141022,-0.050890881568193436,0.9977649450302124,0.9988734126091003
side_person17.mp4,side,117,3900,30.0,848,478,6,right_eye_outer,0.47172167897224426,0.16649703681468964,-0.050935544073581696,0.9985454678535461,0.9988777041435242
side_person17.mp4,side,117,3900,30.0,848,478,7,left_ear,0.48709559440612793,0.1678718775510788,-0.13734455406665802,0.9973784685134888,0.9983434677124023
side_person17.mp4,side,117,3900,30.0,848,478,8,right_ear,0.4860638976097107,0.16744613647460938,0.023089269176125526,0.9974575042724609,0.998782217502594
side_person17.mp4,side,117,3900,30.0,848,478,9,mouth_left,0.47402289509773254,0.20606562495231628,-0.07991832494735718,0.9978851675987244,0.9990652203559875
side_person17.mp4,side,117,3900,30.0,848,478,10,mouth_right,0.47355449199676514,0.2072170525789261,-0.03323137387633324,0.9967867136001587,0.9991223216056824
side_person17.mp4,side,117,3900,30.0,848,478,11,left_shoulder,0.5088813900947571,0.24506975710391998,-0.22655372321605682,0.9995841383934021,0.997967541217804
side_person17.mp4,side,117,3900,30.0,848,478,12,right_shoulder,0.5102320909500122,0.2608086168766022,0.14495378732681274,0.9981569647789001,0.9982095956802368
side_person17.mp4,side,117,3900,30.0,848,478,13,left_elbow,0.4182247519493103,0.27217695116996765,-0.30554530024528503,0.9907688498497009,0.9987421631813049
side_person17.mp4,side,117,3900,30.0,848,478,14,right_elbow,0.4383167326450348,0.296650230884552,0.18618646264076233,0.4131656289100647,0.9993832111358643
side_person17.mp4,side,117,3900,30.0,848,478,15,left_wrist,0.34092646837234497,0.2724345326423645,-0.2709735035896301,0.9748263359069824,0.9973147511482239
side_person17.mp4,side,117,3900,30.0,848,478,16,right_wrist,0.3668575584888458,0.30044031143188477,0.09265265613794327,0.5258233547210693,0.9983843564987183
side_person17.mp4,side,117,3900,30.0,848,478,17,left_pinky,0.32192713022232056,0.26477742195129395,-0.31595924496650696,0.959069013595581,0.9972147345542908
side_person17.mp4,side,117,3900,30.0,848,478,18,right_pinky,0.35438400506973267,0.29855114221572876,0.09143269807100296,0.5070680379867554,0.9981016516685486
side_person17.mp4,side,117,3900,30.0,848,478,19,left_index,0.3215601444244385,0.25997987389564514,-0.28776735067367554,0.9545061588287354,0.99714595079422
side_person17.mp4,side,117,3900,30.0,848,478,20,right_index,0.3511536419391632,0.2991870641708374,0.052530571818351746,0.5286538600921631,0.9977890253067017
side_person17.mp4,side,117,3900,30.0,848,478,21,left_thumb,0.3280573785305023,0.26602858304977417,-0.26123765110969543,0.9301424026489258,0.9972043633460999
side_person17.mp4,side,117,3900,30.0,848,478,22,right_thumb,0.35386693477630615,0.29960697889328003,0.07218024134635925,0.5507954955101013,0.9978548884391785
side_person17.mp4,side,117,3900,30.0,848,478,23,left_hip,0.5515618920326233,0.5100592970848083,-0.11443481594324112,0.9977278709411621,0.9965816140174866
side_person17.mp4,side,117,3900,30.0,848,478,24,right_hip,0.5374311208724976,0.5093926787376404,0.11438523232936859,0.9946449995040894,0.9956522583961487
side_person17.mp4,side,117,3900,30.0,848,478,25,left_knee,0.5152207016944885,0.716008186340332,-0.05874474719166756,0.8973376750946045,0.9972227811813354
side_person17.mp4,side,117,3900,30.0,848,478,26,right_knee,0.49285051226615906,0.687533974647522,0.15789172053337097,0.22053726017475128,0.99588543176651
side_person17.mp4,side,117,3900,30.0,848,478,27,left_ankle,0.5055863261222839,0.8980748057365417,0.04111846536397934,0.9473859667778015,0.9826179146766663
side_person17.mp4,side,117,3900,30.0,848,478,28,right_ankle,0.5006917119026184,0.8673540949821472,0.2699264883995056,0.447009414434433,0.994831383228302
side_person17.mp4,side,117,3900,30.0,848,478,29,left_heel,0.5160010457038879,0.9330437779426575,0.04659203439950943,0.9386970400810242,0.9703702330589294
side_person17.mp4,side,117,3900,30.0,848,478,30,right_heel,0.5079132318496704,0.8969294428825378,0.27932873368263245,0.6522623896598816,0.991572380065918
side_person17.mp4,side,117,3900,30.0,848,478,31,left_foot_index,0.46159738302230835,0.9270161986351013,-0.030727840960025787,0.9294623732566833,0.9795238375663757
side_person17.mp4,side,117,3900,30.0,848,478,32,right_foot_index,0.46251657605171204,0.8989562392234802,0.2218727320432663,0.6652826070785522,0.9941744208335876
side_person17.mp4,side,118,3933,30.0,848,478,0,nose,0.46475303173065186,0.2009093016386032,-0.06589502841234207,0.9983526468276978,0.9984965324401855
side_person17.mp4,side,118,3933,30.0,848,478,1,left_eye_inner,0.4669932723045349,0.17930185794830322,-0.08789106458425522,0.9982563257217407,0.9982505440711975
side_person17.mp4,side,118,3933,30.0,848,478,2,left_eye,0.4683825969696045,0.17819811403751373,-0.0879448652267456,0.9982384443283081,0.9982410669326782
side_person17.mp4,side,118,3933,30.0,848,478,3,left_eye_outer,0.4699190557003021,0.17718055844306946,-0.08795313537120819,0.9986076951026917,0.9981374740600586
side_person17.mp4,side,118,3933,30.0,848,478,4,right_eye_inner,0.46675869822502136,0.17937707901000977,-0.05223650485277176,0.9979041814804077,0.9983323216438293
side_person17.mp4,side,118,3933,30.0,848,478,5,right_eye,0.46787962317466736,0.17825612425804138,-0.05220884829759598,0.9977377653121948,0.9983345866203308
side_person17.mp4,side,118,3933,30.0,848,478,6,right_eye_outer,0.46920329332351685,0.177068293094635,-0.052248455584049225,0.9985252022743225,0.9982978701591492
side_person17.mp4,side,118,3933,30.0,848,478,7,left_ear,0.484408438205719,0.1782643347978592,-0.1374579519033432,0.9973548054695129,0.9981537461280823
side_person17.mp4,side,118,3933,30.0,848,478,8,right_ear,0.48356685042381287,0.1775578260421753,0.022027457132935524,0.9974333643913269,0.9981605410575867
side_person17.mp4,side,118,3933,30.0,848,478,9,mouth_left,0.4718303084373474,0.21641024947166443,-0.0812055692076683,0.9978611469268799,0.9986749291419983
side_person17.mp4,side,118,3933,30.0,848,478,10,mouth_right,0.47139739990234375,0.2175251841545105,-0.03475034981966019,0.9966902732849121,0.9985669255256653
side_person17.mp4,side,118,3933,30.0,848,478,11,left_shoulder,0.507611095905304,0.2550818920135498,-0.22658078372478485,0.9995608925819397,0.9974446296691895
side_person17.mp4,side,118,3933,30.0,848,478,12,right_shoulder,0.5094854831695557,0.2682790160179138,0.14071063697338104,0.9980167150497437,0.9967664480209351
side_person17.mp4,side,118,3933,30.0,848,478,13,left_elbow,0.41815146803855896,0.28616419434547424,-0.3028610944747925,0.9904895424842834,0.9983654618263245
side_person17.mp4,side,118,3933,30.0,848,478,14,right_elbow,0.43724551796913147,0.30568253993988037,0.17539699375629425,0.4052923023700714,0.9989016056060791
side_person17.mp4,side,118,3933,30.0,848,478,15,left_wrist,0.3397538959980011,0.28270772099494934,-0.2655774652957916,0.9743862152099609,0.9960225820541382
side_person17.mp4,side,118,3933,30.0,848,478,16,right_wrist,0.36409425735473633,0.30422189831733704,0.08430735021829605,0.5105603337287903,0.99591064453125
side_person17.mp4,side,118,3933,30.0,848,478,17,left_pinky,0.32122716307640076,0.2788695693016052,-0.31091588735580444,0.9584566354751587,0.9953970313072205
side_person17.mp4,side,118,3933,30.0,848,478,18,right_pinky,0.35174068808555603,0.30210310220718384,0.08247707784175873,0.49398741126060486,0.995093584060669
side_person17.mp4,side,118,3933,30.0,848,478,19,left_index,0.3213043808937073,0.27417999505996704,-0.2836688458919525,0.9538328051567078,0.9954394698143005
side_person17.mp4,side,118,3933,30.0,848,478,20,right_index,0.3474079370498657,0.30219095945358276,0.04431072622537613,0.5155548453330994,0.9942704439163208
side_person17.mp4,side,118,3933,30.0,848,478,21,left_thumb,0.3273632228374481,0.27810150384902954,-0.256168395280838,0.9290921688079834,0.9956216216087341
side_person17.mp4,side,118,3933,30.0,848,478,22,right_thumb,0.3496207892894745,0.3030048608779907,0.06399345397949219,0.5380868911743164,0.9944725632667542
side_person17.mp4,side,118,3933,30.0,848,478,23,left_hip,0.5536244511604309,0.5147814154624939,-0.11283201724290848,0.9977034330368042,0.9976425766944885
side_person17.mp4,side,118,3933,30.0,848,478,24,right_hip,0.5400791764259338,0.514351487159729,0.11281170696020126,0.994636058807373,0.9966991543769836
side_person17.mp4,side,118,3933,30.0,848,478,25,left_knee,0.5146847367286682,0.7203368544578552,-0.0610484853386879,0.8987412452697754,0.9972643852233887
side_person17.mp4,side,118,3933,30.0,848,478,26,right_knee,0.49059590697288513,0.6887648701667786,0.1476753056049347,0.23296312987804413,0.9954923391342163
side_person17.mp4,side,118,3933,30.0,848,478,27,left_ankle,0.5059801936149597,0.8989744186401367,0.03790042921900749,0.946611225605011,0.9896077513694763
side_person17.mp4,side,118,3933,30.0,848,478,28,right_ankle,0.5008866786956787,0.8690032958984375,0.26327070593833923,0.45395180583000183,0.9962026476860046
side_person17.mp4,side,118,3933,30.0,848,478,29,left_heel,0.5155420899391174,0.9321566224098206,0.04304922744631767,0.936186671257019,0.9837592840194702
side_person17.mp4,side,118,3933,30.0,848,478,30,right_heel,0.507607102394104,0.898314893245697,0.27306053042411804,0.6535944938659668,0.9942359328269958
side_person17.mp4,side,118,3933,30.0,848,478,31,left_foot_index,0.46239274740219116,0.9271156787872314,-0.032932594418525696,0.9276105165481567,0.9870827198028564
side_person17.mp4,side,118,3933,30.0,848,478,32,right_foot_index,0.4625715911388397,0.901351273059845,0.21767452359199524,0.6651150584220886,0.9954679012298584
side_person17.mp4,side,119,3967,30.0,848,478,0,nose,0.46299365162849426,0.2134990394115448,-0.09278067946434021,0.9982849955558777,0.9983991980552673
side_person17.mp4,side,119,3967,30.0,848,478,1,left_eye_inner,0.46478649973869324,0.19222354888916016,-0.11435776948928833,0.9981785416603088,0.9982653260231018
side_person17.mp4,side,119,3967,30.0,848,478,2,left_eye,0.4661421477794647,0.1910681426525116,-0.1144147738814354,0.998176634311676,0.9982897639274597
side_person17.mp4,side,119,3967,30.0,848,478,3,left_eye_outer,0.4676620066165924,0.1899646818637848,-0.11443565785884857,0.9985671043395996,0.9982591271400452
side_person17.mp4,side,119,3967,30.0,848,478,4,right_eye_inner,0.464587539434433,0.19232000410556793,-0.0790841281414032,0.9977819323539734,0.9982553124427795
side_person17.mp4,side,119,3967,30.0,848,478,5,right_eye,0.46571922302246094,0.1911536306142807,-0.0790688619017601,0.9976276755332947,0.9982471466064453
side_person17.mp4,side,119,3967,30.0,848,478,6,right_eye_outer,0.4670597016811371,0.18990688025951385,-0.079102523624897,0.998445451259613,0.9981974959373474
side_person17.mp4,side,119,3967,30.0,848,478,7,left_ear,0.48196011781692505,0.18973243236541748,-0.16274867951869965,0.9972726702690125,0.9983673691749573
side_person17.mp4,side,119,3967,30.0,848,478,8,right_ear,0.4812133014202118,0.18921424448490143,-0.0052857776172459126,0.9973419904708862,0.9981343150138855
side_person17.mp4,side,119,3967,30.0,848,478,9,mouth_left,0.47023412585258484,0.22812975943088531,-0.1075555607676506,0.9978108406066895,0.9988804459571838
side_person17.mp4,side,119,3967,30.0,848,478,10,mouth_right,0.4698599576950073,0.22918233275413513,-0.061510536819696426,0.9965077638626099,0.9987289309501648
side_person17.mp4,side,119,3967,30.0,848,478,11,left_shoulder,0.506986141204834,0.2663627862930298,-0.24828511476516724,0.999557614326477,0.9982981085777283
side_person17.mp4,side,119,3967,30.0,848,478,12,right_shoulder,0.5081818699836731,0.2779600918292999,0.11326537281274796,0.9979209303855896,0.9977611303329468
side_person17.mp4,side,119,3967,30.0,848,478,13,left_elbow,0.41818928718566895,0.2991316616535187,-0.320240318775177,0.990302324295044,0.9988473653793335
side_person17.mp4,side,119,3967,30.0,848,478,14,right_elbow,0.43560221791267395,0.31324368715286255,0.14681486785411835,0.3999844193458557,0.9991887211799622
side_person17.mp4,side,119,3967,30.0,848,478,15,left_wrist,0.3390059471130371,0.29170307517051697,-0.2911777198314667,0.9744446873664856,0.9970179796218872
side_person17.mp4,side,119,3967,30.0,848,478,16,right_wrist,0.3639872670173645,0.3129311501979828,0.05539555847644806,0.4995400607585907,0.9970436692237854
side_person17.mp4,side,119,3967,30.0,848,478,17,left_pinky,0.32143884897232056,0.291751891374588,-0.3393988013267517,0.9587892293930054,0.9964057207107544
side_person17.mp4,side,119,3967,30.0,848,478,18,right_pinky,0.3502168357372284,0.3124527633190155,0.05196911096572876,0.48589691519737244,0.996411144733429
side_person17.mp4,side,119,3967,30.0,848,478,19,left_index,0.32151690125465393,0.2854667007923126,-0.3129037022590637,0.9542117118835449,0.9964307546615601
side_person17.mp4,side,119,3967,30.0,848,478,20,right_index,0.34706181287765503,0.3100925087928772,0.013064241968095303,0.5070654153823853,0.9957194924354553
side_person17.mp4,side,119,3967,30.0,848,478,21,left_thumb,0.32764801383018494,0.2887071967124939,-0.28243735432624817,0.9294196367263794,0.9965993762016296
side_person17.mp4,side,119,3967,30.0,848,478,22,right_thumb,0.3495718538761139,0.3115587532520294,0.03475284203886986,0.5298567414283752,0.9959368705749512
side_person17.mp4,side,119,3967,30.0,848,478,23,left_hip,0.5565971732139587,0.5217079520225525,-0.11230022460222244,0.997774600982666,0.9986373782157898
side_person17.mp4,side,119,3967,30.0,848,478,24,right_hip,0.5410282015800476,0.5207893252372742,0.1122855618596077,0.994729220867157,0.9979385733604431
side_person17.mp4,side,119,3967,30.0,848,478,25,left_knee,0.5146446824073792,0.7254768013954163,-0.061056412756443024,0.9004729390144348,0.9984229803085327
side_person17.mp4,side,119,3967,30.0,848,478,26,right_knee,0.4868070185184479,0.6885887980461121,0.15546691417694092,0.2421521246433258,0.9965818524360657
side_person17.mp4,side,119,3967,30.0,848,478,27,left_ankle,0.5060473084449768,0.9016650319099426,0.04045455902814865,0.946853518486023,0.9926056861877441
side_person17.mp4,side,119,3967,30.0,848,478,28,right_ankle,0.49982866644859314,0.8691853284835815,0.2707470953464508,0.4573706388473511,0.9975020289421082
side_person17.mp4,side,119,3967,30.0,848,478,29,left_heel,0.5154982805252075,0.9315108060836792,0.04640251398086548,0.9347902536392212,0.9880837798118591
side_person17.mp4,side,119,3967,30.0,848,478,30,right_heel,0.5078105330467224,0.8969482183456421,0.28428947925567627,0.6534166932106018,0.9963711500167847
side_person17.mp4,side,119,3967,30.0,848,478,31,left_foot_index,0.461607962846756,0.9273563027381897,-0.025683315470814705,0.9270653128623962,0.9900972843170166
side_person17.mp4,side,119,3967,30.0,848,478,32,right_foot_index,0.46237874031066895,0.8994144201278687,0.24172815680503845,0.6646302342414856,0.9971389770507812
side_person17.mp4,side,120,4000,30.0,848,478,0,nose,0.4617103338241577,0.22601991891860962,-0.08774718642234802,0.9982834458351135,0.9979787468910217
side_person17.mp4,side,120,4000,30.0,848,478,1,left_eye_inner,0.46336156129837036,0.2053227573633194,-0.1083543598651886,0.9981595277786255,0.9977007508277893
side_person17.mp4,side,120,4000,30.0,848,478,2,left_eye,0.4646141827106476,0.20410864055156708,-0.10842315107584,0.9981656074523926,0.9976724982261658
side_person17.mp4,side,120,4000,30.0,848,478,3,left_eye_outer,0.4660002887248993,0.20291630923748016,-0.10846731066703796,0.9985694885253906,0.9975542426109314
side_person17.mp4,side,120,4000,30.0,848,478,4,right_eye_inner,0.46325480937957764,0.2053527683019638,-0.07532397657632828,0.997765302658081,0.997832715511322
side_person17.mp4,side,120,4000,30.0,848,478,5,right_eye,0.46436044573783875,0.2041219025850296,-0.0753256231546402,0.9976135492324829,0.9978476762771606
side_person17.mp4,side,120,4000,30.0,848,478,6,right_eye_outer,0.4656376242637634,0.2027861624956131,-0.07538136094808578,0.9984327554702759,0.9978188276290894
side_person17.mp4,side,120,4000,30.0,848,478,7,left_ear,0.4798084795475006,0.20238550007343292,-0.1551419198513031,0.9972561597824097,0.9974598288536072
side_person17.mp4,side,120,4000,30.0,848,478,8,right_ear,0.4791296124458313,0.2017156183719635,-0.0014321457128971815,0.9973584413528442,0.997668445110321
side_person17.mp4,side,120,4000,30.0,848,478,9,mouth_left,0.46892428398132324,0.24040623009204865,-0.10250554978847504,0.9977953433990479,0.9981222748756409
side_person17.mp4,side,120,4000,30.0,848,478,10,mouth_right,0.4686138927936554,0.2416035234928131,-0.05983509123325348,0.9964180588722229,0.997988224029541
side_person17.mp4,side,120,4000,30.0,848,478,11,left_shoulder,0.5052283406257629,0.2766032814979553,-0.2367091327905655,0.999524712562561,0.9961942434310913
side_person17.mp4,side,120,4000,30.0,848,478,12,right_shoulder,0.5067066550254822,0.2868453860282898,0.12298031896352768,0.9977719187736511,0.9962561130523682
side_person17.mp4,side,120,4000,30.0,848,478,13,left_elbow,0.4174738824367523,0.3104366064071655,-0.3083967864513397,0.9899716377258301,0.9980930685997009
side_person17.mp4,side,120,4000,30.0,848,478,14,right_elbow,0.4346654415130615,0.32135552167892456,0.15746045112609863,0.39446359872817993,0.998931348323822
side_person17.mp4,side,120,4000,30.0,848,478,15,left_wrist,0.33823448419570923,0.301383912563324,-0.274217814207077,0.974388837814331,0.9955095052719116
side_person17.mp4,side,120,4000,30.0,848,478,16,right_wrist,0.3637881875038147,0.31953129172325134,0.06577181816101074,0.4890706241130829,0.9958770275115967
side_person17.mp4,side,120,4000,30.0,848,478,17,left_pinky,0.3212299048900604,0.30181974172592163,-0.3194066882133484,0.9588976502418518,0.994598388671875
side_person17.mp4,side,120,4000,30.0,848,478,18,right_pinky,0.3489589989185333,0.31906619668006897,0.06368249654769897,0.47676318883895874,0.9948312640190125
side_person17.mp4,side,120,4000,30.0,848,478,19,left_index,0.3213319480419159,0.29663559794425964,-0.29426199197769165,0.954321563243866,0.9946420192718506
side_person17.mp4,side,120,4000,30.0,848,478,20,right_index,0.3469844460487366,0.31798407435417175,0.022959521040320396,0.49759596586227417,0.9938787817955017
side_person17.mp4,side,120,4000,30.0,848,478,21,left_thumb,0.3275768458843231,0.29931139945983887,-0.26590418815612793,0.9295039772987366,0.9948984980583191
side_person17.mp4,side,120,4000,30.0,848,478,22,right_thumb,0.3491514027118683,0.3181680142879486,0.044598378241062164,0.5208339095115662,0.9942840933799744
side_person17.mp4,side,120,4000,30.0,848,478,23,left_hip,0.5583401918411255,0.5301401019096375,-0.11034050583839417,0.9977920055389404,0.9975942969322205
side_person17.mp4,side,120,4000,30.0,848,478,24,right_hip,0.5419476628303528,0.5290504693984985,0.1103445515036583,0.9948396682739258,0.9972137808799744
side_person17.mp4,side,120,4000,30.0,848,478,25,left_knee,0.5110018849372864,0.7278494238853455,-0.06628849357366562,0.9046579003334045,0.9970746040344238
side_person17.mp4,side,120,4000,30.0,848,478,26,right_knee,0.4853092432022095,0.6919100880622864,0.13031627237796783,0.2669100761413574,0.995598554611206
side_person17.mp4,side,120,4000,30.0,848,478,27,left_ankle,0.5056924819946289,0.9024674296379089,0.03115694969892502,0.9480328559875488,0.9870964288711548
side_person17.mp4,side,120,4000,30.0,848,478,28,right_ankle,0.49813786149024963,0.8693418502807617,0.24369089305400848,0.47133153676986694,0.9966134428977966
side_person17.mp4,side,120,4000,30.0,848,478,29,left_heel,0.5149307250976562,0.9299574494361877,0.0373738631606102,0.9341093897819519,0.9805986881256104
side_person17.mp4,side,120,4000,30.0,848,478,30,right_heel,0.507745623588562,0.8966861367225647,0.25404441356658936,0.6593325138092041,0.9948450326919556
side_person17.mp4,side,120,4000,30.0,848,478,31,left_foot_index,0.46111953258514404,0.9280333518981934,-0.02771547995507717,0.9276451468467712,0.9834468364715576
side_person17.mp4,side,120,4000,30.0,848,478,32,right_foot_index,0.4612438678741455,0.9019518494606018,0.20738472044467926,0.6685621738433838,0.9950566291809082
side_person17.mp4,side,121,4033,30.0,848,478,0,nose,0.4599379003047943,0.23704761266708374,-0.08141837269067764,0.998228907585144,0.9964165687561035
side_person17.mp4,side,121,4033,30.0,848,478,1,left_eye_inner,0.46180927753448486,0.2165997326374054,-0.1029512956738472,0.9980847239494324,0.9963118433952332
side_person17.mp4,side,121,4033,30.0,848,478,2,left_eye,0.4630443751811981,0.21533319354057312,-0.10301235318183899,0.9980999231338501,0.9962949156761169
side_person17.mp4,side,121,4033,30.0,848,478,3,left_eye_outer,0.4643707573413849,0.2140841782093048,-0.10303793102502823,0.9985389709472656,0.9961821436882019
side_person17.mp4,side,121,4033,30.0,848,478,4,right_eye_inner,0.4617269039154053,0.21653267741203308,-0.06835398823022842,0.9976860880851746,0.9964512586593628
side_person17.mp4,side,121,4033,30.0,848,478,5,right_eye,0.4628330171108246,0.2152365893125534,-0.06834889948368073,0.997530460357666,0.9965192079544067
side_person17.mp4,side,121,4033,30.0,848,478,6,right_eye_outer,0.46407437324523926,0.21383167803287506,-0.06839627027511597,0.998370349407196,0.9965100884437561
side_person17.mp4,side,121,4033,30.0,848,478,7,left_ear,0.4778939485549927,0.21364206075668335,-0.15237055718898773,0.9971636533737183,0.9960874319076538
side_person17.mp4,side,121,4033,30.0,848,478,8,right_ear,0.4772399663925171,0.2127646952867508,0.004946524742990732,0.9972931742668152,0.996589183807373
side_person17.mp4,side,121,4033,30.0,848,478,9,mouth_left,0.46722570061683655,0.25095829367637634,-0.0966227725148201,0.9976847767829895,0.9967531561851501
side_person17.mp4,side,121,4033,30.0,848,478,10,mouth_right,0.4669087827205658,0.2520281672477722,-0.051703087985515594,0.9961428642272949,0.9965969920158386
side_person17.mp4,side,121,4033,30.0,848,478,11,left_shoulder,0.5029794573783875,0.2898569405078888,-0.23780745267868042,0.9994540214538574,0.9936202168464661
side_person17.mp4,side,121,4033,30.0,848,478,12,right_shoulder,0.5050135254859924,0.2957378029823303,0.12445329874753952,0.9975273013114929,0.9953569769859314
side_person17.mp4,side,121,4033,30.0,848,478,13,left_elbow,0.4166254699230194,0.32322457432746887,-0.30785679817199707,0.989150881767273,0.9974610805511475
side_person17.mp4,side,121,4033,30.0,848,478,14,right_elbow,0.43359798192977905,0.32843920588493347,0.1604336053133011,0.3796474039554596,0.998712420463562
side_person17.mp4,side,121,4033,30.0,848,478,15,left_wrist,0.3375431001186371,0.31454282999038696,-0.25988584756851196,0.9736216068267822,0.9933245778083801
side_person17.mp4,side,121,4033,30.0,848,478,16,right_wrist,0.362201064825058,0.3266970217227936,0.0692765861749649,0.4689615070819855,0.9938323497772217
side_person17.mp4,side,121,4033,30.0,848,478,17,left_pinky,0.32074907422065735,0.31528833508491516,-0.3022116422653198,0.9582498669624329,0.9920679330825806
side_person17.mp4,side,121,4033,30.0,848,478,18,right_pinky,0.3490356206893921,0.3250427544116974,0.0672731101512909,0.4588935673236847,0.9922788143157959
side_person17.mp4,side,121,4033,30.0,848,478,19,left_index,0.3205532133579254,0.3075055181980133,-0.2790330946445465,0.9536674618721008,0.9918232560157776
side_person17.mp4,side,121,4033,30.0,848,478,20,right_index,0.3485427796840668,0.3275085687637329,0.033450447022914886,0.47905033826828003,0.9907269477844238
side_person17.mp4,side,121,4033,30.0,848,478,21,left_thumb,0.32676395773887634,0.3099081814289093,-0.251884788274765,0.9284244775772095,0.9922106266021729
side_person17.mp4,side,121,4033,30.0,848,478,22,right_thumb,0.3456617295742035,0.323154091835022,0.050806377083063126,0.5026192665100098,0.9913694262504578
side_person17.mp4,side,121,4033,30.0,848,478,23,left_hip,0.560280978679657,0.5406872034072876,-0.10987740755081177,0.9978265762329102,0.9979411959648132
side_person17.mp4,side,121,4033,30.0,848,478,24,right_hip,0.5429137349128723,0.5374106168746948,0.10988318175077438,0.9950090646743774,0.9979652166366577
side_person17.mp4,side,121,4033,30.0,848,478,25,left_knee,0.5095885396003723,0.7328833341598511,-0.06915389001369476,0.9086026549339294,0.9969654679298401
side_person17.mp4,side,121,4033,30.0,848,478,26,right_knee,0.4819396734237671,0.6915622353553772,0.12882600724697113,0.2935655117034912,0.9964693784713745
side_person17.mp4,side,121,4033,30.0,848,478,27,left_ankle,0.5058901906013489,0.9037609696388245,0.030724557116627693,0.9489666819572449,0.987829327583313
side_person17.mp4,side,121,4033,30.0,848,478,28,right_ankle,0.4964859187602997,0.8699234127998352,0.247258260846138,0.48798704147338867,0.9974861145019531
side_person17.mp4,side,121,4033,30.0,848,478,29,left_heel,0.5149431824684143,0.928921103477478,0.037250179797410965,0.9327500462532043,0.9827331304550171
side_person17.mp4,side,121,4033,30.0,848,478,30,right_heel,0.5074722766876221,0.8964115977287292,0.2580791115760803,0.6671527624130249,0.9962714910507202
side_person17.mp4,side,121,4033,30.0,848,478,31,left_foot_index,0.46110111474990845,0.9285262227058411,-0.02696906588971615,0.9282639622688293,0.9851437211036682
side_person17.mp4,side,121,4033,30.0,848,478,32,right_foot_index,0.4610694646835327,0.9014793038368225,0.21581575274467468,0.6749808192253113,0.9959496259689331
side_person17.mp4,side,122,4067,30.0,848,478,0,nose,0.4586215615272522,0.24922776222229004,-0.08875607699155807,0.9981590509414673,0.9943619966506958
side_person17.mp4,side,122,4067,30.0,848,478,1,left_eye_inner,0.4600980579853058,0.22913582623004913,-0.11063185334205627,0.99800705909729,0.9940850734710693
side_person17.mp4,side,122,4067,30.0,848,478,2,left_eye,0.46127748489379883,0.22785644233226776,-0.11068052053451538,0.9980277419090271,0.9941001534461975
side_person17.mp4,side,122,4067,30.0,848,478,3,left_eye_outer,0.46258315443992615,0.22650474309921265,-0.11070485413074493,0.9984989166259766,0.9940311312675476
side_person17.mp4,side,122,4067,30.0,848,478,4,right_eye_inner,0.46006396412849426,0.2289333939552307,-0.07582852244377136,0.99759840965271,0.9941527247428894
side_person17.mp4,side,122,4067,30.0,848,478,5,right_eye,0.46116459369659424,0.2275313287973404,-0.07584124058485031,0.9974371790885925,0.994217038154602
side_person17.mp4,side,122,4067,30.0,848,478,6,right_eye_outer,0.4624444544315338,0.22594882547855377,-0.07588746398687363,0.9982960820198059,0.9941512942314148
side_person17.mp4,side,122,4067,30.0,848,478,7,left_ear,0.475685179233551,0.2254481464624405,-0.15953472256660461,0.9970157742500305,0.9937909245491028
side_person17.mp4,side,122,4067,30.0,848,478,8,right_ear,0.4753355085849762,0.22441871464252472,-0.004591451026499271,0.9971940517425537,0.9942295551300049
side_person17.mp4,side,122,4067,30.0,848,478,9,mouth_left,0.46603482961654663,0.2621235251426697,-0.1035875454545021,0.9974585175514221,0.9946436882019043
side_person17.mp4,side,122,4067,30.0,848,478,10,mouth_right,0.4658149182796478,0.2629101574420929,-0.05852631479501724,0.9957584142684937,0.9941652417182922
side_person17.mp4,side,122,4067,30.0,848,478,11,left_shoulder,0.5014188885688782,0.3018764853477478,-0.24431058764457703,0.9993159770965576,0.9910746216773987
side_person17.mp4,side,122,4067,30.0,848,478,12,right_shoulder,0.5042704343795776,0.30572035908699036,0.1109410971403122,0.9971863031387329,0.9926839470863342
side_person17.mp4,side,122,4067,30.0,848,478,13,left_elbow,0.4163232743740082,0.3382183313369751,-0.3074577748775482,0.9882825016975403,0.996772825717926
side_person17.mp4,side,122,4067,30.0,848,478,14,right_elbow,0.4326261579990387,0.34086576104164124,0.13887017965316772,0.3660827577114105,0.9981977343559265
side_person17.mp4,side,122,4067,30.0,848,478,15,left_wrist,0.3372657001018524,0.3280535936355591,-0.26269543170928955,0.9735303521156311,0.9902325868606567
side_person17.mp4,side,122,4067,30.0,848,478,16,right_wrist,0.3623239994049072,0.355965256690979,0.058313366025686264,0.4492085576057434,0.9893771409988403
side_person17.mp4,side,122,4067,30.0,848,478,17,left_pinky,0.31892260909080505,0.3245318531990051,-0.3059609830379486,0.958633303642273,0.9868677854537964
side_person17.mp4,side,122,4067,30.0,848,478,18,right_pinky,0.3491665720939636,0.3382733464241028,0.05579002946615219,0.44166794419288635,0.9861272573471069
side_person17.mp4,side,122,4067,30.0,848,478,19,left_index,0.31928032636642456,0.3166896402835846,-0.2823992967605591,0.9541610479354858,0.9865254163742065
side_person17.mp4,side,122,4067,30.0,848,478,20,right_index,0.3485950529575348,0.33700278401374817,0.022086752578616142,0.4608705937862396,0.9832524061203003
side_person17.mp4,side,122,4067,30.0,848,478,21,left_thumb,0.32549840211868286,0.31977134943008423,-0.25460284948349,0.9291500449180603,0.9876355528831482
side_person17.mp4,side,122,4067,30.0,848,478,22,right_thumb,0.3466271758079529,0.3453513979911804,0.03989496827125549,0.4846734404563904,0.984606921672821
side_person17.mp4,side,122,4067,30.0,848,478,23,left_hip,0.561678409576416,0.5478363633155823,-0.10889959335327148,0.9977300763130188,0.997153639793396
side_person17.mp4,side,122,4067,30.0,848,478,24,right_hip,0.5449674129486084,0.5448823571205139,0.10892301797866821,0.9950138926506042,0.9974021911621094
side_person17.mp4,side,122,4067,30.0,848,478,25,left_knee,0.5048472285270691,0.7353304028511047,-0.06875301152467728,0.9103601574897766,0.9927212595939636
side_person17.mp4,side,122,4067,30.0,848,478,26,right_knee,0.48117271065711975,0.6923719644546509,0.12676341831684113,0.30599209666252136,0.9932827949523926
side_person17.mp4,side,122,4067,30.0,848,478,27,left_ankle,0.5055186748504639,0.9060303568840027,0.03477920591831207,0.9471059441566467,0.9814645648002625
side_person17.mp4,side,122,4067,30.0,848,478,28,right_ankle,0.49674099683761597,0.8742852210998535,0.24836845695972443,0.4917643368244171,0.9951251149177551
side_person17.mp4,side,122,4067,30.0,848,478,29,left_heel,0.5145538449287415,0.9292178750038147,0.04286465421319008,0.930738091468811,0.9763137698173523
side_person17.mp4,side,122,4067,30.0,848,478,30,right_heel,0.5075041055679321,0.9035370349884033,0.2595766484737396,0.6659210324287415,0.9930092096328735
side_person17.mp4,side,122,4067,30.0,848,478,31,left_foot_index,0.46106046438217163,0.9286107420921326,-0.010410548187792301,0.9254767894744873,0.9801393747329712
side_person17.mp4,side,122,4067,30.0,848,478,32,right_foot_index,0.4612797498703003,0.9021125435829163,0.2189321666955948,0.6702978014945984,0.9933068156242371
side_person17.mp4,side,123,4100,30.0,848,478,0,nose,0.45752981305122375,0.26200801134109497,-0.06227346509695053,0.9980888366699219,0.994640052318573
side_person17.mp4,side,123,4100,30.0,848,478,1,left_eye_inner,0.45876583456993103,0.24204565584659576,-0.08430983126163483,0.9979701638221741,0.9945726990699768
side_person17.mp4,side,123,4100,30.0,848,478,2,left_eye,0.4598800241947174,0.24088436365127563,-0.08436604589223862,0.9979970455169678,0.9947218894958496
side_person17.mp4,side,123,4100,30.0,848,478,3,left_eye_outer,0.46114248037338257,0.23966668546199799,-0.08440291881561279,0.9984959959983826,0.9947168231010437
side_person17.mp4,side,123,4100,30.0,848,478,4,right_eye_inner,0.45875588059425354,0.24176226556301117,-0.049917347729206085,0.9975681900978088,0.9942699670791626
side_person17.mp4,side,123,4100,30.0,848,478,5,right_eye,0.4598306119441986,0.24038824439048767,-0.04992910474538803,0.9973992705345154,0.9942263960838318
side_person17.mp4,side,123,4100,30.0,848,478,6,right_eye_outer,0.461049884557724,0.23891915380954742,-0.049972690641880035,0.9982637763023376,0.9940599799156189
side_person17.mp4,side,123,4100,30.0,848,478,7,left_ear,0.4739244282245636,0.23877185583114624,-0.13634741306304932,0.9969349503517151,0.9944919347763062
side_person17.mp4,side,123,4100,30.0,848,478,8,right_ear,0.47390803694725037,0.23747709393501282,0.014815828762948513,0.9971620440483093,0.9937928915023804
side_person17.mp4,side,123,4100,30.0,848,478,9,mouth_left,0.46480903029441833,0.27483034133911133,-0.07830603420734406,0.9972596764564514,0.994905948638916
side_person17.mp4,side,123,4100,30.0,848,478,10,mouth_right,0.4646199345588684,0.2755132019519806,-0.034069862216711044,0.9954554438591003,0.9942300319671631
side_person17.mp4,side,123,4100,30.0,848,478,11,left_shoulder,0.4980887174606323,0.3161288797855377,-0.2218787670135498,0.9992181658744812,0.9918069243431091
side_person17.mp4,side,123,4100,30.0,848,478,12,right_shoulder,0.5036182999610901,0.31738853454589844,0.12497805804014206,0.9968993067741394,0.9916375279426575
side_person17.mp4,side,123,4100,30.0,848,478,13,left_elbow,0.41611233353614807,0.3531297743320465,-0.2707626521587372,0.9877389073371887,0.9976732134819031
side_person17.mp4,side,123,4100,30.0,848,478,14,right_elbow,0.43326276540756226,0.35536909103393555,0.16249413788318634,0.34869590401649475,0.9979661703109741
side_person17.mp4,side,123,4100,30.0,848,478,15,left_wrist,0.3366047739982605,0.3411072790622711,-0.21145585179328918,0.9740367531776428,0.9935560822486877
side_person17.mp4,side,123,4100,30.0,848,478,16,right_wrist,0.36825186014175415,0.3757781982421875,0.09679216891527176,0.42865774035453796,0.9912875294685364
side_person17.mp4,side,123,4100,30.0,848,478,17,left_pinky,0.3174956440925598,0.3370763659477234,-0.2512144148349762,0.9597747325897217,0.9909821152687073
side_person17.mp4,side,123,4100,30.0,848,478,18,right_pinky,0.36034244298934937,0.3476172089576721,0.09702915698289871,0.42424243688583374,0.9891000390052795
side_person17.mp4,side,123,4100,30.0,848,478,19,left_index,0.31727704405784607,0.32912012934684753,-0.2297513484954834,0.9554739594459534,0.9907715320587158
side_person17.mp4,side,123,4100,30.0,848,478,20,right_index,0.35534414649009705,0.35194623470306396,0.06515428423881531,0.44253185391426086,0.9876078963279724
side_person17.mp4,side,123,4100,30.0,848,478,21,left_thumb,0.32382509112358093,0.3326197564601898,-0.2035042941570282,0.9311025142669678,0.9918861389160156
side_person17.mp4,side,123,4100,30.0,848,478,22,right_thumb,0.35578662157058716,0.3629051148891449,0.07985846698284149,0.46613994240760803,0.9886337518692017
side_person17.mp4,side,123,4100,30.0,848,478,23,left_hip,0.5610888004302979,0.5580236315727234,-0.10704606771469116,0.9977242946624756,0.9974837303161621
side_person17.mp4,side,123,4100,30.0,848,478,24,right_hip,0.5473139882087708,0.5515758395195007,0.10710251331329346,0.9950732588768005,0.9972876310348511
side_person17.mp4,side,123,4100,30.0,848,478,25,left_knee,0.4979865252971649,0.7370837926864624,-0.06830602139234543,0.912510097026825,0.9939491748809814
side_person17.mp4,side,123,4100,30.0,848,478,26,right_knee,0.48214247822761536,0.6952496767044067,0.12723107635974884,0.31537768244743347,0.9937259554862976
side_person17.mp4,side,123,4100,30.0,848,478,27,left_ankle,0.5044575929641724,0.9073213934898376,0.03360317274928093,0.9460198879241943,0.987956702709198
side_person17.mp4,side,123,4100,30.0,848,478,28,right_ankle,0.49771174788475037,0.8775695562362671,0.2366127222776413,0.49582162499427795,0.9954848289489746
side_person17.mp4,side,123,4100,30.0,848,478,29,left_heel,0.5136891007423401,0.9311425685882568,0.042729057371616364,0.9313275218009949,0.9846895933151245
side_person17.mp4,side,123,4100,30.0,848,478,30,right_heel,0.5083875060081482,0.9069356322288513,0.24676644802093506,0.665992796421051,0.9937698245048523
side_person17.mp4,side,123,4100,30.0,848,478,31,left_foot_index,0.4603319466114044,0.9285188913345337,-0.006783677265048027,0.9238868951797485,0.9869527816772461
side_person17.mp4,side,123,4100,30.0,848,478,32,right_foot_index,0.4621332287788391,0.9035881757736206,0.21276897192001343,0.6670041084289551,0.9944633841514587
side_person17.mp4,side,124,4133,30.0,848,478,0,nose,0.4559019207954407,0.2745198905467987,-0.06738509982824326,0.9980840086936951,0.9942751526832581
side_person17.mp4,side,124,4133,30.0,848,478,1,left_eye_inner,0.4568735659122467,0.2546931505203247,-0.08938018232584,0.9979520440101624,0.9942331910133362
side_person17.mp4,side,124,4133,30.0,848,478,2,left_eye,0.45793986320495605,0.25356221199035645,-0.08942987024784088,0.9979841709136963,0.9943059086799622
side_person17.mp4,side,124,4133,30.0,848,478,3,left_eye_outer,0.4590839743614197,0.2524411380290985,-0.08947606384754181,0.9984990954399109,0.9943089485168457
side_person17.mp4,side,124,4133,30.0,848,478,4,right_eye_inner,0.4568299651145935,0.25437119603157043,-0.0554509311914444,0.9975475668907166,0.9941188097000122
side_person17.mp4,side,124,4133,30.0,848,478,5,right_eye,0.45783352851867676,0.25308603048324585,-0.05547459051012993,0.9973759651184082,0.9940881729125977
side_person17.mp4,side,124,4133,30.0,848,478,6,right_eye_outer,0.458984375,0.2516934275627136,-0.055516064167022705,0.9982395172119141,0.9939723610877991
side_person17.mp4,side,124,4133,30.0,848,478,7,left_ear,0.47175949811935425,0.25155389308929443,-0.140659362077713,0.9968791007995605,0.9940284490585327
side_person17.mp4,side,124,4133,30.0,848,478,8,right_ear,0.4717453420162201,0.250410795211792,0.009716331958770752,0.9971468448638916,0.9937965869903564
side_person17.mp4,side,124,4133,30.0,848,478,9,mouth_left,0.4631636142730713,0.287628710269928,-0.08318397402763367,0.9971193671226501,0.9940862655639648
side_person17.mp4,side,124,4133,30.0,848,478,10,mouth_right,0.4629991054534912,0.28823864459991455,-0.03944280371069908,0.9952041506767273,0.9932733774185181
side_person17.mp4,side,124,4133,30.0,848,478,11,left_shoulder,0.49671053886413574,0.3261680006980896,-0.22401361167430878,0.9991245865821838,0.9902445077896118
side_person17.mp4,side,124,4133,30.0,848,478,12,right_shoulder,0.5019239783287048,0.32912543416023254,0.12087012082338333,0.9966226816177368,0.9912575483322144
side_person17.mp4,side,124,4133,30.0,848,478,13,left_elbow,0.41589030623435974,0.3642418384552002,-0.28079989552497864,0.9870800375938416,0.9966219663619995
side_person17.mp4,side,124,4133,30.0,848,478,14,right_elbow,0.43050169944763184,0.36727988719940186,0.1519349068403244,0.3321644365787506,0.997734785079956
side_person17.mp4,side,124,4133,30.0,848,478,15,left_wrist,0.3355225920677185,0.3528532385826111,-0.23291416466236115,0.9742656350135803,0.989661455154419
side_person17.mp4,side,124,4133,30.0,848,478,16,right_wrist,0.3682125508785248,0.38315269351005554,0.0855974555015564,0.40822428464889526,0.9853742122650146
side_person17.mp4,side,124,4133,30.0,848,478,17,left_pinky,0.3147255778312683,0.3474941849708557,-0.27436500787734985,0.9605379700660706,0.9855701923370361
side_person17.mp4,side,124,4133,30.0,848,478,18,right_pinky,0.3599840998649597,0.360440731048584,0.08423589915037155,0.40596437454223633,0.9812511205673218
side_person17.mp4,side,124,4133,30.0,848,478,19,left_index,0.3145039677619934,0.34085631370544434,-0.2518436014652252,0.9563864469528198,0.9850813746452332
side_person17.mp4,side,124,4133,30.0,848,478,20,right_index,0.3551037013530731,0.3592863976955414,0.05701994523406029,0.4232533872127533,0.9779861569404602
side_person17.mp4,side,124,4133,30.0,848,478,21,left_thumb,0.3216949701309204,0.3450741767883301,-0.2248384952545166,0.932436466217041,0.9865569472312927
side_person17.mp4,side,124,4133,30.0,848,478,22,right_thumb,0.35542768239974976,0.37077194452285767,0.06996382772922516,0.4468722939491272,0.9796029925346375
side_person17.mp4,side,124,4133,30.0,848,478,23,left_hip,0.5633249282836914,0.5650662779808044,-0.10656306147575378,0.9977779984474182,0.9982203841209412
side_person17.mp4,side,124,4133,30.0,848,478,24,right_hip,0.5486936569213867,0.557992160320282,0.10662508010864258,0.9952961206436157,0.9985008239746094
side_person17.mp4,side,124,4133,30.0,848,478,25,left_knee,0.49348121881484985,0.7380657196044922,-0.06936204433441162,0.9163416028022766,0.9940167665481567
side_person17.mp4,side,124,4133,30.0,848,478,26,right_knee,0.4789511263370514,0.6947231888771057,0.11957204341888428,0.3336571156978607,0.9947236776351929
side_person17.mp4,side,124,4133,30.0,848,478,27,left_ankle,0.5044471621513367,0.90650475025177,0.03870072960853577,0.9460236430168152,0.9867014288902283
side_person17.mp4,side,124,4133,30.0,848,478,28,right_ankle,0.4979376196861267,0.8765919804573059,0.23971784114837646,0.5054135918617249,0.9961883425712585
side_person17.mp4,side,124,4133,30.0,848,478,29,left_heel,0.5137902498245239,0.9311081171035767,0.04931831359863281,0.930936872959137,0.9842733144760132
side_person17.mp4,side,124,4133,30.0,848,478,30,right_heel,0.5083723068237305,0.9059727787971497,0.25100722908973694,0.6679286360740662,0.9947249293327332
side_person17.mp4,side,124,4133,30.0,848,478,31,left_foot_index,0.46116364002227783,0.9285271167755127,0.013910927809774876,0.9234383702278137,0.9849979281425476
side_person17.mp4,side,124,4133,30.0,848,478,32,right_foot_index,0.46216097474098206,0.9066354632377625,0.21554194390773773,0.665690004825592,0.9936445951461792
side_person17.mp4,side,125,4167,30.0,848,478,0,nose,0.45413583517074585,0.28856998682022095,-0.0680130273103714,0.998088538646698,0.9927454590797424
side_person17.mp4,side,125,4167,30.0,848,478,1,left_eye_inner,0.45464232563972473,0.2685071527957916,-0.0897776260972023,0.9979428052902222,0.9925823211669922
side_person17.mp4,side,125,4167,30.0,848,478,2,left_eye,0.4557279050350189,0.26724687218666077,-0.08982321619987488,0.9979757070541382,0.9926344752311707
side_person17.mp4,side,125,4167,30.0,848,478,3,left_eye_outer,0.45685720443725586,0.26595938205718994,-0.08987841755151749,0.998501181602478,0.9925734996795654
side_person17.mp4,side,125,4167,30.0,848,478,4,right_eye_inner,0.45463529229164124,0.2682490646839142,-0.056363675743341446,0.9975282549858093,0.9925171136856079
side_person17.mp4,side,125,4167,30.0,848,478,5,right_eye,0.4557068645954132,0.2668321430683136,-0.056391775608062744,0.9973552227020264,0.9924543499946594
side_person17.mp4,side,125,4167,30.0,848,478,6,right_eye_outer,0.456887811422348,0.2652907371520996,-0.0564301460981369,0.9982162714004517,0.9922351241111755
side_person17.mp4,side,125,4167,30.0,848,478,7,left_ear,0.46915796399116516,0.26436543464660645,-0.14085577428340912,0.9968216419219971,0.9920861124992371
side_person17.mp4,side,125,4167,30.0,848,478,8,right_ear,0.4695068299770355,0.26302939653396606,0.008490340784192085,0.9971375465393066,0.9915566444396973
side_person17.mp4,side,125,4167,30.0,848,478,9,mouth_left,0.4615356922149658,0.30090412497520447,-0.08391481637954712,0.9969732165336609,0.9915727376937866
side_person17.mp4,side,125,4167,30.0,848,478,10,mouth_right,0.4614994525909424,0.30176985263824463,-0.04068286344408989,0.9949591159820557,0.9904156923294067
side_person17.mp4,side,125,4167,30.0,848,478,11,left_shoulder,0.4962349534034729,0.33917236328125,-0.22412069141864777,0.9989798069000244,0.9860513210296631
side_person17.mp4,side,125,4167,30.0,848,478,12,right_shoulder,0.5004789233207703,0.34276482462882996,0.11730632930994034,0.9961933493614197,0.9872053861618042
side_person17.mp4,side,125,4167,30.0,848,478,13,left_elbow,0.4154868721961975,0.3773235082626343,-0.2850421369075775,0.9863330125808716,0.9953423738479614
side_person17.mp4,side,125,4167,30.0,848,478,14,right_elbow,0.4288100600242615,0.3807041049003601,0.1408766657114029,0.31532198190689087,0.9966872334480286
side_person17.mp4,side,125,4167,30.0,848,478,15,left_wrist,0.3333059251308441,0.36667200922966003,-0.23477797210216522,0.9738971590995789,0.986120343208313
side_person17.mp4,side,125,4167,30.0,848,478,16,right_wrist,0.36538639664649963,0.3961167633533478,0.07087549567222595,0.38565561175346375,0.9761930108070374
side_person17.mp4,side,125,4167,30.0,848,478,17,left_pinky,0.31242793798446655,0.36106112599372864,-0.27493971586227417,0.9603934288024902,0.9803991913795471
side_person17.mp4,side,125,4167,30.0,848,478,18,right_pinky,0.35517221689224243,0.37616804242134094,0.06878384202718735,0.3852386474609375,0.9693836569786072
side_person17.mp4,side,125,4167,30.0,848,478,19,left_index,0.31366440653800964,0.3546808660030365,-0.25245869159698486,0.9563336372375488,0.9797732830047607
side_person17.mp4,side,125,4167,30.0,848,478,20,right_index,0.3518447279930115,0.3741757273674011,0.03971228003501892,0.4015609920024872,0.9638685584068298
side_person17.mp4,side,125,4167,30.0,848,478,21,left_thumb,0.3202512860298157,0.35903826355934143,-0.22674600780010223,0.9324926733970642,0.9816097021102905
side_person17.mp4,side,125,4167,30.0,848,478,22,right_thumb,0.3535383641719818,0.38521361351013184,0.054332803934812546,0.42530345916748047,0.9661638140678406
side_person17.mp4,side,125,4167,30.0,848,478,23,left_hip,0.564032256603241,0.5755029320716858,-0.1065945029258728,0.9978330135345459,0.997956395149231
side_person17.mp4,side,125,4167,30.0,848,478,24,right_hip,0.5489149689674377,0.5672568678855896,0.1066564992070198,0.9955245852470398,0.9983879327774048
side_person17.mp4,side,125,4167,30.0,848,478,25,left_knee,0.48907870054244995,0.7417498230934143,-0.07498802244663239,0.9206621646881104,0.9920709729194641
side_person17.mp4,side,125,4167,30.0,848,478,26,right_knee,0.4747951030731201,0.6950017213821411,0.11263308674097061,0.3497569262981415,0.993556559085846
side_person17.mp4,side,125,4167,30.0,848,478,27,left_ankle,0.5044739842414856,0.9064252972602844,0.03830922394990921,0.9467047452926636,0.9832485914230347
side_person17.mp4,side,125,4167,30.0,848,478,28,right_ankle,0.4974629282951355,0.8769152164459229,0.23693837225437164,0.5126914978027344,0.9948623776435852
side_person17.mp4,side,125,4167,30.0,848,478,29,left_heel,0.5141571760177612,0.9287314414978027,0.04923323541879654,0.9312894344329834,0.9812940359115601
side_person17.mp4,side,125,4167,30.0,848,478,30,right_heel,0.5084168910980225,0.9063494205474854,0.24870656430721283,0.6677255034446716,0.9929921627044678
side_person17.mp4,side,125,4167,30.0,848,478,31,left_foot_index,0.4620029926300049,0.9289979934692383,0.01860406994819641,0.9238443970680237,0.9804707765579224
side_person17.mp4,side,125,4167,30.0,848,478,32,right_foot_index,0.46178486943244934,0.9132173657417297,0.2173374891281128,0.6614339351654053,0.9906354546546936
side_person17.mp4,side,126,4200,30.0,848,478,0,nose,0.45261240005493164,0.3015311360359192,-0.07331186532974243,0.9981163740158081,0.9935353994369507
side_person17.mp4,side,126,4200,30.0,848,478,1,left_eye_inner,0.4530074894428253,0.281753271818161,-0.095223568379879,0.9979565739631653,0.9937606453895569
side_person17.mp4,side,126,4200,30.0,848,478,2,left_eye,0.4540692865848541,0.2805579602718353,-0.09526800364255905,0.9979938864707947,0.9939135909080505
side_person17.mp4,side,126,4200,30.0,848,478,3,left_eye_outer,0.45516014099121094,0.27939534187316895,-0.09532229602336884,0.9985232949256897,0.9940142035484314
side_person17.mp4,side,126,4200,30.0,848,478,4,right_eye_inner,0.4528745710849762,0.28153836727142334,-0.06185018643736839,0.9975325465202332,0.9934548735618591
side_person17.mp4,side,126,4200,30.0,848,478,5,right_eye,0.45383939146995544,0.28023093938827515,-0.061872128397226334,0.9973579049110413,0.9932780861854553
side_person17.mp4,side,126,4200,30.0,848,478,6,right_eye_outer,0.45491719245910645,0.27880415320396423,-0.06190919876098633,0.9982059597969055,0.9929753541946411
side_person17.mp4,side,126,4200,30.0,848,478,7,left_ear,0.46758702397346497,0.2777838110923767,-0.1459435373544693,0.99681556224823,0.9936599135398865
side_person17.mp4,side,126,4200,30.0,848,478,8,right_ear,0.4677940905094147,0.27624502778053284,0.0030325865373015404,0.9971606135368347,0.9919933080673218
side_person17.mp4,side,126,4200,30.0,848,478,9,mouth_left,0.4600469470024109,0.31392502784729004,-0.08911870419979095,0.9969149827957153,0.9926891922950745
side_person17.mp4,side,126,4200,30.0,848,478,10,mouth_right,0.4599420726299286,0.31483927369117737,-0.04584046080708504,0.9948346018791199,0.9912422895431519
side_person17.mp4,side,126,4200,30.0,848,478,11,left_shoulder,0.49450579285621643,0.35300007462501526,-0.23165573179721832,0.9989223480224609,0.9892570376396179
side_person17.mp4,side,126,4200,30.0,848,478,12,right_shoulder,0.499146431684494,0.35354819893836975,0.11236099898815155,0.9958245754241943,0.9873991012573242
side_person17.mp4,side,126,4200,30.0,848,478,13,left_elbow,0.41388359665870667,0.39002206921577454,-0.29480963945388794,0.9859892725944519,0.996344268321991
side_person17.mp4,side,126,4200,30.0,848,478,14,right_elbow,0.42593100666999817,0.3933292627334595,0.13519129157066345,0.298421710729599,0.9967999458312988
side_person17.mp4,side,126,4200,30.0,848,478,15,left_wrist,0.32955631613731384,0.3783701956272125,-0.25027328729629517,0.9741940498352051,0.9887939095497131
side_person17.mp4,side,126,4200,30.0,848,478,16,right_wrist,0.3612470030784607,0.39176151156425476,0.06283626705408096,0.36452746391296387,0.9778618216514587
side_person17.mp4,side,126,4200,30.0,848,478,17,left_pinky,0.30895283818244934,0.3730319142341614,-0.29054388403892517,0.9611405730247498,0.9833114147186279
side_person17.mp4,side,126,4200,30.0,848,478,18,right_pinky,0.3543146252632141,0.3836168646812439,0.060178957879543304,0.3662286698818207,0.9717833995819092
side_person17.mp4,side,126,4200,30.0,848,478,19,left_index,0.3095243573188782,0.3653414845466614,-0.2688833773136139,0.9572140574455261,0.9830079078674316
side_person17.mp4,side,126,4200,30.0,848,478,20,right_index,0.35121044516563416,0.38128677010536194,0.030055930837988853,0.3815135359764099,0.9668334722518921
side_person17.mp4,side,126,4200,30.0,848,478,21,left_thumb,0.316100537776947,0.3692268431186676,-0.24285586178302765,0.9337314367294312,0.9848272800445557
side_person17.mp4,side,126,4200,30.0,848,478,22,right_thumb,0.3532445430755615,0.39257463812828064,0.04587038233876228,0.4051074683666229,0.969168484210968
side_person17.mp4,side,126,4200,30.0,848,478,23,left_hip,0.5646721720695496,0.5843981504440308,-0.10677140951156616,0.997920572757721,0.9983060359954834
side_person17.mp4,side,126,4200,30.0,848,478,24,right_hip,0.5487456917762756,0.5744484066963196,0.10682973265647888,0.9957632422447205,0.9985892176628113
side_person17.mp4,side,126,4200,30.0,848,478,25,left_knee,0.48811498284339905,0.744780421257019,-0.07746142894029617,0.925428569316864,0.9938888549804688
side_person17.mp4,side,126,4200,30.0,848,478,26,right_knee,0.4718547463417053,0.7003154754638672,0.10579539835453033,0.3685191571712494,0.9947991371154785
side_person17.mp4,side,126,4200,30.0,848,478,27,left_ankle,0.5047442317008972,0.9061619639396667,0.03785737603902817,0.9485039114952087,0.9853841662406921
side_person17.mp4,side,126,4200,30.0,848,478,28,right_ankle,0.49693503975868225,0.8781552910804749,0.2344857156276703,0.5232576131820679,0.996179461479187
side_person17.mp4,side,126,4200,30.0,848,478,29,left_heel,0.5146046876907349,0.9269630908966064,0.04792721942067146,0.9329614043235779,0.9835537672042847
side_person17.mp4,side,126,4200,30.0,848,478,30,right_heel,0.5084254145622253,0.9083333015441895,0.24686512351036072,0.6735309958457947,0.9948278069496155
side_person17.mp4,side,126,4200,30.0,848,478,31,left_foot_index,0.463891863822937,0.929171621799469,0.01745680347084999,0.925500750541687,0.9817008376121521
side_person17.mp4,side,126,4200,30.0,848,478,32,right_foot_index,0.46147915720939636,0.91789311170578,0.21860718727111816,0.6616390347480774,0.9925289750099182
side_person17.mp4,side,127,4233,30.0,848,478,0,nose,0.4511970281600952,0.3124258518218994,-0.08372306078672409,0.9981648325920105,0.9952566027641296
side_person17.mp4,side,127,4233,30.0,848,478,1,left_eye_inner,0.45170918107032776,0.2923957407474518,-0.10496708005666733,0.9979792237281799,0.9953645467758179
side_person17.mp4,side,127,4233,30.0,848,478,2,left_eye,0.45279660820961,0.29121506214141846,-0.10500777512788773,0.9980205297470093,0.9954934120178223
side_person17.mp4,side,127,4233,30.0,848,478,3,left_eye_outer,0.45390039682388306,0.2900804877281189,-0.10505247116088867,0.9985472559928894,0.9955757856369019
side_person17.mp4,side,127,4233,30.0,848,478,4,right_eye_inner,0.45158982276916504,0.2920791208744049,-0.0714615061879158,0.9975401759147644,0.9951316118240356
side_person17.mp4,side,127,4233,30.0,848,478,5,right_eye,0.4525943696498871,0.2906876802444458,-0.07147332280874252,0.9973694682121277,0.9949945211410522
side_person17.mp4,side,127,4233,30.0,848,478,6,right_eye_outer,0.45369023084640503,0.2892075777053833,-0.07149680703878403,0.9982020854949951,0.994759738445282
side_person17.mp4,side,127,4233,30.0,848,478,7,left_ear,0.46628013253211975,0.2887764275074005,-0.15402324497699738,0.9968148469924927,0.9952556490898132
side_person17.mp4,side,127,4233,30.0,848,478,8,right_ear,0.46649348735809326,0.2868347764015198,-0.0045457445085048676,0.9971928596496582,0.9938051700592041
side_person17.mp4,side,127,4233,30.0,848,478,9,mouth_left,0.45872634649276733,0.3249529004096985,-0.09937113523483276,0.996911883354187,0.9946734309196472
side_person17.mp4,side,127,4233,30.0,848,478,10,mouth_right,0.45861509442329407,0.32580214738845825,-0.05573086440563202,0.9947893619537354,0.9936060905456543
side_person17.mp4,side,127,4233,30.0,848,478,11,left_shoulder,0.4931296110153198,0.36593136191368103,-0.24252091348171234,0.9988755583763123,0.9905226826667786
side_person17.mp4,side,127,4233,30.0,848,478,12,right_shoulder,0.49702396988868713,0.36534765362739563,0.10223444551229477,0.995495080947876,0.9895379543304443
side_person17.mp4,side,127,4233,30.0,848,478,13,left_elbow,0.41269582509994507,0.4011950194835663,-0.315968781709671,0.985644519329071,0.9960988759994507
side_person17.mp4,side,127,4233,30.0,848,478,14,right_elbow,0.42275089025497437,0.40074610710144043,0.11865773051977158,0.28571251034736633,0.9969906806945801
side_person17.mp4,side,127,4233,30.0,848,478,15,left_wrist,0.32892361283302307,0.3948615491390228,-0.28350532054901123,0.9740375876426697,0.9873071908950806
side_person17.mp4,side,127,4233,30.0,848,478,16,right_wrist,0.3527873456478119,0.4036349058151245,0.04087898135185242,0.3464081287384033,0.9775224328041077
side_person17.mp4,side,127,4233,30.0,848,478,17,left_pinky,0.307827353477478,0.38970550894737244,-0.32732513546943665,0.9612076282501221,0.9815006256103516
side_person17.mp4,side,127,4233,30.0,848,478,18,right_pinky,0.3341931104660034,0.39518120884895325,0.03689981997013092,0.3500298857688904,0.9706873297691345
side_person17.mp4,side,127,4233,30.0,848,478,19,left_index,0.307490736246109,0.38305819034576416,-0.30348795652389526,0.9573503136634827,0.9811866283416748
side_person17.mp4,side,127,4233,30.0,848,478,20,right_index,0.3444473445415497,0.3937787115573883,0.005085180513560772,0.3644207715988159,0.9654233455657959
side_person17.mp4,side,127,4233,30.0,848,478,21,left_thumb,0.3151718080043793,0.3868967592716217,-0.27589744329452515,0.9338138699531555,0.9827628135681152
side_person17.mp4,side,127,4233,30.0,848,478,22,right_thumb,0.33658528327941895,0.40050143003463745,0.022978436201810837,0.38815486431121826,0.9678730368614197
side_person17.mp4,side,127,4233,30.0,848,478,23,left_hip,0.5651198625564575,0.5910791158676147,-0.10687320679426193,0.9980131983757019,0.9985237717628479
side_person17.mp4,side,127,4233,30.0,848,478,24,right_hip,0.5485698580741882,0.5793566703796387,0.10692335665225983,0.9959912896156311,0.9987836480140686
side_person17.mp4,side,127,4233,30.0,848,478,25,left_knee,0.48577141761779785,0.7453221678733826,-0.08549391478300095,0.9299331903457642,0.9955947995185852
side_person17.mp4,side,127,4233,30.0,848,478,26,right_knee,0.46798694133758545,0.6994842290878296,0.10406298190355301,0.38289907574653625,0.9959138035774231
side_person17.mp4,side,127,4233,30.0,848,478,27,left_ankle,0.5050039887428284,0.9059665203094482,0.03502750024199486,0.9508070349693298,0.9882619976997375
side_person17.mp4,side,127,4233,30.0,848,478,28,right_ankle,0.49567246437072754,0.8779357671737671,0.2374252825975418,0.5312035083770752,0.9968069791793823
side_person17.mp4,side,127,4233,30.0,848,478,29,left_heel,0.5155348777770996,0.9261240363121033,0.04750160872936249,0.9348070025444031,0.986817479133606
side_person17.mp4,side,127,4233,30.0,848,478,30,right_heel,0.5084697604179382,0.9080249071121216,0.24990898370742798,0.6774430274963379,0.9958425164222717
side_person17.mp4,side,127,4233,30.0,848,478,31,left_foot_index,0.4656999111175537,0.9294547438621521,0.01477855909615755,0.927832305431366,0.9841588735580444
side_person17.mp4,side,127,4233,30.0,848,478,32,right_foot_index,0.46151816844940186,0.9187905192375183,0.2223324030637741,0.6608144044876099,0.9934293627738953
side_person17.mp4,side,128,4267,30.0,848,478,0,nose,0.45018166303634644,0.3244909942150116,-0.09784126281738281,0.9982719421386719,0.9966664910316467
side_person17.mp4,side,128,4267,30.0,848,478,1,left_eye_inner,0.45072534680366516,0.30490386486053467,-0.11860211193561554,0.9980805516242981,0.9965789914131165
side_person17.mp4,side,128,4267,30.0,848,478,2,left_eye,0.4518102705478668,0.3038594126701355,-0.11863573640584946,0.9981202483177185,0.9966249465942383
side_person17.mp4,side,128,4267,30.0,848,478,3,left_eye_outer,0.45295003056526184,0.302838534116745,-0.11867740750312805,0.9986216425895691,0.9966503977775574
side_person17.mp4,side,128,4267,30.0,848,478,4,right_eye_inner,0.45046478509902954,0.3046579360961914,-0.08547289669513702,0.997653603553772,0.9964788556098938
side_person17.mp4,side,128,4267,30.0,848,478,5,right_eye,0.4513528645038605,0.3034568130970001,-0.08549115061759949,0.9974885582923889,0.9963865280151367
side_person17.mp4,side,128,4267,30.0,848,478,6,right_eye_outer,0.4523860216140747,0.3021058738231659,-0.08551876246929169,0.9982758164405823,0.9962124824523926
side_person17.mp4,side,128,4267,30.0,848,478,7,left_ear,0.46580734848976135,0.30123940110206604,-0.1657160222530365,0.9969437122344971,0.9962305426597595
side_person17.mp4,side,128,4267,30.0,848,478,8,right_ear,0.46531081199645996,0.2996750473976135,-0.018293799832463264,0.9973374009132385,0.9954732060432434
side_person17.mp4,side,128,4267,30.0,848,478,9,mouth_left,0.45765769481658936,0.3373437523841858,-0.1128581091761589,0.9970373511314392,0.9959177374839783
side_person17.mp4,side,128,4267,30.0,848,478,10,mouth_right,0.45736661553382874,0.33830979466438293,-0.06969061493873596,0.9949723482131958,0.9951517581939697
side_person17.mp4,side,128,4267,30.0,848,478,11,left_shoulder,0.49363094568252563,0.376834899187088,-0.2522026002407074,0.998828649520874,0.9916046857833862
side_person17.mp4,side,128,4267,30.0,848,478,12,right_shoulder,0.49465319514274597,0.3774750828742981,0.08490542322397232,0.9952444434165955,0.9920618534088135
side_person17.mp4,side,128,4267,30.0,848,478,13,left_elbow,0.4127669930458069,0.41181957721710205,-0.32968592643737793,0.9853945374488831,0.996921956539154
side_person17.mp4,side,128,4267,30.0,848,478,14,right_elbow,0.4174309968948364,0.4126986265182495,0.0981876328587532,0.2782769203186035,0.997855007648468
side_person17.mp4,side,128,4267,30.0,848,478,15,left_wrist,0.329582154750824,0.40845203399658203,-0.3044652044773102,0.9738795161247253,0.9908747673034668
side_person17.mp4,side,128,4267,30.0,848,478,16,right_wrist,0.34020334482192993,0.41278284788131714,0.018377846106886864,0.33319634199142456,0.9827053546905518
side_person17.mp4,side,128,4267,30.0,848,478,17,left_pinky,0.30784672498703003,0.40419986844062805,-0.348307728767395,0.9611422419548035,0.9859165549278259
side_person17.mp4,side,128,4267,30.0,848,478,18,right_pinky,0.3291216790676117,0.4090114235877991,0.011940300464630127,0.3380265235900879,0.9764056205749512
side_person17.mp4,side,128,4267,30.0,848,478,19,left_index,0.3081643879413605,0.3955760896205902,-0.3266819417476654,0.9573829174041748,0.9857243895530701
side_person17.mp4,side,128,4267,30.0,848,478,20,right_index,0.3201726973056793,0.4027966260910034,-0.018801279366016388,0.35182321071624756,0.9724485874176025
side_person17.mp4,side,128,4267,30.0,848,478,21,left_thumb,0.3161555826663971,0.3990703523159027,-0.29793670773506165,0.9338579177856445,0.9872230291366577
side_person17.mp4,side,128,4267,30.0,848,478,22,right_thumb,0.3241337239742279,0.4081031382083893,0.00047433795407414436,0.3759348690509796,0.9752919673919678
side_person17.mp4,side,128,4267,30.0,848,478,23,left_hip,0.5657168626785278,0.6000146865844727,-0.1068945825099945,0.9981110692024231,0.9987138509750366
side_person17.mp4,side,128,4267,30.0,848,478,24,right_hip,0.5487031936645508,0.5890215039253235,0.10694023221731186,0.996242880821228,0.9990941286087036
side_person17.mp4,side,128,4267,30.0,848,478,25,left_knee,0.4811694622039795,0.7457495927810669,-0.084250807762146,0.933225154876709,0.9966788291931152
side_person17.mp4,side,128,4267,30.0,848,478,26,right_knee,0.4659152925014496,0.7021863460540771,0.09873537719249725,0.3964015543460846,0.9973548650741577
side_person17.mp4,side,128,4267,30.0,848,478,27,left_ankle,0.5050148963928223,0.9058480262756348,0.03940844535827637,0.9522210955619812,0.9911726117134094
side_person17.mp4,side,128,4267,30.0,848,478,28,right_ankle,0.49572962522506714,0.8785507082939148,0.23956318199634552,0.5354602336883545,0.9979395270347595
side_person17.mp4,side,128,4267,30.0,848,478,29,left_heel,0.5156934261322021,0.926025390625,0.05256928503513336,0.9358916282653809,0.9902046918869019
side_person17.mp4,side,128,4267,30.0,848,478,30,right_heel,0.5087119340896606,0.907842218875885,0.25219565629959106,0.6789658665657043,0.9972862005233765
side_person17.mp4,side,128,4267,30.0,848,478,31,left_foot_index,0.46578115224838257,0.9294578433036804,0.02701905369758606,0.9291670918464661,0.9875790476799011
side_person17.mp4,side,128,4267,30.0,848,478,32,right_foot_index,0.4615657329559326,0.9195646643638611,0.22940000891685486,0.6574662327766418,0.9953789710998535
side_person17.mp4,side,129,4300,30.0,848,478,0,nose,0.44918447732925415,0.33722689747810364,-0.09982512146234512,0.9983583688735962,0.9976517558097839
side_person17.mp4,side,129,4300,30.0,848,478,1,left_eye_inner,0.4497787058353424,0.31698736548423767,-0.12100285291671753,0.9981644153594971,0.9975838661193848
side_person17.mp4,side,129,4300,30.0,848,478,2,left_eye,0.4508257806301117,0.31593647599220276,-0.12104016542434692,0.9982065558433533,0.9976170659065247
side_person17.mp4,side,129,4300,30.0,848,478,3,left_eye_outer,0.4519188702106476,0.31492021679878235,-0.12108203768730164,0.998686671257019,0.9976447224617004
side_person17.mp4,side,129,4300,30.0,848,478,4,right_eye_inner,0.44965362548828125,0.3167273998260498,-0.08805209398269653,0.9977492690086365,0.9974894523620605
side_person17.mp4,side,129,4300,30.0,848,478,5,right_eye,0.45060858130455017,0.31552654504776,-0.0880691185593605,0.9975913166999817,0.997408926486969
side_person17.mp4,side,129,4300,30.0,848,478,6,right_eye_outer,0.4517163038253784,0.3141786754131317,-0.08808820694684982,0.9983378052711487,0.9972629547119141
side_person17.mp4,side,129,4300,30.0,848,478,7,left_ear,0.4644961357116699,0.3135243058204651,-0.16804242134094238,0.9970424175262451,0.9972841739654541
side_person17.mp4,side,129,4300,30.0,848,478,8,right_ear,0.4647241532802582,0.3117419183254242,-0.021896380931138992,0.9974526762962341,0.9967383742332458
side_person17.mp4,side,129,4300,30.0,848,478,9,mouth_left,0.45665666460990906,0.34999191761016846,-0.11441559344530106,0.9971264004707336,0.9970724582672119
side_person17.mp4,side,129,4300,30.0,848,478,10,mouth_right,0.45650479197502136,0.35072487592697144,-0.07161379605531693,0.9950987100601196,0.9965824484825134
side_person17.mp4,side,129,4300,30.0,848,478,11,left_shoulder,0.49118858575820923,0.3909161686897278,-0.2529742121696472,0.9988115429878235,0.9945448637008667
side_person17.mp4,side,129,4300,30.0,848,478,12,right_shoulder,0.49467140436172485,0.3890080451965332,0.0851004421710968,0.9951395392417908,0.9942436814308167
side_person17.mp4,side,129,4300,30.0,848,478,13,left_elbow,0.4096510410308838,0.4250650405883789,-0.3213808238506317,0.9851812124252319,0.9979665279388428
side_person17.mp4,side,129,4300,30.0,848,478,14,right_elbow,0.4188048541545868,0.4282147288322449,0.10595973581075668,0.27077385783195496,0.998332679271698
side_person17.mp4,side,129,4300,30.0,848,478,15,left_wrist,0.3291930854320526,0.4209567904472351,-0.2901017367839813,0.9743534326553345,0.9945317506790161
side_person17.mp4,side,129,4300,30.0,848,478,16,right_wrist,0.3446941375732422,0.42936480045318604,0.031064068898558617,0.32192274928092957,0.9889457821846008
side_person17.mp4,side,129,4300,30.0,848,478,17,left_pinky,0.3081170618534088,0.41606658697128296,-0.3348405659198761,0.9619266986846924,0.9916491508483887
side_person17.mp4,side,129,4300,30.0,848,478,18,right_pinky,0.3298617899417877,0.4235655665397644,0.025882897898554802,0.32825252413749695,0.9857271313667297
side_person17.mp4,side,129,4300,30.0,848,478,19,left_index,0.30883947014808655,0.4081187844276428,-0.31029412150382996,0.9583100080490112,0.9916320443153381
side_person17.mp4,side,129,4300,30.0,848,478,20,right_index,0.3247479796409607,0.4190704822540283,-0.005013254936784506,0.3416595160961151,0.983379065990448
side_person17.mp4,side,129,4300,30.0,848,478,21,left_thumb,0.3163256347179413,0.41224539279937744,-0.2822437286376953,0.9352462887763977,0.9924904704093933
side_person17.mp4,side,129,4300,30.0,848,478,22,right_thumb,0.32906877994537354,0.42445266246795654,0.013547040522098541,0.36597907543182373,0.9849832653999329
side_person17.mp4,side,129,4300,30.0,848,478,23,left_hip,0.5654047727584839,0.6122031211853027,-0.10673938691616058,0.9981997609138489,0.9989684820175171
side_person17.mp4,side,129,4300,30.0,848,478,24,right_hip,0.5485615730285645,0.5987814664840698,0.10678350925445557,0.9964814782142639,0.9992609620094299
side_person17.mp4,side,129,4300,30.0,848,478,25,left_knee,0.4777478873729706,0.7462040185928345,-0.07597150653600693,0.9354361295700073,0.9978026747703552
side_person17.mp4,side,129,4300,30.0,848,478,26,right_knee,0.4633030295372009,0.7025513052940369,0.10391867905855179,0.4116953909397125,0.9982353448867798
side_person17.mp4,side,129,4300,30.0,848,478,27,left_ankle,0.5047206878662109,0.905781090259552,0.06591500341892242,0.9530819058418274,0.9939966201782227
side_person17.mp4,side,129,4300,30.0,848,478,28,right_ankle,0.496722936630249,0.8802547454833984,0.246902197599411,0.5430675745010376,0.998803973197937
side_person17.mp4,side,129,4300,30.0,848,478,29,left_heel,0.5160771608352661,0.9265864491462708,0.08033701032400131,0.9364516735076904,0.9933245778083801
side_person17.mp4,side,129,4300,30.0,848,478,30,right_heel,0.5101640820503235,0.9085990190505981,0.26221218705177307,0.683673083782196,0.9984526634216309
side_person17.mp4,side,129,4300,30.0,848,478,31,left_foot_index,0.4656354486942291,0.9292030334472656,0.059665925800800323,0.9301632642745972,0.9923793077468872
side_person17.mp4,side,129,4300,30.0,848,478,32,right_foot_index,0.4618428349494934,0.9192478060722351,0.2499445378780365,0.6595253944396973,0.9974811673164368
side_person17.mp4,side,130,4333,30.0,848,478,0,nose,0.448320209980011,0.3489055633544922,-0.11716238409280777,0.9983906745910645,0.9967712759971619
side_person17.mp4,side,130,4333,30.0,848,478,1,left_eye_inner,0.44877275824546814,0.32900333404541016,-0.13873933255672455,0.9981905817985535,0.996875524520874
side_person17.mp4,side,130,4333,30.0,848,478,2,left_eye,0.44978266954421997,0.32801583409309387,-0.13879069685935974,0.9982390999794006,0.9970093369483948
side_person17.mp4,side,130,4333,30.0,848,478,3,left_eye_outer,0.45084017515182495,0.32711100578308105,-0.13885189592838287,0.9987161755561829,0.9971565008163452
side_person17.mp4,side,130,4333,30.0,848,478,4,right_eye_inner,0.4486333429813385,0.3286632299423218,-0.10588917881250381,0.9977632761001587,0.9965829253196716
side_person17.mp4,side,130,4333,30.0,848,478,5,right_eye,0.44956275820732117,0.3273980915546417,-0.10590305924415588,0.9976039528846741,0.9964327812194824
side_person17.mp4,side,130,4333,30.0,848,478,6,right_eye_outer,0.4506760239601135,0.3259931802749634,-0.10592582821846008,0.9983355402946472,0.9962298274040222
side_person17.mp4,side,130,4333,30.0,848,478,7,left_ear,0.4632745087146759,0.32557228207588196,-0.18696385622024536,0.9970273375511169,0.996796190738678
side_person17.mp4,side,130,4333,30.0,848,478,8,right_ear,0.4636814296245575,0.32323527336120605,-0.041115254163742065,0.9974826574325562,0.9955525994300842
side_person17.mp4,side,130,4333,30.0,848,478,9,mouth_left,0.45567411184310913,0.361673504114151,-0.13151215016841888,0.9970977306365967,0.9963079690933228
side_person17.mp4,side,130,4333,30.0,848,478,10,mouth_right,0.45547887682914734,0.36222514510154724,-0.0887969583272934,0.9949982166290283,0.9955170750617981
side_person17.mp4,side,130,4333,30.0,848,478,11,left_shoulder,0.489769846200943,0.4035187363624573,-0.268599271774292,0.998798131942749,0.9952812790870667
side_person17.mp4,side,130,4333,30.0,848,478,12,right_shoulder,0.49367785453796387,0.39732542634010315,0.06717000156641006,0.9950510263442993,0.9945659637451172
side_person17.mp4,side,130,4333,30.0,848,478,13,left_elbow,0.4079894721508026,0.438684344291687,-0.33940911293029785,0.9850447773933411,0.9985525012016296
side_person17.mp4,side,130,4333,30.0,848,478,14,right_elbow,0.4183119535446167,0.4374237060546875,0.08884801715612411,0.2643885910511017,0.9985690116882324
side_person17.mp4,side,130,4333,30.0,848,478,15,left_wrist,0.32771018147468567,0.4335266351699829,-0.3129391074180603,0.9752694964408875,0.9952862858772278
side_person17.mp4,side,130,4333,30.0,848,478,16,right_wrist,0.3472002446651459,0.4379425048828125,0.015857011079788208,0.313596248626709,0.9907490611076355
side_person17.mp4,side,130,4333,30.0,848,478,17,left_pinky,0.3059448003768921,0.42752060294151306,-0.3594009578227997,0.9633625149726868,0.992374837398529
side_person17.mp4,side,130,4333,30.0,848,478,18,right_pinky,0.33458080887794495,0.4288868308067322,0.00984197948127985,0.32152777910232544,0.9882487058639526
side_person17.mp4,side,130,4333,30.0,848,478,19,left_index,0.30585798621177673,0.42032596468925476,-0.33752959966659546,0.9599340558052063,0.9924076795578003
side_person17.mp4,side,130,4333,30.0,848,478,20,right_index,0.3305034041404724,0.42782601714134216,-0.02136976830661297,0.3344752788543701,0.9859317541122437
side_person17.mp4,side,130,4333,30.0,848,478,21,left_thumb,0.31396397948265076,0.4237092137336731,-0.3064658045768738,0.9374939203262329,0.99327552318573
side_person17.mp4,side,130,4333,30.0,848,478,22,right_thumb,0.33110252022743225,0.4316895604133606,-0.0015885673929005861,0.3587805926799774,0.9875819683074951
side_person17.mp4,side,130,4333,30.0,848,478,23,left_hip,0.5651007294654846,0.6221148371696472,-0.10643741488456726,0.9982959628105164,0.999180257320404
side_person17.mp4,side,130,4333,30.0,848,478,24,right_hip,0.5485121607780457,0.6056339144706726,0.10648863017559052,0.9967032074928284,0.9993622899055481
side_person17.mp4,side,130,4333,30.0,848,478,25,left_knee,0.4748309552669525,0.749136209487915,-0.06358091533184052,0.9363999366760254,0.997602641582489
side_person17.mp4,side,130,4333,30.0,848,478,26,right_knee,0.4617058336734772,0.7067829370498657,0.11336854100227356,0.4244157373905182,0.9979962110519409
side_person17.mp4,side,130,4333,30.0,848,478,27,left_ankle,0.5043848156929016,0.9059923887252808,0.0973990336060524,0.9516436457633972,0.9945273995399475
side_person17.mp4,side,130,4333,30.0,848,478,28,right_ankle,0.49704447388648987,0.8810161352157593,0.2784419655799866,0.5441122651100159,0.9987357258796692
side_person17.mp4,side,130,4333,30.0,848,478,29,left_heel,0.5173454880714417,0.9283839464187622,0.11368201673030853,0.9347303509712219,0.9941397905349731
side_person17.mp4,side,130,4333,30.0,848,478,30,right_heel,0.5102843046188354,0.9083449840545654,0.295326292514801,0.6833884119987488,0.9984287619590759
side_person17.mp4,side,130,4333,30.0,848,478,31,left_foot_index,0.4655321538448334,0.9288078546524048,0.09787338227033615,0.9282741546630859,0.9936368465423584
side_person17.mp4,side,130,4333,30.0,848,478,32,right_foot_index,0.46202462911605835,0.9184585809707642,0.2884432077407837,0.6574740409851074,0.9977288842201233
side_person17.mp4,side,131,4367,30.0,848,478,0,nose,0.44631752371788025,0.35998407006263733,-0.1391056329011917,0.9984975457191467,0.9980243444442749
side_person17.mp4,side,131,4367,30.0,848,478,1,left_eye_inner,0.4468561112880707,0.34047240018844604,-0.16001561284065247,0.9983040690422058,0.9980269074440002
side_person17.mp4,side,131,4367,30.0,848,478,2,left_eye,0.44793230295181274,0.33954742550849915,-0.16005946695804596,0.9983529448509216,0.998103141784668
side_person17.mp4,side,131,4367,30.0,848,478,3,left_eye_outer,0.4490063488483429,0.33879005908966064,-0.16012831032276154,0.9988002181053162,0.998188316822052
side_person17.mp4,side,131,4367,30.0,848,478,4,right_eye_inner,0.4467602074146271,0.3400374948978424,-0.12749101221561432,0.9978877902030945,0.9978479146957397
side_person17.mp4,side,131,4367,30.0,848,478,5,right_eye,0.44773316383361816,0.3388826251029968,-0.12751469016075134,0.9977394938468933,0.9977478384971619
side_person17.mp4,side,131,4367,30.0,848,478,6,right_eye_outer,0.44885531067848206,0.3376788794994354,-0.12753471732139587,0.9984270930290222,0.9976328611373901
side_person17.mp4,side,131,4367,30.0,848,478,7,left_ear,0.46165576577186584,0.3375619351863861,-0.20725183188915253,0.997183620929718,0.9978452920913696
side_person17.mp4,side,131,4367,30.0,848,478,8,right_ear,0.4619072377681732,0.33539697527885437,-0.06234773248434067,0.9976357817649841,0.9970883727073669
side_person17.mp4,side,131,4367,30.0,848,478,9,mouth_left,0.4539530873298645,0.37310925126075745,-0.15354113280773163,0.9972541928291321,0.9976957440376282
side_person17.mp4,side,131,4367,30.0,848,478,10,mouth_right,0.45372864603996277,0.3735710382461548,-0.11105983704328537,0.9952400922775269,0.9972981810569763
side_person17.mp4,side,131,4367,30.0,848,478,11,left_shoulder,0.4889533221721649,0.4176979959011078,-0.28312259912490845,0.9988133907318115,0.9958283305168152
side_person17.mp4,side,131,4367,30.0,848,478,12,right_shoulder,0.4915608763694763,0.4077942371368408,0.04025575518608093,0.995154082775116,0.9968101382255554
side_person17.mp4,side,131,4367,30.0,848,478,13,left_elbow,0.4073439836502075,0.45272326469421387,-0.35446542501449585,0.9852127432823181,0.9986336827278137
side_person17.mp4,side,131,4367,30.0,848,478,14,right_elbow,0.415167897939682,0.44802650809288025,0.06000099703669548,0.2720334231853485,0.9991130232810974
side_person17.mp4,side,131,4367,30.0,848,478,15,left_wrist,0.3282034397125244,0.44686564803123474,-0.33668142557144165,0.9763559103012085,0.9960840940475464
side_person17.mp4,side,131,4367,30.0,848,478,16,right_wrist,0.3452490270137787,0.4484359622001648,-0.014516710303723812,0.3203950822353363,0.9930351972579956
side_person17.mp4,side,131,4367,30.0,848,478,17,left_pinky,0.3066481351852417,0.43993136286735535,-0.3844035267829895,0.9650141000747681,0.9937320351600647
side_person17.mp4,side,131,4367,30.0,848,478,18,right_pinky,0.3292396068572998,0.4418412446975708,-0.02249010279774666,0.3289231061935425,0.9902312159538269
side_person17.mp4,side,131,4367,30.0,848,478,19,left_index,0.30659276247024536,0.4322817921638489,-0.3646179735660553,0.9617679715156555,0.9938942790031433
side_person17.mp4,side,131,4367,30.0,848,478,20,right_index,0.3262355327606201,0.43852224946022034,-0.054988544434309006,0.3417152464389801,0.9885073900222778
side_person17.mp4,side,131,4367,30.0,848,478,21,left_thumb,0.31460273265838623,0.4364187717437744,-0.3314427137374878,0.9401335120201111,0.9945857524871826
side_person17.mp4,side,131,4367,30.0,848,478,22,right_thumb,0.32919853925704956,0.4418485760688782,-0.03257405385375023,0.3671351969242096,0.9901639819145203
side_person17.mp4,side,131,4367,30.0,848,478,23,left_hip,0.5648912191390991,0.6326097249984741,-0.10529854893684387,0.9984064698219299,0.9993333220481873
side_person17.mp4,side,131,4367,30.0,848,478,24,right_hip,0.5477925539016724,0.6117753982543945,0.10536328703165054,0.9969368577003479,0.9995781779289246
side_person17.mp4,side,131,4367,30.0,848,478,25,left_knee,0.4729224443435669,0.7538592219352722,-0.06893830001354218,0.9393450021743774,0.9982317090034485
side_person17.mp4,side,131,4367,30.0,848,478,26,right_knee,0.4593469202518463,0.705838680267334,0.11766741424798965,0.43986061215400696,0.9985936284065247
side_person17.mp4,side,131,4367,30.0,848,478,27,left_ankle,0.5043953061103821,0.9061259031295776,0.08647186309099197,0.9524915218353271,0.995763897895813
side_person17.mp4,side,131,4367,30.0,848,478,28,right_ankle,0.49781545996665955,0.8787229061126709,0.28936561942100525,0.5485451817512512,0.9989333748817444
side_person17.mp4,side,131,4367,30.0,848,478,29,left_heel,0.5176331400871277,0.9291712641716003,0.10263258218765259,0.9348497986793518,0.9954362511634827
side_person17.mp4,side,131,4367,30.0,848,478,30,right_heel,0.5103537440299988,0.9074276089668274,0.3068499267101288,0.6849794983863831,0.998672604560852
side_person17.mp4,side,131,4367,30.0,848,478,31,left_foot_index,0.46549558639526367,0.9286876916885376,0.09148499369621277,0.9288548231124878,0.9939526915550232
side_person17.mp4,side,131,4367,30.0,848,478,32,right_foot_index,0.46216750144958496,0.9177209734916687,0.3048633933067322,0.6580488085746765,0.9977715611457825
side_person17.mp4,side,132,4400,30.0,848,478,0,nose,0.44586610794067383,0.3684116005897522,-0.13792221248149872,0.9985643029212952,0.9981070756912231
side_person17.mp4,side,132,4400,30.0,848,478,1,left_eye_inner,0.4467969238758087,0.34917962551116943,-0.15899571776390076,0.998379647731781,0.9981162548065186
side_person17.mp4,side,132,4400,30.0,848,478,2,left_eye,0.44789597392082214,0.3483823537826538,-0.15905238687992096,0.9984328746795654,0.9981814622879028
side_person17.mp4,side,132,4400,30.0,848,478,3,left_eye_outer,0.44902685284614563,0.34777384996414185,-0.1591295450925827,0.9988577961921692,0.9982702732086182
side_person17.mp4,side,132,4400,30.0,848,478,4,right_eye_inner,0.446571409702301,0.3487612009048462,-0.12704147398471832,0.9979644417762756,0.9979524612426758
side_person17.mp4,side,132,4400,30.0,848,478,5,right_eye,0.44750988483428955,0.34759730100631714,-0.12706834077835083,0.9978283643722534,0.9978541731834412
side_person17.mp4,side,132,4400,30.0,848,478,6,right_eye_outer,0.44858136773109436,0.34650111198425293,-0.1270914375782013,0.9984828233718872,0.9977481961250305
side_person17.mp4,side,132,4400,30.0,848,478,7,left_ear,0.4616400897502899,0.3472948968410492,-0.20612667500972748,0.9972656965255737,0.9977845549583435
side_person17.mp4,side,132,4400,30.0,848,478,8,right_ear,0.4614964723587036,0.34479600191116333,-0.06392204761505127,0.9977452158927917,0.9970875382423401
side_person17.mp4,side,132,4400,30.0,848,478,9,mouth_left,0.4530814588069916,0.38165608048439026,-0.1519143134355545,0.9973519444465637,0.997841477394104
side_person17.mp4,side,132,4400,30.0,848,478,10,mouth_right,0.45263925194740295,0.38249680399894714,-0.11018038541078568,0.9953746199607849,0.9975751042366028
side_person17.mp4,side,132,4400,30.0,848,478,11,left_shoulder,0.4877013564109802,0.4294982850551605,-0.2786974310874939,0.9988477826118469,0.9969059824943542
side_person17.mp4,side,132,4400,30.0,848,478,12,right_shoulder,0.48908767104148865,0.4200732707977295,0.039804741740226746,0.9953075647354126,0.9975947737693787
side_person17.mp4,side,132,4400,30.0,848,478,13,left_elbow,0.4053192734718323,0.46375957131385803,-0.34307098388671875,0.9853971004486084,0.9992871880531311
side_person17.mp4,side,132,4400,30.0,848,478,14,right_elbow,0.41504040360450745,0.4590296447277069,0.06843246519565582,0.28061550855636597,0.9994990825653076
side_person17.mp4,side,132,4400,30.0,848,478,15,left_wrist,0.32547810673713684,0.45649051666259766,-0.3224392235279083,0.9777455925941467,0.9982423782348633
side_person17.mp4,side,132,4400,30.0,848,478,16,right_wrist,0.3462184965610504,0.45852378010749817,-0.0015872800722718239,0.33601224422454834,0.9974159002304077
side_person17.mp4,side,132,4400,30.0,848,478,17,left_pinky,0.30341315269470215,0.4492841958999634,-0.37004923820495605,0.9671330451965332,0.9970707893371582
side_person17.mp4,side,132,4400,30.0,848,478,18,right_pinky,0.33177056908607483,0.45138463377952576,-0.008519490249454975,0.34523093700408936,0.9963548183441162
side_person17.mp4,side,132,4400,30.0,848,478,19,left_index,0.30692416429519653,0.4418303072452545,-0.35015639662742615,0.9640831351280212,0.9972061514854431
side_person17.mp4,side,132,4400,30.0,848,478,20,right_index,0.32909268140792847,0.44692084193229675,-0.041438423097133636,0.35781729221343994,0.9957616925239563
side_person17.mp4,side,132,4400,30.0,848,478,21,left_thumb,0.31395572423934937,0.4450216293334961,-0.3168952763080597,0.9435591101646423,0.9975748658180237
side_person17.mp4,side,132,4400,30.0,848,478,22,right_thumb,0.3310492932796478,0.4497915208339691,-0.01928088814020157,0.3838091194629669,0.9965069890022278
side_person17.mp4,side,132,4400,30.0,848,478,23,left_hip,0.5647578835487366,0.6415094137191772,-0.10351651906967163,0.9985304474830627,0.9996058344841003
side_person17.mp4,side,132,4400,30.0,848,478,24,right_hip,0.5475298166275024,0.6195564866065979,0.1036001592874527,0.9971784353256226,0.9997395873069763
side_person17.mp4,side,132,4400,30.0,848,478,25,left_knee,0.4695327579975128,0.7545345425605774,-0.05811857432126999,0.9420336484909058,0.9990413784980774
side_person17.mp4,side,132,4400,30.0,848,478,26,right_knee,0.4584583044052124,0.7074737548828125,0.13434508442878723,0.45404621958732605,0.9992446899414062
side_person17.mp4,side,132,4400,30.0,848,478,27,left_ankle,0.5043933391571045,0.9065240621566772,0.10895708948373795,0.9538248181343079,0.9981005787849426
side_person17.mp4,side,132,4400,30.0,848,478,28,right_ankle,0.4982547163963318,0.875189483165741,0.31148841977119446,0.5560705661773682,0.9995317459106445
side_person17.mp4,side,132,4400,30.0,848,478,29,left_heel,0.5175948143005371,0.92950040102005,0.1261349618434906,0.9367693066596985,0.9979058504104614
side_person17.mp4,side,132,4400,30.0,848,478,30,right_heel,0.5105299949645996,0.906437337398529,0.33044254779815674,0.6908290982246399,0.9994284510612488
side_person17.mp4,side,132,4400,30.0,848,478,31,left_foot_index,0.46532079577445984,0.9283111691474915,0.11895348131656647,0.93044513463974,0.9972579479217529
side_person17.mp4,side,132,4400,30.0,848,478,32,right_foot_index,0.46218109130859375,0.9140328764915466,0.3345130980014801,0.6631540060043335,0.9990917444229126
side_person17.mp4,side,133,4433,30.0,848,478,0,nose,0.44416603446006775,0.3803863227367401,-0.12781214714050293,0.998626708984375,0.998414158821106
side_person17.mp4,side,133,4433,30.0,848,478,1,left_eye_inner,0.4448918104171753,0.3607061505317688,-0.14910297095775604,0.9984470009803772,0.9983605742454529
side_person17.mp4,side,133,4433,30.0,848,478,2,left_eye,0.4459766447544098,0.35987135767936707,-0.14915819466114044,0.998504102230072,0.9984129667282104
side_person17.mp4,side,133,4433,30.0,848,478,3,left_eye_outer,0.4471227526664734,0.3592214286327362,-0.1492319405078888,0.9989089369773865,0.9984779953956604
side_person17.mp4,side,133,4433,30.0,848,478,4,right_eye_inner,0.4445640742778778,0.3603024482727051,-0.11720699816942215,0.9980307817459106,0.9982153177261353
side_person17.mp4,side,133,4433,30.0,848,478,5,right_eye,0.44546404480934143,0.35911568999290466,-0.1172294169664383,0.9979062676429749,0.9981135129928589
side_person17.mp4,side,133,4433,30.0,848,478,6,right_eye_outer,0.44649839401245117,0.3579351305961609,-0.11724939197301865,0.9985311627388,0.9980072379112244
side_person17.mp4,side,133,4433,30.0,848,478,7,left_ear,0.4595722556114197,0.3585397005081177,-0.19707491993904114,0.9973450899124146,0.9980767965316772
side_person17.mp4,side,133,4433,30.0,848,478,8,right_ear,0.459485799074173,0.3557851314544678,-0.0553797148168087,0.9978394508361816,0.9974537491798401
side_person17.mp4,side,133,4433,30.0,848,478,9,mouth_left,0.451340913772583,0.39340028166770935,-0.14209525287151337,0.9974507689476013,0.9981909394264221
side_person17.mp4,side,133,4433,30.0,848,478,10,mouth_right,0.450786292552948,0.39435815811157227,-0.10049363225698471,0.9955349564552307,0.9979259967803955
side_person17.mp4,side,133,4433,30.0,848,478,11,left_shoulder,0.48556309938430786,0.439512699842453,-0.27157390117645264,0.9988789558410645,0.9974120259284973
side_person17.mp4,side,133,4433,30.0,848,478,12,right_shoulder,0.48579272627830505,0.4314357042312622,0.04864415153861046,0.9954756498336792,0.9979742169380188
side_person17.mp4,side,133,4433,30.0,848,478,13,left_elbow,0.40326088666915894,0.4726806581020355,-0.32725802063941956,0.9855486154556274,0.9993108510971069
side_person17.mp4,side,133,4433,30.0,848,478,14,right_elbow,0.41419997811317444,0.47048166394233704,0.08086919784545898,0.28863176703453064,0.9995105266571045
side_person17.mp4,side,133,4433,30.0,848,478,15,left_wrist,0.3252676725387573,0.4674075245857239,-0.29115891456604004,0.9788716435432434,0.9982670545578003
side_person17.mp4,side,133,4433,30.0,848,478,16,right_wrist,0.3467353582382202,0.4689263105392456,0.011545415967702866,0.34877920150756836,0.9972696900367737
side_person17.mp4,side,133,4433,30.0,848,478,17,left_pinky,0.30399051308631897,0.46046462655067444,-0.33461692929267883,0.9688293933868408,0.9971465468406677
side_person17.mp4,side,133,4433,30.0,848,478,18,right_pinky,0.33288106322288513,0.4626918435096741,0.005865419749170542,0.3585565388202667,0.9961051940917969
side_person17.mp4,side,133,4433,30.0,848,478,19,left_index,0.307275652885437,0.4537450671195984,-0.3189723789691925,0.9659507274627686,0.9972357153892517
side_person17.mp4,side,133,4433,30.0,848,478,20,right_index,0.3302233815193176,0.45803311467170715,-0.027535950765013695,0.37123528122901917,0.995550274848938
side_person17.mp4,side,133,4433,30.0,848,478,21,left_thumb,0.31510722637176514,0.4565007984638214,-0.2866640090942383,0.9464131593704224,0.9976016879081726
side_person17.mp4,side,133,4433,30.0,848,478,22,right_thumb,0.33170729875564575,0.4605029821395874,-0.006776345893740654,0.3978024423122406,0.9962939620018005
side_person17.mp4,side,133,4433,30.0,848,478,23,left_hip,0.5646498203277588,0.6501069068908691,-0.10192590951919556,0.9986447691917419,0.9996390342712402
side_person17.mp4,side,133,4433,30.0,848,478,24,right_hip,0.5466097593307495,0.6276367902755737,0.10201489925384521,0.9974066615104675,0.9997506737709045
side_person17.mp4,side,133,4433,30.0,848,478,25,left_knee,0.4688205122947693,0.7583545446395874,-0.05608140677213669,0.9443694949150085,0.9990960359573364
side_person17.mp4,side,133,4433,30.0,848,478,26,right_knee,0.4581746459007263,0.707926869392395,0.14856232702732086,0.46781107783317566,0.9992609620094299
side_person17.mp4,side,133,4433,30.0,848,478,27,left_ankle,0.5046669840812683,0.9064839482307434,0.12098094075918198,0.9535237550735474,0.9984238147735596
side_person17.mp4,side,133,4433,30.0,848,478,28,right_ankle,0.4987860918045044,0.8688958287239075,0.3143341541290283,0.563215970993042,0.9995241165161133
side_person17.mp4,side,133,4433,30.0,848,478,29,left_heel,0.5175782442092896,0.928919792175293,0.14002707600593567,0.9367209076881409,0.9982818365097046
side_person17.mp4,side,133,4433,30.0,848,478,30,right_heel,0.5105778574943542,0.9003596901893616,0.3324200510978699,0.6958289742469788,0.9994340538978577
side_person17.mp4,side,133,4433,30.0,848,478,31,left_foot_index,0.46562543511390686,0.9280600547790527,0.14474332332611084,0.9301244020462036,0.9977670907974243
side_person17.mp4,side,133,4433,30.0,848,478,32,right_foot_index,0.4623813033103943,0.9124667048454285,0.3433574140071869,0.6687440276145935,0.999091625213623
side_person17.mp4,side,134,4467,30.0,848,478,0,nose,0.4426719844341278,0.3930482864379883,-0.12848244607448578,0.9987083673477173,0.9987847208976746
side_person17.mp4,side,134,4467,30.0,848,478,1,left_eye_inner,0.4433550238609314,0.37364116311073303,-0.14879877865314484,0.9985416531562805,0.99872225522995
side_person17.mp4,side,134,4467,30.0,848,478,2,left_eye,0.44438695907592773,0.3727600574493408,-0.14884720742702484,0.998599112033844,0.9987323880195618
side_person17.mp4,side,134,4467,30.0,848,478,3,left_eye_outer,0.44547364115715027,0.3720153868198395,-0.1489214301109314,0.9989774227142334,0.9987701773643494
side_person17.mp4,side,134,4467,30.0,848,478,4,right_eye_inner,0.4430188238620758,0.3732985258102417,-0.11782839894294739,0.9981406331062317,0.9986287355422974
side_person17.mp4,side,134,4467,30.0,848,478,5,right_eye,0.4438604414463043,0.37206679582595825,-0.1178617849946022,0.9980267286300659,0.9985347986221313
side_person17.mp4,side,134,4467,30.0,848,478,6,right_eye_outer,0.44483405351638794,0.37086114287376404,-0.11787758022546768,0.9986123442649841,0.9984331727027893
side_person17.mp4,side,134,4467,30.0,848,478,7,left_ear,0.45838499069213867,0.37100961804389954,-0.19435009360313416,0.9974718689918518,0.9982784986495972
side_person17.mp4,side,134,4467,30.0,848,478,8,right_ear,0.45844146609306335,0.3686223030090332,-0.05623375624418259,0.9979733824729919,0.9978432655334473
side_person17.mp4,side,134,4467,30.0,848,478,9,mouth_left,0.44970715045928955,0.4065934717655182,-0.14178450405597687,0.9975840449333191,0.9982969164848328
side_person17.mp4,side,134,4467,30.0,848,478,10,mouth_right,0.44915592670440674,0.40744420886039734,-0.10133610665798187,0.9957514405250549,0.9981135129928589
side_person17.mp4,side,134,4467,30.0,848,478,11,left_shoulder,0.4838191568851471,0.4502621591091156,-0.2707233130931854,0.9989008903503418,0.9970617890357971
side_person17.mp4,side,134,4467,30.0,848,478,12,right_shoulder,0.48336261510849,0.4443603754043579,0.04299739748239517,0.9955909848213196,0.9975404739379883
side_person17.mp4,side,134,4467,30.0,848,478,13,left_elbow,0.3996387720108032,0.4830493927001953,-0.3216252624988556,0.9859362244606018,0.9994534850120544
side_person17.mp4,side,134,4467,30.0,848,478,14,right_elbow,0.4117846190929413,0.48216506838798523,0.0766773670911789,0.29920080304145813,0.9994794726371765
side_person17.mp4,side,134,4467,30.0,848,478,15,left_wrist,0.3172963261604309,0.47567301988601685,-0.2947740852832794,0.9801993370056152,0.9986181259155273
side_person17.mp4,side,134,4467,30.0,848,478,16,right_wrist,0.3453535735607147,0.48009932041168213,0.009480916894972324,0.36393147706985474,0.9973543882369995
side_person17.mp4,side,134,4467,30.0,848,478,17,left_pinky,0.29434096813201904,0.4680829644203186,-0.34024685621261597,0.9707662463188171,0.9975160360336304
side_person17.mp4,side,134,4467,30.0,848,478,18,right_pinky,0.3338870704174042,0.470622718334198,0.0025818971917033195,0.3736894726753235,0.9962073564529419
side_person17.mp4,side,134,4467,30.0,848,478,19,left_index,0.30130326747894287,0.46108219027519226,-0.3228462040424347,0.9680636525154114,0.9975610971450806
side_person17.mp4,side,134,4467,30.0,848,478,20,right_index,0.330733060836792,0.466608464717865,-0.029653068631887436,0.3862043619155884,0.9955594539642334
side_person17.mp4,side,134,4467,30.0,848,478,21,left_thumb,0.3103315234184265,0.46404996514320374,-0.2901214063167572,0.9496196508407593,0.99793541431427
side_person17.mp4,side,134,4467,30.0,848,478,22,right_thumb,0.33185479044914246,0.46999743580818176,-0.00785066094249487,0.41323620080947876,0.9963669776916504
side_person17.mp4,side,134,4467,30.0,848,478,23,left_hip,0.5645893216133118,0.6578007340431213,-0.09856996685266495,0.9987447261810303,0.9995343685150146
side_person17.mp4,side,134,4467,30.0,848,478,24,right_hip,0.5465174913406372,0.6351774334907532,0.09865514934062958,0.9976006150245667,0.9996687173843384
side_person17.mp4,side,134,4467,30.0,848,478,25,left_knee,0.4678206145763397,0.7589655518531799,-0.049196962267160416,0.946455180644989,0.9990912675857544
side_person17.mp4,side,134,4467,30.0,848,478,26,right_knee,0.4573644995689392,0.7113635540008545,0.14580339193344116,0.47932276129722595,0.9991764426231384
side_person17.mp4,side,134,4467,30.0,848,478,27,left_ankle,0.5045711994171143,0.9064504504203796,0.12238358706235886,0.9539411067962646,0.9980570673942566
side_person17.mp4,side,134,4467,30.0,848,478,28,right_ankle,0.4987896680831909,0.865787148475647,0.3191010057926178,0.5671574473381042,0.9995039701461792
side_person17.mp4,side,134,4467,30.0,848,478,29,left_heel,0.5173770785331726,0.9287213087081909,0.14040067791938782,0.9375572204589844,0.9978741407394409
side_person17.mp4,side,134,4467,30.0,848,478,30,right_heel,0.5105729103088379,0.8994225263595581,0.3385266959667206,0.6993920207023621,0.9994187355041504
side_person17.mp4,side,134,4467,30.0,848,478,31,left_foot_index,0.46551957726478577,0.9278897047042847,0.1390049159526825,0.9305200576782227,0.9972394704818726
side_person17.mp4,side,134,4467,30.0,848,478,32,right_foot_index,0.4623918831348419,0.9086827039718628,0.3488578200340271,0.6727790832519531,0.9991241097450256
side_person17.mp4,side,135,4500,30.0,848,478,0,nose,0.44147738814353943,0.4037160873413086,-0.12635870277881622,0.9987920522689819,0.9986571073532104
side_person17.mp4,side,135,4500,30.0,848,478,1,left_eye_inner,0.4420592188835144,0.38512060046195984,-0.14435891807079315,0.9986375570297241,0.9986206293106079
side_person17.mp4,side,135,4500,30.0,848,478,2,left_eye,0.4429638087749481,0.38420048356056213,-0.14438636600971222,0.9986937046051025,0.9986128807067871
side_person17.mp4,side,135,4500,30.0,848,478,3,left_eye_outer,0.44403642416000366,0.3832429349422455,-0.14447076618671417,0.9990432262420654,0.998630166053772
side_person17.mp4,side,135,4500,30.0,848,478,4,right_eye_inner,0.441893607378006,0.3847891390323639,-0.11438414454460144,0.9982555508613586,0.9985675811767578
side_person17.mp4,side,135,4500,30.0,848,478,5,right_eye,0.44272175431251526,0.383596271276474,-0.11443106830120087,0.998153030872345,0.9984690546989441
side_person17.mp4,side,135,4500,30.0,848,478,6,right_eye_outer,0.443880558013916,0.3821304142475128,-0.1144154891371727,0.9986984133720398,0.9983654618263245
side_person17.mp4,side,135,4500,30.0,848,478,7,left_ear,0.4566396176815033,0.38240712881088257,-0.18704192340373993,0.9976072311401367,0.9980934262275696
side_person17.mp4,side,135,4500,30.0,848,478,8,right_ear,0.45713239908218384,0.3801954984664917,-0.05106126889586449,0.9981086254119873,0.9977638721466064
side_person17.mp4,side,135,4500,30.0,848,478,9,mouth_left,0.44845303893089294,0.41743019223213196,-0.13886046409606934,0.9977185130119324,0.9980564117431641
side_person17.mp4,side,135,4500,30.0,848,478,10,mouth_right,0.44823408126831055,0.418233722448349,-0.09985436499118805,0.9959922432899475,0.9978370070457458
side_person17.mp4,side,135,4500,30.0,848,478,11,left_shoulder,0.48152849078178406,0.46107470989227295,-0.25625383853912354,0.9988731741905212,0.9957963228225708
side_person17.mp4,side,135,4500,30.0,848,478,12,right_shoulder,0.4828617572784424,0.4548827111721039,0.05331989377737045,0.9955958127975464,0.9965078234672546
side_person17.mp4,side,135,4500,30.0,848,478,13,left_elbow,0.39923855662345886,0.493875116109848,-0.3085651099681854,0.9860373735427856,0.998974084854126
side_person17.mp4,side,135,4500,30.0,848,478,14,right_elbow,0.4089558720588684,0.49345114827156067,0.08333469927310944,0.30152177810668945,0.9990251064300537
side_person17.mp4,side,135,4500,30.0,848,478,15,left_wrist,0.31130993366241455,0.48494595289230347,-0.2822553217411041,0.981149435043335,0.997186005115509
side_person17.mp4,side,135,4500,30.0,848,478,16,right_wrist,0.3397546112537384,0.48740091919898987,0.013210193254053593,0.3674027919769287,0.9937173128128052
side_person17.mp4,side,135,4500,30.0,848,478,17,left_pinky,0.28959712386131287,0.4796017110347748,-0.32676035165786743,0.9721555113792419,0.9949656128883362
side_person17.mp4,side,135,4500,30.0,848,478,18,right_pinky,0.3266421854496002,0.4796089231967926,0.007886349223554134,0.3785068988800049,0.9909070730209351
side_person17.mp4,side,135,4500,30.0,848,478,19,left_index,0.29407644271850586,0.4720216989517212,-0.3086208701133728,0.9695876836776733,0.99503493309021
side_person17.mp4,side,135,4500,30.0,848,478,20,right_index,0.3247050642967224,0.4766099452972412,-0.02475987933576107,0.39111289381980896,0.9895784258842468
side_person17.mp4,side,135,4500,30.0,848,478,21,left_thumb,0.303606778383255,0.47433844208717346,-0.2771998941898346,0.9519866108894348,0.9957488179206848
side_person17.mp4,side,135,4500,30.0,848,478,22,right_thumb,0.32541540265083313,0.47955015301704407,-0.004515962675213814,0.41913795471191406,0.9912332892417908
side_person17.mp4,side,135,4500,30.0,848,478,23,left_hip,0.5645328164100647,0.6666305065155029,-0.09872150421142578,0.9988091588020325,0.9990487694740295
side_person17.mp4,side,135,4500,30.0,848,478,24,right_hip,0.5465188026428223,0.644813060760498,0.09880086779594421,0.9977466464042664,0.9993744492530823
side_person17.mp4,side,135,4500,30.0,848,478,25,left_knee,0.46330684423446655,0.757764995098114,-0.05762367323040962,0.947251558303833,0.9984472393989563
side_person17.mp4,side,135,4500,30.0,848,478,26,right_knee,0.45678427815437317,0.7111484408378601,0.1456400752067566,0.4795527458190918,0.9986578226089478
side_person17.mp4,side,135,4500,30.0,848,478,27,left_ankle,0.504450261592865,0.9064363837242126,0.11381956189870834,0.9509323239326477,0.9968928098678589
side_person17.mp4,side,135,4500,30.0,848,478,28,right_ankle,0.4988017678260803,0.8661496043205261,0.3070114850997925,0.5601730942726135,0.9989306330680847
side_person17.mp4,side,135,4500,30.0,848,478,29,left_heel,0.517450749874115,0.9287174940109253,0.13299602270126343,0.9344465732574463,0.9968553781509399
side_person17.mp4,side,135,4500,30.0,848,478,30,right_heel,0.5105988383293152,0.8988312482833862,0.3246336579322815,0.6945575475692749,0.9988166093826294
side_person17.mp4,side,135,4500,30.0,848,478,31,left_foot_index,0.46550068259239197,0.9278108477592468,0.14160184562206268,0.9261668920516968,0.9958113431930542
side_person17.mp4,side,135,4500,30.0,848,478,32,right_foot_index,0.46235156059265137,0.9086999893188477,0.3338982164859772,0.6677336096763611,0.9982106685638428
side_person17.mp4,side,136,4533,30.0,848,478,0,nose,0.44098177552223206,0.4153287708759308,-0.1298145204782486,0.9988107681274414,0.9974363446235657
side_person17.mp4,side,136,4533,30.0,848,478,1,left_eye_inner,0.44133129715919495,0.3972521424293518,-0.14989764988422394,0.9986567497253418,0.9974870681762695
side_person17.mp4,side,136,4533,30.0,848,478,2,left_eye,0.442304790019989,0.3962089419364929,-0.14992016553878784,0.9987170696258545,0.9975480437278748
side_person17.mp4,side,136,4533,30.0,848,478,3,left_eye_outer,0.44335415959358215,0.3953208327293396,-0.14998741447925568,0.9990532994270325,0.9976348876953125
side_person17.mp4,side,136,4533,30.0,848,478,4,right_eye_inner,0.44101884961128235,0.3968954384326935,-0.11808586120605469,0.998263955116272,0.9973764419555664
side_person17.mp4,side,136,4533,30.0,848,478,5,right_eye,0.44182470440864563,0.3955298364162445,-0.11811910569667816,0.9981719851493835,0.9972672462463379
side_person17.mp4,side,136,4533,30.0,848,478,6,right_eye_outer,0.44283080101013184,0.3941456973552704,-0.11812041699886322,0.9987101554870605,0.9972233772277832
side_person17.mp4,side,136,4533,30.0,848,478,7,left_ear,0.4559910297393799,0.39378270506858826,-0.19415967166423798,0.997575044631958,0.9967130422592163
side_person17.mp4,side,136,4533,30.0,848,478,8,right_ear,0.45607978105545044,0.3914746344089508,-0.05122572183609009,0.998137891292572,0.9963108897209167
side_person17.mp4,side,136,4533,30.0,848,478,9,mouth_left,0.44795724749565125,0.42897868156433105,-0.1433093398809433,0.9977279305458069,0.9972099661827087
side_person17.mp4,side,136,4533,30.0,848,478,10,mouth_right,0.44757091999053955,0.4298064410686493,-0.1016915962100029,0.9960464835166931,0.9970236420631409
side_person17.mp4,side,136,4533,30.0,848,478,11,left_shoulder,0.48205310106277466,0.47151973843574524,-0.2608087956905365,0.9988102316856384,0.9949457049369812
side_person17.mp4,side,136,4533,30.0,848,478,12,right_shoulder,0.47779929637908936,0.4653835594654083,0.048262819647789,0.9956257343292236,0.9971670508384705
side_person17.mp4,side,136,4533,30.0,848,478,13,left_elbow,0.4000873863697052,0.5048397183418274,-0.31762102246284485,0.9860607385635376,0.9981445074081421
side_person17.mp4,side,136,4533,30.0,848,478,14,right_elbow,0.4059576988220215,0.500177800655365,0.0808769017457962,0.3102826178073883,0.9990707635879517
side_person17.mp4,side,136,4533,30.0,848,478,15,left_wrist,0.3148614168167114,0.49494969844818115,-0.2990705072879791,0.9818193912506104,0.994738757610321
side_person17.mp4,side,136,4533,30.0,848,478,16,right_wrist,0.33805251121520996,0.49542948603630066,0.008490470238029957,0.3801101744174957,0.994098424911499
side_person17.mp4,side,136,4533,30.0,848,478,17,left_pinky,0.2964749336242676,0.48823052644729614,-0.34430116415023804,0.9731393456459045,0.9915311336517334
side_person17.mp4,side,136,4533,30.0,848,478,18,right_pinky,0.32422181963920593,0.4861704409122467,0.0008814450702629983,0.3923318386077881,0.9907490611076355
side_person17.mp4,side,136,4533,30.0,848,478,19,left_index,0.30216681957244873,0.47996917366981506,-0.32731351256370544,0.9706957936286926,0.9916834831237793
side_person17.mp4,side,136,4533,30.0,848,478,20,right_index,0.32280611991882324,0.48407530784606934,-0.03095368668437004,0.4050447642803192,0.9893060326576233
side_person17.mp4,side,136,4533,30.0,848,478,21,left_thumb,0.30683740973472595,0.4836371839046478,-0.29470717906951904,0.9536804556846619,0.9925724267959595
side_person17.mp4,side,136,4533,30.0,848,478,22,right_thumb,0.32450172305107117,0.4874127209186554,-0.00893231201916933,0.4336206614971161,0.9912449717521667
side_person17.mp4,side,136,4533,30.0,848,478,23,left_hip,0.5645206570625305,0.6747646331787109,-0.09906351566314697,0.9988042712211609,0.9980577826499939
side_person17.mp4,side,136,4533,30.0,848,478,24,right_hip,0.5453288555145264,0.651684045791626,0.09914415329694748,0.9978106617927551,0.9989616870880127
side_person17.mp4,side,136,4533,30.0,848,478,25,left_knee,0.4598216712474823,0.7572523355484009,-0.08607694506645203,0.9475045800209045,0.9976822137832642
side_person17.mp4,side,136,4533,30.0,848,478,26,right_knee,0.45443153381347656,0.710663378238678,0.1427098959684372,0.47541502118110657,0.9982333183288574
side_person17.mp4,side,136,4533,30.0,848,478,27,left_ankle,0.5044678449630737,0.9058569669723511,0.09211917966604233,0.9491896033287048,0.9965921640396118
side_person17.mp4,side,136,4533,30.0,848,478,28,right_ankle,0.4987874925136566,0.8651967644691467,0.3030932545661926,0.5520250797271729,0.9983287453651428
side_person17.mp4,side,136,4533,30.0,848,478,29,left_heel,0.518366277217865,0.9285371899604797,0.11473125964403152,0.9328550100326538,0.9968444108963013
side_person17.mp4,side,136,4533,30.0,848,478,30,right_heel,0.5106183886528015,0.89750075340271,0.32063964009284973,0.6884504556655884,0.9982979893684387
side_person17.mp4,side,136,4533,30.0,848,478,31,left_foot_index,0.46575021743774414,0.9278075695037842,0.11868846416473389,0.9233711957931519,0.9955888986587524
side_person17.mp4,side,136,4533,30.0,848,478,32,right_foot_index,0.4629260301589966,0.9088414311408997,0.3210957646369934,0.6607460379600525,0.9974365830421448
side_person17.mp4,side,137,4567,30.0,848,478,0,nose,0.4405839741230011,0.42689263820648193,-0.1392216831445694,0.9987939596176147,0.9971119165420532
side_person17.mp4,side,137,4567,30.0,848,478,1,left_eye_inner,0.44085636734962463,0.40714046359062195,-0.16115137934684753,0.9986479878425598,0.9974804520606995
side_person17.mp4,side,137,4567,30.0,848,478,2,left_eye,0.44180747866630554,0.40616554021835327,-0.16117748618125916,0.9987159967422485,0.9976310729980469
side_person17.mp4,side,137,4567,30.0,848,478,3,left_eye_outer,0.4428410828113556,0.4053448438644409,-0.1612488478422165,0.9990425705909729,0.9978004097938538
side_person17.mp4,side,137,4567,30.0,848,478,4,right_eye_inner,0.4406421482563019,0.40688493847846985,-0.12765388190746307,0.9982240796089172,0.9972150325775146
side_person17.mp4,side,137,4567,30.0,848,478,5,right_eye,0.44150373339653015,0.4056282937526703,-0.12767931818962097,0.9981382489204407,0.9970909357070923
side_person17.mp4,side,137,4567,30.0,848,478,6,right_eye_outer,0.4425468444824219,0.4043394923210144,-0.127690389752388,0.9986785054206848,0.9970638155937195
side_person17.mp4,side,137,4567,30.0,848,478,7,left_ear,0.45569199323654175,0.40481036901474,-0.20897650718688965,0.9975072741508484,0.9972067475318909
side_person17.mp4,side,137,4567,30.0,848,478,8,right_ear,0.45580002665519714,0.40253326296806335,-0.05864455923438072,0.9981076717376709,0.9963259100914001
side_person17.mp4,side,137,4567,30.0,848,478,9,mouth_left,0.4476722180843353,0.4395727515220642,-0.15385402739048004,0.9977033138275146,0.9974008798599243
side_person17.mp4,side,137,4567,30.0,848,478,10,mouth_right,0.44747471809387207,0.44048944115638733,-0.11004838347434998,0.9960699677467346,0.9971663355827332
side_person17.mp4,side,137,4567,30.0,848,478,11,left_shoulder,0.4819951057434082,0.4833599925041199,-0.2787438929080963,0.9987789988517761,0.996623158454895
side_person17.mp4,side,137,4567,30.0,848,478,12,right_shoulder,0.4773143529891968,0.4728792905807495,0.04412171244621277,0.9956921339035034,0.99797123670578
side_person17.mp4,side,137,4567,30.0,848,478,13,left_elbow,0.4003240764141083,0.5155450701713562,-0.334542840719223,0.9858998656272888,0.9983518123626709
side_person17.mp4,side,137,4567,30.0,848,478,14,right_elbow,0.4040931761264801,0.5058199763298035,0.08047135174274445,0.31124991178512573,0.9991208910942078
side_person17.mp4,side,137,4567,30.0,848,478,15,left_wrist,0.3163806200027466,0.5028272867202759,-0.3062722682952881,0.9821360111236572,0.9957277774810791
side_person17.mp4,side,137,4567,30.0,848,478,16,right_wrist,0.33553093671798706,0.4998524487018585,0.0030583557672798634,0.38681337237358093,0.9943462014198303
side_person17.mp4,side,137,4567,30.0,848,478,17,left_pinky,0.2970041036605835,0.49480777978897095,-0.3520473539829254,0.9736461043357849,0.9931446313858032
side_person17.mp4,side,137,4567,30.0,848,478,18,right_pinky,0.32267799973487854,0.489200621843338,-0.006445351522415876,0.4015304744243622,0.9911052584648132
side_person17.mp4,side,137,4567,30.0,848,478,19,left_index,0.30419108271598816,0.48566102981567383,-0.3367900848388672,0.9713102579116821,0.993309736251831
side_person17.mp4,side,137,4567,30.0,848,478,20,right_index,0.32138553261756897,0.48732009530067444,-0.03866144269704819,0.4147992432117462,0.989903450012207
side_person17.mp4,side,137,4567,30.0,848,478,21,left_thumb,0.30765432119369507,0.4897073209285736,-0.3022761046886444,0.9545808434486389,0.9940529465675354
side_person17.mp4,side,137,4567,30.0,848,478,22,right_thumb,0.32343581318855286,0.49092552065849304,-0.014698587357997894,0.4439204931259155,0.991852343082428
side_person17.mp4,side,137,4567,30.0,848,478,23,left_hip,0.5640566945075989,0.6836388111114502,-0.10085777193307877,0.9988406300544739,0.9989582300186157
side_person17.mp4,side,137,4567,30.0,848,478,24,right_hip,0.5446745753288269,0.6587074398994446,0.10094992816448212,0.9979105591773987,0.9993888139724731
side_person17.mp4,side,137,4567,30.0,848,478,25,left_knee,0.4569893479347229,0.7567713260650635,-0.08885794132947922,0.9470376968383789,0.9986169338226318
side_person17.mp4,side,137,4567,30.0,848,478,26,right_knee,0.45216527581214905,0.7103843092918396,0.15745677053928375,0.46764475107192993,0.9987724423408508
side_person17.mp4,side,137,4567,30.0,848,478,27,left_ankle,0.5041016340255737,0.905877411365509,0.09334532171487808,0.9471265077590942,0.998167872428894
side_person17.mp4,side,137,4567,30.0,848,478,28,right_ankle,0.49875402450561523,0.8623462319374084,0.31933853030204773,0.5414785146713257,0.9988297820091248
side_person17.mp4,side,137,4567,30.0,848,478,29,left_heel,0.5183561444282532,0.9287159442901611,0.11498653888702393,0.9309635758399963,0.9983137845993042
side_person17.mp4,side,137,4567,30.0,848,478,30,right_heel,0.5110376477241516,0.896513819694519,0.33662471175193787,0.6803080439567566,0.9988633394241333
side_person17.mp4,side,137,4567,30.0,848,478,31,left_foot_index,0.4657120108604431,0.9280974864959717,0.1315459907054901,0.9206188321113586,0.9973635077476501
side_person17.mp4,side,137,4567,30.0,848,478,32,right_foot_index,0.4633448123931885,0.9081087112426758,0.35067301988601685,0.6522265672683716,0.9982239603996277
side_person17.mp4,side,138,4600,30.0,848,478,0,nose,0.43994173407554626,0.4346555471420288,-0.15973128378391266,0.9987918734550476,0.9970382452011108
side_person17.mp4,side,138,4600,30.0,848,478,1,left_eye_inner,0.4401666522026062,0.41548019647598267,-0.18268243968486786,0.9986602067947388,0.9975526928901672
side_person17.mp4,side,138,4600,30.0,848,478,2,left_eye,0.441143274307251,0.4145949184894562,-0.1827065497636795,0.9987325668334961,0.9977499842643738
side_person17.mp4,side,138,4600,30.0,848,478,3,left_eye_outer,0.44221338629722595,0.41385576128959656,-0.18278303742408752,0.9990459680557251,0.9979483485221863
side_person17.mp4,side,138,4600,30.0,848,478,4,right_eye_inner,0.44003522396087646,0.41511860489845276,-0.14814844727516174,0.9982162117958069,0.9972457885742188
side_person17.mp4,side,138,4600,30.0,848,478,5,right_eye,0.4409763813018799,0.4138850271701813,-0.14817842841148376,0.9981348514556885,0.9971447587013245
side_person17.mp4,side,138,4600,30.0,848,478,6,right_eye_outer,0.44209203124046326,0.4126306176185608,-0.14819380640983582,0.9986698031425476,0.9971733093261719
side_person17.mp4,side,138,4600,30.0,848,478,7,left_ear,0.45538195967674255,0.41400206089019775,-0.23136748373508453,0.99750816822052,0.9974740147590637
side_person17.mp4,side,138,4600,30.0,848,478,8,right_ear,0.45546963810920715,0.4114537537097931,-0.07603516429662704,0.9981265068054199,0.9966260194778442
side_person17.mp4,side,138,4600,30.0,848,478,9,mouth_left,0.44689276814460754,0.44768378138542175,-0.1744598001241684,0.9977109432220459,0.9975171089172363
side_person17.mp4,side,138,4600,30.0,848,478,10,mouth_right,0.44687023758888245,0.4483869671821594,-0.12918557226657867,0.9961640238761902,0.997326135635376
side_person17.mp4,side,138,4600,30.0,848,478,11,left_shoulder,0.4817713499069214,0.493046373128891,-0.29934626817703247,0.9987719655036926,0.9969876408576965
side_person17.mp4,side,138,4600,30.0,848,478,12,right_shoulder,0.4757430851459503,0.4789923429489136,0.0288208220154047,0.9958568215370178,0.9986222982406616
side_person17.mp4,side,138,4600,30.0,848,478,13,left_elbow,0.40007922053337097,0.5249121189117432,-0.3583092987537384,0.9859358668327332,0.998206615447998
side_person17.mp4,side,138,4600,30.0,848,478,14,right_elbow,0.40233612060546875,0.5110626816749573,0.06599632650613785,0.3170996904373169,0.999222993850708
side_person17.mp4,side,138,4600,30.0,848,478,15,left_wrist,0.317676842212677,0.513414740562439,-0.3324996531009674,0.9825078248977661,0.9951649904251099
side_person17.mp4,side,138,4600,30.0,848,478,16,right_wrist,0.33242422342300415,0.5060930848121643,-0.016860466450452805,0.3998872935771942,0.9943429231643677
side_person17.mp4,side,138,4600,30.0,848,478,17,left_pinky,0.30115312337875366,0.5059749484062195,-0.3814001977443695,0.9741796255111694,0.9923243522644043
side_person17.mp4,side,138,4600,30.0,848,478,18,right_pinky,0.3206920027732849,0.4951436221599579,-0.028460631147027016,0.41618987917900085,0.990778923034668
side_person17.mp4,side,138,4600,30.0,848,478,19,left_index,0.3052782714366913,0.49589332938194275,-0.36724644899368286,0.9719537496566772,0.9925307631492615
side_person17.mp4,side,138,4600,30.0,848,478,20,right_index,0.31973040103912354,0.49322423338890076,-0.06235312670469284,0.4300138056278229,0.9894644021987915
side_person17.mp4,side,138,4600,30.0,848,478,21,left_thumb,0.30844050645828247,0.5000380873680115,-0.329288512468338,0.9554779529571533,0.9932823181152344
side_person17.mp4,side,138,4600,30.0,848,478,22,right_thumb,0.321414977312088,0.4971644878387451,-0.03537764027714729,0.45913729071617126,0.9916404485702515
side_person17.mp4,side,138,4600,30.0,848,478,23,left_hip,0.5635936856269836,0.693330705165863,-0.10280297696590424,0.998896598815918,0.9991645812988281
side_person17.mp4,side,138,4600,30.0,848,478,24,right_hip,0.543800950050354,0.6658698320388794,0.10290532559156418,0.9980382323265076,0.9995869994163513
side_person17.mp4,side,138,4600,30.0,848,478,25,left_knee,0.45419570803642273,0.7562424540519714,-0.09472011029720306,0.9478426575660706,0.9984598159790039
side_person17.mp4,side,138,4600,30.0,848,478,26,right_knee,0.4506426453590393,0.7119249701499939,0.165757954120636,0.46505144238471985,0.9988252520561218
side_person17.mp4,side,138,4600,30.0,848,478,27,left_ankle,0.5040480494499207,0.9058699607849121,0.09689901769161224,0.945464015007019,0.9982326030731201
side_person17.mp4,side,138,4600,30.0,848,478,28,right_ankle,0.4987504780292511,0.8613871932029724,0.33093059062957764,0.5332196354866028,0.9986176490783691
side_person17.mp4,side,138,4600,30.0,848,478,29,left_heel,0.5187802314758301,0.9278222918510437,0.11948990076780319,0.9291443228721619,0.9984489679336548
side_person17.mp4,side,138,4600,30.0,848,478,30,right_heel,0.5113798975944519,0.8947369456291199,0.3484362065792084,0.6717228889465332,0.998654842376709
side_person17.mp4,side,138,4600,30.0,848,478,31,left_foot_index,0.4658977687358856,0.928470253944397,0.1452735960483551,0.9182342290878296,0.9973412156105042
side_person17.mp4,side,138,4600,30.0,848,478,32,right_foot_index,0.46491265296936035,0.9075166583061218,0.3668176531791687,0.6442145705223083,0.9976910352706909
side_person17.mp4,side,139,4633,30.0,848,478,0,nose,0.4391593635082245,0.44278484582901,-0.1500815600156784,0.9987714290618896,0.9973909258842468
side_person17.mp4,side,139,4633,30.0,848,478,1,left_eye_inner,0.43917861580848694,0.42360809445381165,-0.17273306846618652,0.9986510872840881,0.9978308081626892
side_person17.mp4,side,139,4633,30.0,848,478,2,left_eye,0.4401338994503021,0.4227225184440613,-0.17275680601596832,0.998731791973114,0.9979953765869141
side_person17.mp4,side,139,4633,30.0,848,478,3,left_eye_outer,0.44120410084724426,0.422031044960022,-0.1728263944387436,0.9990349411964417,0.9981597065925598
side_person17.mp4,side,139,4633,30.0,848,478,4,right_eye_inner,0.4390959143638611,0.4233038127422333,-0.1383792757987976,0.9981842041015625,0.9975739121437073
side_person17.mp4,side,139,4633,30.0,848,478,5,right_eye,0.44004324078559875,0.42210811376571655,-0.13840198516845703,0.9981101751327515,0.9974623918533325
side_person17.mp4,side,139,4633,30.0,848,478,6,right_eye_outer,0.44116196036338806,0.4209277331829071,-0.1384117156267166,0.9986448884010315,0.9974660873413086
side_person17.mp4,side,139,4633,30.0,848,478,7,left_ear,0.45447859168052673,0.4223816990852356,-0.22158125042915344,0.997463583946228,0.9977116584777832
side_person17.mp4,side,139,4633,30.0,848,478,8,right_ear,0.4545126259326935,0.4200184643268585,-0.06721918284893036,0.9981239438056946,0.996871292591095
side_person17.mp4,side,139,4633,30.0,848,478,9,mouth_left,0.44617387652397156,0.45583581924438477,-0.16490474343299866,0.9976629018783569,0.9977390766143799
side_person17.mp4,side,139,4633,30.0,848,478,10,mouth_right,0.4462343752384186,0.4565519392490387,-0.11986616253852844,0.9961933493614197,0.9975072741508484
side_person17.mp4,side,139,4633,30.0,848,478,11,left_shoulder,0.4805033802986145,0.5009937882423401,-0.2915955185890198,0.998764157295227,0.9971194267272949
side_person17.mp4,side,139,4633,30.0,848,478,12,right_shoulder,0.47517380118370056,0.4853018820285797,0.03781769424676895,0.9959799647331238,0.9983812570571899
side_person17.mp4,side,139,4633,30.0,848,478,13,left_elbow,0.39826181530952454,0.5321813225746155,-0.3536369502544403,0.9859714508056641,0.9984879493713379
side_person17.mp4,side,139,4633,30.0,848,478,14,right_elbow,0.40316343307495117,0.5137086510658264,0.07250899821519852,0.31899547576904297,0.999213695526123
side_person17.mp4,side,139,4633,30.0,848,478,15,left_wrist,0.31225112080574036,0.5207231044769287,-0.33058223128318787,0.9829159379005432,0.9955678582191467
side_person17.mp4,side,139,4633,30.0,848,478,16,right_wrist,0.33433759212493896,0.5089619755744934,-0.007043785415589809,0.40959158539772034,0.9953806400299072
side_person17.mp4,side,139,4633,30.0,848,478,17,left_pinky,0.29598909616470337,0.5155159831047058,-0.3796667158603668,0.9747520089149475,0.9926919341087341
side_person17.mp4,side,139,4633,30.0,848,478,18,right_pinky,0.3224799633026123,0.49825870990753174,-0.016858365386724472,0.4276283383369446,0.9925992488861084
side_person17.mp4,side,139,4633,30.0,848,478,19,left_index,0.3037043809890747,0.5036747455596924,-0.36270374059677124,0.9726179838180542,0.9927467703819275
side_person17.mp4,side,139,4633,30.0,848,478,20,right_index,0.3212369978427887,0.49677759408950806,-0.05031720921397209,0.4417122006416321,0.9915574789047241
side_person17.mp4,side,139,4633,30.0,848,478,21,left_thumb,0.305833101272583,0.5079661011695862,-0.32626965641975403,0.9563571810722351,0.9936052560806274
side_person17.mp4,side,139,4633,30.0,848,478,22,right_thumb,0.3227778375148773,0.5008779168128967,-0.025241080671548843,0.4702497124671936,0.9932458996772766
side_person17.mp4,side,139,4633,30.0,848,478,23,left_hip,0.5630589127540588,0.6987953186035156,-0.10411833226680756,0.9989356398582458,0.9990692734718323
side_person17.mp4,side,139,4633,30.0,848,478,24,right_hip,0.5437752604484558,0.6713377237319946,0.10421604663133621,0.99812912940979,0.9994584918022156
side_person17.mp4,side,139,4633,30.0,848,478,25,left_knee,0.4517219364643097,0.7559992671012878,-0.09708897024393082,0.9476950168609619,0.9981472492218018
side_person17.mp4,side,139,4633,30.0,848,478,26,right_knee,0.45044833421707153,0.7150754332542419,0.1701175719499588,0.4548178017139435,0.9983647465705872
side_person17.mp4,side,139,4633,30.0,848,478,27,left_ankle,0.5039002299308777,0.9049563407897949,0.09612008929252625,0.9429986476898193,0.9980313181877136
side_person17.mp4,side,139,4633,30.0,848,478,28,right_ankle,0.498732328414917,0.8609116673469543,0.33105266094207764,0.5196483135223389,0.9982925057411194
side_person17.mp4,side,139,4633,30.0,848,478,29,left_heel,0.518771231174469,0.9225006699562073,0.11813762038946152,0.9269056916236877,0.9982848763465881
side_person17.mp4,side,139,4633,30.0,848,478,30,right_heel,0.513363242149353,0.8925869464874268,0.3479697108268738,0.6604819893836975,0.9984080195426941
side_person17.mp4,side,139,4633,30.0,848,478,31,left_foot_index,0.466309130191803,0.9287871718406677,0.14466926455497742,0.9148122668266296,0.997367799282074
side_person17.mp4,side,139,4633,30.0,848,478,32,right_foot_index,0.4660821855068207,0.9072152972221375,0.3660332262516022,0.6322617530822754,0.9975702166557312
side_person17.mp4,side,140,4667,30.0,848,478,0,nose,0.43810519576072693,0.4489032030105591,-0.1463898867368698,0.9987697005271912,0.9976522326469421
side_person17.mp4,side,140,4667,30.0,848,478,1,left_eye_inner,0.43841010332107544,0.4304671883583069,-0.16867585480213165,0.998669445514679,0.9982313513755798
side_person17.mp4,side,140,4667,30.0,848,478,2,left_eye,0.43942612409591675,0.4298083782196045,-0.1687028855085373,0.9987540245056152,0.9984101057052612
side_person17.mp4,side,140,4667,30.0,848,478,3,left_eye_outer,0.44056856632232666,0.4293401837348938,-0.1687733232975006,0.9990450143814087,0.998576283454895
side_person17.mp4,side,140,4667,30.0,848,478,4,right_eye_inner,0.4383320212364197,0.43003326654434204,-0.13426034152507782,0.9981922507286072,0.9979187846183777
side_person17.mp4,side,140,4667,30.0,848,478,5,right_eye,0.4393191933631897,0.42896655201911926,-0.13427481055259705,0.9981241822242737,0.9978027939796448
side_person17.mp4,side,140,4667,30.0,848,478,6,right_eye_outer,0.44047442078590393,0.4279150664806366,-0.1342749297618866,0.99864661693573,0.9977899789810181
side_person17.mp4,side,140,4667,30.0,848,478,7,left_ear,0.4540659487247467,0.43030309677124023,-0.21660077571868896,0.9974868297576904,0.9982994198799133
side_person17.mp4,side,140,4667,30.0,848,478,8,right_ear,0.45378974080085754,0.42770132422447205,-0.062490638345479965,0.9981531500816345,0.9972938895225525
side_person17.mp4,side,140,4667,30.0,848,478,9,mouth_left,0.4451579451560974,0.46248486638069153,-0.16105160117149353,0.9976586103439331,0.9979963898658752
side_person17.mp4,side,140,4667,30.0,848,478,10,mouth_right,0.44527024030685425,0.4629760682582855,-0.11589141935110092,0.9962877035140991,0.9977026581764221
side_person17.mp4,side,140,4667,30.0,848,478,11,left_shoulder,0.47905614972114563,0.5099944472312927,-0.28686657547950745,0.9987730383872986,0.9977936744689941
side_person17.mp4,side,140,4667,30.0,848,478,12,right_shoulder,0.47364678978919983,0.49252793192863464,0.04208662733435631,0.9960640072822571,0.9984639883041382
side_person17.mp4,side,140,4667,30.0,848,478,13,left_elbow,0.3967854976654053,0.5390700101852417,-0.3513425290584564,0.9860257506370544,0.9988260865211487
side_person17.mp4,side,140,4667,30.0,848,478,14,right_elbow,0.402587890625,0.5155748724937439,0.07529047876596451,0.313789039850235,0.9991416931152344
side_person17.mp4,side,140,4667,30.0,848,478,15,left_wrist,0.3075874149799347,0.5262701511383057,-0.330609530210495,0.9834718704223633,0.9963669776916504
side_person17.mp4,side,140,4667,30.0,848,478,16,right_wrist,0.33543479442596436,0.511684000492096,-0.004325431305915117,0.4121636152267456,0.9950792789459229
side_person17.mp4,side,140,4667,30.0,848,478,17,left_pinky,0.29049062728881836,0.5190190076828003,-0.380920946598053,0.975530743598938,0.993699312210083
side_person17.mp4,side,140,4667,30.0,848,478,18,right_pinky,0.32311949133872986,0.4998803734779358,-0.013550973497331142,0.4322870969772339,0.9921042919158936
side_person17.mp4,side,140,4667,30.0,848,478,19,left_index,0.30115005373954773,0.5075503587722778,-0.3626708984375,0.9734877347946167,0.9936233162879944
side_person17.mp4,side,140,4667,30.0,848,478,20,right_index,0.3218598961830139,0.4987918436527252,-0.04774168133735657,0.44648444652557373,0.990788996219635
side_person17.mp4,side,140,4667,30.0,848,478,21,left_thumb,0.3029329180717468,0.5118522047996521,-0.3260821998119354,0.9575227499008179,0.9944478273391724
side_person17.mp4,side,140,4667,30.0,848,478,22,right_thumb,0.3235360383987427,0.503174364566803,-0.022769032046198845,0.47485727071762085,0.9926807284355164
side_person17.mp4,side,140,4667,30.0,848,478,23,left_hip,0.5624160170555115,0.7054165601730347,-0.10444381088018417,0.9989931583404541,0.9994097948074341
side_person17.mp4,side,140,4667,30.0,848,478,24,right_hip,0.5433387160301208,0.6753467321395874,0.10454799234867096,0.9982325434684753,0.9996076226234436
side_person17.mp4,side,140,4667,30.0,848,478,25,left_knee,0.4509279727935791,0.7559473514556885,-0.10283080488443375,0.9479060173034668,0.9985969662666321
side_person17.mp4,side,140,4667,30.0,848,478,26,right_knee,0.4502573609352112,0.7151927351951599,0.1721460521221161,0.4444226324558258,0.9986540079116821
side_person17.mp4,side,140,4667,30.0,848,478,27,left_ankle,0.5038133263587952,0.9017107486724854,0.08700796216726303,0.9405437707901001,0.9984061121940613
side_person17.mp4,side,140,4667,30.0,848,478,28,right_ankle,0.4984941780567169,0.8493601083755493,0.32369956374168396,0.5074689984321594,0.9985198378562927
side_person17.mp4,side,140,4667,30.0,848,478,29,left_heel,0.5187819004058838,0.918982207775116,0.10940743237733841,0.923842191696167,0.9986233711242676
side_person17.mp4,side,140,4667,30.0,848,478,30,right_heel,0.513325035572052,0.881798505783081,0.33974796533584595,0.648954451084137,0.9986346364021301
side_person17.mp4,side,140,4667,30.0,848,478,31,left_foot_index,0.466500848531723,0.9287868738174438,0.13315606117248535,0.9112086296081543,0.9977700710296631
side_person17.mp4,side,140,4667,30.0,848,478,32,right_foot_index,0.4719838500022888,0.9077689051628113,0.35436201095581055,0.6219907402992249,0.997745931148529
side_person17.mp4,side,141,4700,30.0,848,478,0,nose,0.4368414878845215,0.4560716152191162,-0.14288413524627686,0.9987840056419373,0.9980680346488953
side_person17.mp4,side,141,4700,30.0,848,478,1,left_eye_inner,0.43729811906814575,0.43778324127197266,-0.1649867594242096,0.9987072944641113,0.9985998272895813
side_person17.mp4,side,141,4700,30.0,848,478,2,left_eye,0.43836677074432373,0.4371529221534729,-0.1650160700082779,0.9987926483154297,0.9987537860870361
side_person17.mp4,side,141,4700,30.0,848,478,3,left_eye_outer,0.4395577907562256,0.43671032786369324,-0.16508591175079346,0.9990715384483337,0.9988945126533508
side_person17.mp4,side,141,4700,30.0,848,478,4,right_eye_inner,0.4372217059135437,0.4373449683189392,-0.13092155754566193,0.9982267618179321,0.998274564743042
side_person17.mp4,side,141,4700,30.0,848,478,5,right_eye,0.4382428824901581,0.43630343675613403,-0.130937397480011,0.9981632232666016,0.998126208782196
side_person17.mp4,side,141,4700,30.0,848,478,6,right_eye_outer,0.4394010901451111,0.4352913498878479,-0.1309393346309662,0.9986687898635864,0.9980595707893372
side_person17.mp4,side,141,4700,30.0,848,478,7,left_ear,0.453464150428772,0.4376693069934845,-0.21282412111759186,0.9975495934486389,0.9987204074859619
side_person17.mp4,side,141,4700,30.0,848,478,8,right_ear,0.45296263694763184,0.4350793659687042,-0.06019497662782669,0.9982103705406189,0.9976227879524231
side_person17.mp4,side,141,4700,30.0,848,478,9,mouth_left,0.44409874081611633,0.4700200855731964,-0.15748052299022675,0.9976851940155029,0.9983471632003784
side_person17.mp4,side,141,4700,30.0,848,478,10,mouth_right,0.44424355030059814,0.4703841805458069,-0.11280827969312668,0.9964094161987305,0.9980066418647766
side_person17.mp4,side,141,4700,30.0,848,478,11,left_shoulder,0.4782734513282776,0.5186616778373718,-0.28551363945007324,0.998801052570343,0.9982263445854187
side_person17.mp4,side,141,4700,30.0,848,478,12,right_shoulder,0.47401076555252075,0.498516321182251,0.04412330687046051,0.9961500763893127,0.9985009431838989
side_person17.mp4,side,141,4700,30.0,848,478,13,left_elbow,0.3941050171852112,0.5453569293022156,-0.35040804743766785,0.9861645698547363,0.9991506338119507
side_person17.mp4,side,141,4700,30.0,848,478,14,right_elbow,0.402203768491745,0.5182048082351685,0.07722146809101105,0.30623263120651245,0.9991624355316162
side_person17.mp4,side,141,4700,30.0,848,478,15,left_wrist,0.29904302954673767,0.532568633556366,-0.3244172930717468,0.9840987920761108,0.9969121217727661
side_person17.mp4,side,141,4700,30.0,848,478,16,right_wrist,0.33645403385162354,0.5156990885734558,-0.001610592589713633,0.4110558032989502,0.9952812790870667
side_person17.mp4,side,141,4700,30.0,848,478,17,left_pinky,0.28319084644317627,0.5246923565864563,-0.3738452196121216,0.9764018058776855,0.9941282272338867
side_person17.mp4,side,141,4700,30.0,848,478,18,right_pinky,0.323767751455307,0.5023819804191589,-0.01045626774430275,0.43401390314102173,0.9925000071525574
side_person17.mp4,side,141,4700,30.0,848,478,19,left_index,0.2955420911312103,0.5133017897605896,-0.3551601469516754,0.9744451642036438,0.9941748976707458
side_person17.mp4,side,141,4700,30.0,848,478,20,right_index,0.3222479820251465,0.5018066763877869,-0.04405834525823593,0.44820815324783325,0.991174578666687
side_person17.mp4,side,141,4700,30.0,848,478,21,left_thumb,0.29782727360725403,0.5175496339797974,-0.31966325640678406,0.9588875770568848,0.9950462579727173
side_person17.mp4,side,141,4700,30.0,848,478,22,right_thumb,0.3239286541938782,0.5069108009338379,-0.019825493916869164,0.47615015506744385,0.9930344820022583
side_person17.mp4,side,141,4700,30.0,848,478,23,left_hip,0.5619550943374634,0.7130929231643677,-0.10418917238712311,0.9990559220314026,0.9995833039283752
side_person17.mp4,side,141,4700,30.0,848,478,24,right_hip,0.5433458685874939,0.680647611618042,0.10429730266332626,0.9983358383178711,0.999700665473938
side_person17.mp4,side,141,4700,30.0,848,478,25,left_knee,0.4509465992450714,0.7580795884132385,-0.10254102945327759,0.9472331404685974,0.9985485672950745
side_person17.mp4,side,141,4700,30.0,848,478,26,right_knee,0.4502333104610443,0.7174437642097473,0.16823117434978485,0.43162721395492554,0.9986976385116577
side_person17.mp4,side,141,4700,30.0,848,478,27,left_ankle,0.5030992031097412,0.9015139937400818,0.08327502012252808,0.9362432956695557,0.998210072517395
side_person17.mp4,side,141,4700,30.0,848,478,28,right_ankle,0.49782904982566833,0.8506578803062439,0.320301353931427,0.49225667119026184,0.9984242916107178
side_person17.mp4,side,141,4700,30.0,848,478,29,left_heel,0.5185388922691345,0.9193798899650574,0.10531937330961227,0.9191402792930603,0.9984562397003174
side_person17.mp4,side,141,4700,30.0,848,478,30,right_heel,0.513126790523529,0.883090078830719,0.33742111921310425,0.6356856226921082,0.9985352754592896
side_person17.mp4,side,141,4700,30.0,848,478,31,left_foot_index,0.4657752513885498,0.928892195224762,0.13137438893318176,0.9049906134605408,0.997585654258728
side_person17.mp4,side,141,4700,30.0,848,478,32,right_foot_index,0.46944063901901245,0.9060595035552979,0.3487977385520935,0.6093558669090271,0.99755859375
side_person17.mp4,side,142,4733,30.0,848,478,0,nose,0.43613728880882263,0.4640733599662781,-0.15795175731182098,0.9988372921943665,0.9983199238777161
side_person17.mp4,side,142,4733,30.0,848,478,1,left_eye_inner,0.43666186928749084,0.44577088952064514,-0.1796838641166687,0.9987739324569702,0.9987279772758484
side_person17.mp4,side,142,4733,30.0,848,478,2,left_eye,0.4378025531768799,0.4452158808708191,-0.1797051876783371,0.9988561272621155,0.9988577365875244
side_person17.mp4,side,142,4733,30.0,848,478,3,left_eye_outer,0.4390546381473541,0.44484660029411316,-0.1797870248556137,0.9991177916526794,0.9989792704582214
side_person17.mp4,side,142,4733,30.0,848,478,4,right_eye_inner,0.43653997778892517,0.4452544152736664,-0.1461239606142044,0.9983032941818237,0.9984475374221802
side_person17.mp4,side,142,4733,30.0,848,478,5,right_eye,0.43757352232933044,0.4442388415336609,-0.14614853262901306,0.9982461333274841,0.9983305335044861
side_person17.mp4,side,142,4733,30.0,848,478,6,right_eye_outer,0.43879765272140503,0.4431504011154175,-0.14613531529903412,0.9987268447875977,0.9982851147651672
side_person17.mp4,side,142,4733,30.0,848,478,7,left_ear,0.4533674418926239,0.44576793909072876,-0.22614434361457825,0.9976624846458435,0.9987699389457703
side_person17.mp4,side,142,4733,30.0,848,478,8,right_ear,0.4525715708732605,0.44310152530670166,-0.07450948655605316,0.9982996582984924,0.9979038238525391
side_person17.mp4,side,142,4733,30.0,848,478,9,mouth_left,0.4436398148536682,0.4778788089752197,-0.17213647067546844,0.9977753758430481,0.998474657535553
side_person17.mp4,side,142,4733,30.0,848,478,10,mouth_right,0.44373130798339844,0.47823840379714966,-0.12785844504833221,0.99659264087677,0.998257577419281
side_person17.mp4,side,142,4733,30.0,848,478,11,left_shoulder,0.47872787714004517,0.5270631313323975,-0.2887956500053406,0.9988160729408264,0.9979391694068909
side_person17.mp4,side,142,4733,30.0,848,478,12,right_shoulder,0.4735752046108246,0.5034500956535339,0.022994184866547585,0.9962735772132874,0.9988273978233337
side_person17.mp4,side,142,4733,30.0,848,478,13,left_elbow,0.39452633261680603,0.5546693801879883,-0.3556749224662781,0.9864038825035095,0.998908519744873
side_person17.mp4,side,142,4733,30.0,848,478,14,right_elbow,0.4009926915168762,0.5235350131988525,0.058729272335767746,0.30619585514068604,0.999276340007782
side_person17.mp4,side,142,4733,30.0,848,478,15,left_wrist,0.3022290766239166,0.5415105223655701,-0.3431428074836731,0.9846544861793518,0.9960620999336243
side_person17.mp4,side,142,4733,30.0,848,478,16,right_wrist,0.33519628643989563,0.5178076028823853,-0.025096146389842033,0.41782742738723755,0.9948970675468445
side_person17.mp4,side,142,4733,30.0,848,478,17,left_pinky,0.2847551703453064,0.5364212393760681,-0.39574140310287476,0.9771460294723511,0.9926309585571289
side_person17.mp4,side,142,4733,30.0,848,478,18,right_pinky,0.31991520524024963,0.5080432891845703,-0.03581777960062027,0.442669153213501,0.9914034008979797
side_person17.mp4,side,142,4733,30.0,848,478,19,left_index,0.29500675201416016,0.5239503979682922,-0.37710294127464294,0.9752817153930664,0.9928527474403381
side_person17.mp4,side,142,4733,30.0,848,478,20,right_index,0.3193601667881012,0.506825864315033,-0.07203144580125809,0.4569035470485687,0.9897221922874451
side_person17.mp4,side,142,4733,30.0,848,478,21,left_thumb,0.2978042960166931,0.5276904106140137,-0.33923274278640747,0.9600712060928345,0.9938259720802307
side_person17.mp4,side,142,4733,30.0,848,478,22,right_thumb,0.3209548592567444,0.5109961032867432,-0.04415274038910866,0.484695166349411,0.9920827150344849
side_person17.mp4,side,142,4733,30.0,848,478,23,left_hip,0.5617324113845825,0.7189971208572388,-0.10292863845825195,0.9991059303283691,0.9994540810585022
side_person17.mp4,side,142,4733,30.0,848,478,24,right_hip,0.5428876280784607,0.684685468673706,0.10304031521081924,0.9984278082847595,0.9996953010559082
side_person17.mp4,side,142,4733,30.0,848,478,25,left_knee,0.4510025978088379,0.7584702968597412,-0.1029774621129036,0.9469477534294128,0.9985698461532593
side_person17.mp4,side,142,4733,30.0,848,478,26,right_knee,0.4495246410369873,0.7203164100646973,0.1620287299156189,0.4237801730632782,0.9989305138587952
side_person17.mp4,side,142,4733,30.0,848,478,27,left_ankle,0.5028150677680969,0.9012234210968018,0.08168669790029526,0.9343695044517517,0.9981752634048462
side_person17.mp4,side,142,4733,30.0,848,478,28,right_ankle,0.49783381819725037,0.8512248992919922,0.3162347674369812,0.481788694858551,0.9985079169273376
side_person17.mp4,side,142,4733,30.0,848,478,29,left_heel,0.5185311436653137,0.9195564985275269,0.10329176485538483,0.9163876175880432,0.9984741806983948
side_person17.mp4,side,142,4733,30.0,848,478,30,right_heel,0.5125805735588074,0.8801252841949463,0.3329510986804962,0.625905454158783,0.9985791444778442
side_person17.mp4,side,142,4733,30.0,848,478,31,left_foot_index,0.465770423412323,0.9303498268127441,0.1290944218635559,0.9016867280006409,0.9974660873413086
side_person17.mp4,side,142,4733,30.0,848,478,32,right_foot_index,0.46811750531196594,0.9070698618888855,0.34496501088142395,0.6001495718955994,0.9973244667053223
side_person17.mp4,side,143,4767,30.0,848,478,0,nose,0.43543022871017456,0.46970438957214355,-0.17001475393772125,0.9988566637039185,0.9976909160614014
side_person17.mp4,side,143,4767,30.0,848,478,1,left_eye_inner,0.43587949872016907,0.4524157643318176,-0.19180896878242493,0.9988113641738892,0.9983441829681396
side_person17.mp4,side,143,4767,30.0,848,478,2,left_eye,0.4369502067565918,0.4518836736679077,-0.19183482229709625,0.9988933801651001,0.9985160231590271
side_person17.mp4,side,143,4767,30.0,848,478,3,left_eye_outer,0.438151091337204,0.45149511098861694,-0.19192703068256378,0.9991415739059448,0.9986774325370789
side_person17.mp4,side,143,4767,30.0,848,478,4,right_eye_inner,0.4357243776321411,0.4516453444957733,-0.158072829246521,0.9983360171318054,0.9979971051216125
side_person17.mp4,side,143,4767,30.0,848,478,5,right_eye,0.43667668104171753,0.4505334496498108,-0.15810640156269073,0.9982868432998657,0.9978658556938171
side_person17.mp4,side,143,4767,30.0,848,478,6,right_eye_outer,0.43781107664108276,0.4494571089744568,-0.15809422731399536,0.9987531304359436,0.99783855676651
side_person17.mp4,side,143,4767,30.0,848,478,7,left_ear,0.4527163505554199,0.45256343483924866,-0.23669138550758362,0.9977260231971741,0.9984031319618225
side_person17.mp4,side,143,4767,30.0,848,478,8,right_ear,0.4516623914241791,0.4490988552570343,-0.08397084474563599,0.9983574748039246,0.9974586367607117
side_person17.mp4,side,143,4767,30.0,848,478,9,mouth_left,0.44254180788993835,0.48275721073150635,-0.1834152340888977,0.9978119730949402,0.9980787038803101
side_person17.mp4,side,143,4767,30.0,848,478,10,mouth_right,0.4426302909851074,0.4826704263687134,-0.13888192176818848,0.9967134594917297,0.9978761672973633
side_person17.mp4,side,143,4767,30.0,848,478,11,left_shoulder,0.4787854552268982,0.5356722474098206,-0.29488620162010193,0.998812198638916,0.9974446296691895
side_person17.mp4,side,143,4767,30.0,848,478,12,right_shoulder,0.47239547967910767,0.5065416097640991,0.014700256288051605,0.9963800311088562,0.9988387227058411
side_person17.mp4,side,143,4767,30.0,848,478,13,left_elbow,0.3947526812553406,0.5614759922027588,-0.3586777150630951,0.9864018559455872,0.9984015822410583
side_person17.mp4,side,143,4767,30.0,848,478,14,right_elbow,0.39973410964012146,0.5254077315330505,0.052378129214048386,0.30784502625465393,0.9991703033447266
side_person17.mp4,side,143,4767,30.0,848,478,15,left_wrist,0.30009016394615173,0.546902060508728,-0.3474494218826294,0.9850504398345947,0.9942722320556641
side_person17.mp4,side,143,4767,30.0,848,478,16,right_wrist,0.3326558768749237,0.522049069404602,-0.032234493643045425,0.42815446853637695,0.9934419393539429
side_person17.mp4,side,143,4767,30.0,848,478,17,left_pinky,0.2839353084564209,0.542350172996521,-0.40093833208084106,0.977688193321228,0.9899182915687561
side_person17.mp4,side,143,4767,30.0,848,478,18,right_pinky,0.3185054063796997,0.5103654861450195,-0.04315214604139328,0.4543331265449524,0.988817572593689
side_person17.mp4,side,143,4767,30.0,848,478,19,left_index,0.2935211956501007,0.530891478061676,-0.3831333518028259,0.9759025573730469,0.9903507828712463
side_person17.mp4,side,143,4767,30.0,848,478,20,right_index,0.3180884122848511,0.5106087923049927,-0.08052683621644974,0.4688390791416168,0.9867151379585266
side_person17.mp4,side,143,4767,30.0,848,478,21,left_thumb,0.296596497297287,0.5339795351028442,-0.34387415647506714,0.9609264731407166,0.9913813471794128
side_person17.mp4,side,143,4767,30.0,848,478,22,right_thumb,0.3193184435367584,0.5157644748687744,-0.051593929529190063,0.49636682868003845,0.989791750907898
side_person17.mp4,side,143,4767,30.0,848,478,23,left_hip,0.56147700548172,0.7263713479042053,-0.10198460519313812,0.9991462826728821,0.9992656111717224
side_person17.mp4,side,143,4767,30.0,848,478,24,right_hip,0.5427688360214233,0.6891748905181885,0.10211213678121567,0.9985097646713257,0.9996540546417236
side_person17.mp4,side,143,4767,30.0,848,478,25,left_knee,0.4495260417461395,0.7582619786262512,-0.10579601675271988,0.9469993710517883,0.9978578686714172
side_person17.mp4,side,143,4767,30.0,848,478,26,right_knee,0.44939613342285156,0.7201667428016663,0.15980350971221924,0.4197124242782593,0.9987568855285645
side_person17.mp4,side,143,4767,30.0,848,478,27,left_ankle,0.5028144121170044,0.8996396064758301,0.0820138081908226,0.9311969876289368,0.9972346425056458
side_person17.mp4,side,143,4767,30.0,848,478,28,right_ankle,0.49780163168907166,0.8511717319488525,0.31496691703796387,0.47445622086524963,0.9979721903800964
side_person17.mp4,side,143,4767,30.0,848,478,29,left_heel,0.5189523696899414,0.9196380972862244,0.10489515960216522,0.9117773771286011,0.9977203011512756
side_person17.mp4,side,143,4767,30.0,848,478,30,right_heel,0.5114049315452576,0.8771349787712097,0.3314172327518463,0.6172415018081665,0.9980345368385315
side_person17.mp4,side,143,4767,30.0,848,478,31,left_foot_index,0.46578219532966614,0.929402232170105,0.13461549580097198,0.8964518308639526,0.9963335990905762
side_person17.mp4,side,143,4767,30.0,848,478,32,right_foot_index,0.46797454357147217,0.9072174429893494,0.3455129563808441,0.5925032496452332,0.9961878657341003
side_person17.mp4,side,144,4800,30.0,848,478,0,nose,0.4343823492527008,0.4735822379589081,-0.16195392608642578,0.9988610148429871,0.9984482526779175
side_person17.mp4,side,144,4800,30.0,848,478,1,left_eye_inner,0.43513572216033936,0.4562079906463623,-0.18392521142959595,0.9988486170768738,0.99899822473526
side_person17.mp4,side,144,4800,30.0,848,478,2,left_eye,0.4361596703529358,0.45589062571525574,-0.183956116437912,0.9989321827888489,0.9991374015808105
side_person17.mp4,side,144,4800,30.0,848,478,3,left_eye_outer,0.43732836842536926,0.4557441473007202,-0.1840454787015915,0.9991662502288818,0.9992591738700867
side_person17.mp4,side,144,4800,30.0,848,478,4,right_eye_inner,0.4351896643638611,0.45529425144195557,-0.14975346624851227,0.9983575344085693,0.9986716508865356
side_person17.mp4,side,144,4800,30.0,848,478,5,right_eye,0.43625006079673767,0.45421499013900757,-0.14977678656578064,0.9983122944831848,0.9985381364822388
side_person17.mp4,side,144,4800,30.0,848,478,6,right_eye_outer,0.4374711513519287,0.45331016182899475,-0.1497597098350525,0.9987637400627136,0.9984845519065857
side_person17.mp4,side,144,4800,30.0,848,478,7,left_ear,0.4514569342136383,0.4578982889652252,-0.23064252734184265,0.9978063702583313,0.9992172718048096
side_person17.mp4,side,144,4800,30.0,848,478,8,right_ear,0.4511342942714691,0.45393386483192444,-0.0764007493853569,0.9984044432640076,0.9982593655586243
side_person17.mp4,side,144,4800,30.0,848,478,9,mouth_left,0.44124943017959595,0.4869084060192108,-0.17599351704120636,0.9978295564651489,0.9988740086555481
side_person17.mp4,side,144,4800,30.0,848,478,10,mouth_right,0.44158366322517395,0.4868318736553192,-0.1309225708246231,0.9968166351318359,0.9985870122909546
side_person17.mp4,side,144,4800,30.0,848,478,11,left_shoulder,0.4756605327129364,0.5439509749412537,-0.29139649868011475,0.9988535046577454,0.9989325404167175
side_person17.mp4,side,144,4800,30.0,848,478,12,right_shoulder,0.4727011024951935,0.5100157260894775,0.024178484454751015,0.9964736700057983,0.9990641474723816
side_person17.mp4,side,144,4800,30.0,848,478,13,left_elbow,0.3914118707180023,0.5669844746589661,-0.35434919595718384,0.9865958094596863,0.9993076324462891
side_person17.mp4,side,144,4800,30.0,848,478,14,right_elbow,0.4001137614250183,0.5279963612556458,0.05921764299273491,0.3024134337902069,0.9992325305938721
side_person17.mp4,side,144,4800,30.0,848,478,15,left_wrist,0.2971022427082062,0.5522589683532715,-0.3386984169483185,0.9856696724891663,0.997028648853302
side_person17.mp4,side,144,4800,30.0,848,478,16,right_wrist,0.3332103490829468,0.5198083519935608,-0.024531714618206024,0.4356454312801361,0.9938119649887085
side_person17.mp4,side,144,4800,30.0,848,478,17,left_pinky,0.28025689721107483,0.5481200814247131,-0.3901693820953369,0.9785517454147339,0.9942660927772522
side_person17.mp4,side,144,4800,30.0,848,478,18,right_pinky,0.3193695843219757,0.509891152381897,-0.03511973097920418,0.4640498459339142,0.9900352358818054
side_person17.mp4,side,144,4800,30.0,848,478,19,left_index,0.2885698974132538,0.5368911623954773,-0.3718806505203247,0.9768354296684265,0.9943525791168213
side_person17.mp4,side,144,4800,30.0,848,478,20,right_index,0.31875693798065186,0.5101277828216553,-0.06828165799379349,0.4786255955696106,0.9885147213935852
side_person17.mp4,side,144,4800,30.0,848,478,21,left_thumb,0.2924867272377014,0.5393638014793396,-0.33458009362220764,0.9622834324836731,0.9951733946800232
side_person17.mp4,side,144,4800,30.0,848,478,22,right_thumb,0.3199303448200226,0.5146806836128235,-0.042723964899778366,0.5057668685913086,0.9909757971763611
side_person17.mp4,side,144,4800,30.0,848,478,23,left_hip,0.5614773631095886,0.7335383892059326,-0.10180266201496124,0.9992058873176575,0.9997566342353821
side_person17.mp4,side,144,4800,30.0,848,478,24,right_hip,0.5434859395027161,0.6941630244255066,0.10193794965744019,0.998600959777832,0.999805748462677
side_person17.mp4,side,144,4800,30.0,848,478,25,left_knee,0.448322057723999,0.7581976652145386,-0.10379552841186523,0.9461076259613037,0.9988021850585938
side_person17.mp4,side,144,4800,30.0,848,478,26,right_knee,0.44961684942245483,0.7182413935661316,0.1725623458623886,0.4079735577106476,0.9989150762557983
side_person17.mp4,side,144,4800,30.0,848,478,27,left_ankle,0.5032415390014648,0.8974043130874634,0.08835098147392273,0.925803542137146,0.9983647465705872
side_person17.mp4,side,144,4800,30.0,848,478,28,right_ankle,0.4993066191673279,0.8437033295631409,0.3285663425922394,0.4613911509513855,0.9983497858047485
side_person17.mp4,side,144,4800,30.0,848,478,29,left_heel,0.5206039547920227,0.9197136163711548,0.11161868274211884,0.9046894907951355,0.9985997080802917
side_person17.mp4,side,144,4800,30.0,848,478,30,right_heel,0.511412501335144,0.8657628893852234,0.34514233469963074,0.6043702363967896,0.9984989166259766
side_person17.mp4,side,144,4800,30.0,848,478,31,left_foot_index,0.46648550033569336,0.9278178811073303,0.1458948403596878,0.8883140087127686,0.9977748990058899
side_person17.mp4,side,144,4800,30.0,848,478,32,right_foot_index,0.4691886305809021,0.9039736390113831,0.36942607164382935,0.5799732804298401,0.997294008731842
side_person17.mp4,side,145,4833,30.0,848,478,0,nose,0.43259018659591675,0.4805704951286316,-0.1595076024532318,0.9988508820533752,0.998387336730957
side_person17.mp4,side,145,4833,30.0,848,478,1,left_eye_inner,0.4337628185749054,0.4635259211063385,-0.18174917995929718,0.998866617679596,0.9988835453987122
side_person17.mp4,side,145,4833,30.0,848,478,2,left_eye,0.4347807765007019,0.46310198307037354,-0.1817803531885147,0.9989548325538635,0.9990204572677612
side_person17.mp4,side,145,4833,30.0,848,478,3,left_eye_outer,0.4358763098716736,0.46296942234039307,-0.18186672031879425,0.9991784691810608,0.9991390705108643
side_person17.mp4,side,145,4833,30.0,848,478,4,right_eye_inner,0.43390193581581116,0.4625561535358429,-0.14754575490951538,0.9983566999435425,0.9985826015472412
side_person17.mp4,side,145,4833,30.0,848,478,5,right_eye,0.43494704365730286,0.4614783823490143,-0.1475723534822464,0.9983137249946594,0.9984641075134277
side_person17.mp4,side,145,4833,30.0,848,478,6,right_eye_outer,0.4361339509487152,0.46058034896850586,-0.14755374193191528,0.998757004737854,0.9984245300292969
side_person17.mp4,side,145,4833,30.0,848,478,7,left_ear,0.4498745799064636,0.46505385637283325,-0.2303188145160675,0.9978441596031189,0.9990173578262329
side_person17.mp4,side,145,4833,30.0,848,478,8,right_ear,0.44978979229927063,0.4609721302986145,-0.07535534352064133,0.9984303712844849,0.9981638789176941
side_person17.mp4,side,145,4833,30.0,848,478,9,mouth_left,0.43944358825683594,0.4937383830547333,-0.17401191592216492,0.9977973103523254,0.998691976070404
side_person17.mp4,side,145,4833,30.0,848,478,10,mouth_right,0.439797967672348,0.49328091740608215,-0.12885893881320953,0.9968655705451965,0.9984546899795532
side_person17.mp4,side,145,4833,30.0,848,478,11,left_shoulder,0.47323527932167053,0.5501943230628967,-0.2901170551776886,0.9988718032836914,0.9985834360122681
side_person17.mp4,side,145,4833,30.0,848,478,12,right_shoulder,0.47240009903907776,0.5129159092903137,0.026014795526862144,0.996547281742096,0.9990246295928955
side_person17.mp4,side,145,4833,30.0,848,478,13,left_elbow,0.38944128155708313,0.5717715620994568,-0.35227885842323303,0.986900806427002,0.9992565512657166
side_person17.mp4,side,145,4833,30.0,848,478,14,right_elbow,0.40041035413742065,0.5299078226089478,0.06410378962755203,0.3005395829677582,0.9993293285369873
side_person17.mp4,side,145,4833,30.0,848,478,15,left_wrist,0.29704269766807556,0.558020830154419,-0.3357003331184387,0.9862092137336731,0.997014045715332
side_person17.mp4,side,145,4833,30.0,848,478,16,right_wrist,0.33368179202079773,0.5224083662033081,-0.022729234769940376,0.448855996131897,0.9947351217269897
side_person17.mp4,side,145,4833,30.0,848,478,17,left_pinky,0.27944856882095337,0.5540456175804138,-0.38751447200775146,0.9792592525482178,0.9943008422851562
side_person17.mp4,side,145,4833,30.0,848,478,18,right_pinky,0.3198334276676178,0.5104654431343079,-0.030465958639979362,0.47837257385253906,0.9915594458580017
side_person17.mp4,side,145,4833,30.0,848,478,19,left_index,0.28735676407814026,0.5424238443374634,-0.3689257800579071,0.9775864481925964,0.9943103790283203
side_person17.mp4,side,145,4833,30.0,848,478,20,right_index,0.3191515803337097,0.511240541934967,-0.0673251673579216,0.49309197068214417,0.9902473092079163
side_person17.mp4,side,145,4833,30.0,848,478,21,left_thumb,0.291692852973938,0.5443979501724243,-0.33135339617729187,0.9633607268333435,0.9951854348182678
side_person17.mp4,side,145,4833,30.0,848,478,22,right_thumb,0.3202328085899353,0.5158310532569885,-0.041305892169475555,0.5194845199584961,0.9924042820930481
side_person17.mp4,side,145,4833,30.0,848,478,23,left_hip,0.5615633130073547,0.7388890981674194,-0.10115691274404526,0.9992449283599854,0.9995903372764587
side_person17.mp4,side,145,4833,30.0,848,478,24,right_hip,0.5451052188873291,0.6970833539962769,0.10129288583993912,0.9986655116081238,0.9997159838676453
side_person17.mp4,side,145,4833,30.0,848,478,25,left_knee,0.4481399357318878,0.7581368684768677,-0.09513252228498459,0.944357693195343,0.9984943866729736
side_person17.mp4,side,145,4833,30.0,848,478,26,right_knee,0.44967925548553467,0.7181340456008911,0.1813070923089981,0.39696118235588074,0.9988937973976135
side_person17.mp4,side,145,4833,30.0,848,478,27,left_ankle,0.5031476020812988,0.8974695801734924,0.09376745671033859,0.9203683137893677,0.9979733824729919
side_person17.mp4,side,145,4833,30.0,848,478,28,right_ankle,0.49956339597702026,0.8443393111228943,0.3384734094142914,0.45024874806404114,0.9983102083206177
side_person17.mp4,side,145,4833,30.0,848,478,29,left_heel,0.5209514498710632,0.920154869556427,0.11548162996768951,0.8986645340919495,0.998234748840332
side_person17.mp4,side,145,4833,30.0,848,478,30,right_heel,0.5114181637763977,0.868047297000885,0.3551482856273651,0.5943443179130554,0.9984056353569031
side_person17.mp4,side,145,4833,30.0,848,478,31,left_foot_index,0.46640756726264954,0.9270222783088684,0.14659546315670013,0.8806030750274658,0.9975023865699768
side_person17.mp4,side,145,4833,30.0,848,478,32,right_foot_index,0.4691174328327179,0.9034252762794495,0.3811659514904022,0.5687903761863708,0.9974345564842224
side_person17.mp4,side,146,4867,30.0,848,478,0,nose,0.4317292273044586,0.48657482862472534,-0.16725867986679077,0.9988700747489929,0.9988983869552612
side_person17.mp4,side,146,4867,30.0,848,478,1,left_eye_inner,0.433489054441452,0.4710790514945984,-0.19003164768218994,0.9989059567451477,0.9992535710334778
side_person17.mp4,side,146,4867,30.0,848,478,2,left_eye,0.4344712495803833,0.4707750082015991,-0.19006498157978058,0.9989948868751526,0.999352753162384
side_person17.mp4,side,146,4867,30.0,848,478,3,left_eye_outer,0.43555137515068054,0.4707392752170563,-0.1901596188545227,0.999206006526947,0.9994356036186218
side_person17.mp4,side,146,4867,30.0,848,478,4,right_eye_inner,0.4336523115634918,0.46991515159606934,-0.1553431749343872,0.9983930587768555,0.9990339279174805
side_person17.mp4,side,146,4867,30.0,848,478,5,right_eye,0.4346920847892761,0.46879228949546814,-0.15537819266319275,0.9983541965484619,0.9989529848098755
side_person17.mp4,side,146,4867,30.0,848,478,6,right_eye_outer,0.4358927309513092,0.4678097665309906,-0.1553538739681244,0.9987805485725403,0.9989297986030579
side_person17.mp4,side,146,4867,30.0,848,478,7,left_ear,0.4494636058807373,0.47228333353996277,-0.23935335874557495,0.9979239106178284,0.9993579983711243
side_person17.mp4,side,146,4867,30.0,848,478,8,right_ear,0.4495384693145752,0.4679557979106903,-0.08190606534481049,0.9984795451164246,0.9987585544586182
side_person17.mp4,side,146,4867,30.0,848,478,9,mouth_left,0.438679039478302,0.5005971789360046,-0.18179939687252045,0.9978348612785339,0.9990918636322021
side_person17.mp4,side,146,4867,30.0,848,478,10,mouth_right,0.43902716040611267,0.49954286217689514,-0.13594083487987518,0.9969843029975891,0.9989192485809326
side_person17.mp4,side,146,4867,30.0,848,478,11,left_shoulder,0.47247451543807983,0.5573002696037292,-0.2967936098575592,0.9989038109779358,0.9990509152412415
side_person17.mp4,side,146,4867,30.0,848,478,12,right_shoulder,0.4724047780036926,0.5181649923324585,0.021406054496765137,0.9966615438461304,0.9993284940719604
side_person17.mp4,side,146,4867,30.0,848,478,13,left_elbow,0.3883177936077118,0.5764447450637817,-0.35789304971694946,0.9872292876243591,0.9994514584541321
side_person17.mp4,side,146,4867,30.0,848,478,14,right_elbow,0.4005816876888275,0.5353459715843201,0.06723741441965103,0.30260777473449707,0.9994947910308838
side_person17.mp4,side,146,4867,30.0,848,478,15,left_wrist,0.29649102687835693,0.5615348219871521,-0.34229013323783875,0.9866687655448914,0.9976650476455688
side_person17.mp4,side,146,4867,30.0,848,478,16,right_wrist,0.33372771739959717,0.5270383954048157,-0.01751500554382801,0.4650639593601227,0.9961165189743042
side_person17.mp4,side,146,4867,30.0,848,478,17,left_pinky,0.27809756994247437,0.5574800968170166,-0.39640355110168457,0.9798293113708496,0.9954537153244019
side_person17.mp4,side,146,4867,30.0,848,478,18,right_pinky,0.32004857063293457,0.5147214531898499,-0.02565409243106842,0.49500757455825806,0.9937227368354797
side_person17.mp4,side,146,4867,30.0,848,478,19,left_index,0.284392774105072,0.5452054738998413,-0.3774288594722748,0.9781790971755981,0.9954908490180969
side_person17.mp4,side,146,4867,30.0,848,478,20,right_index,0.3194746971130371,0.5152671933174133,-0.06252342462539673,0.5099285244941711,0.9926267266273499
side_person17.mp4,side,146,4867,30.0,848,478,21,left_thumb,0.2895503640174866,0.546896755695343,-0.33792728185653687,0.964215874671936,0.9961807727813721
side_person17.mp4,side,146,4867,30.0,848,478,22,right_thumb,0.32069507241249084,0.5197911858558655,-0.03622991964221001,0.5354878902435303,0.9943124055862427
side_person17.mp4,side,146,4867,30.0,848,478,23,left_hip,0.5616357922554016,0.7458047866821289,-0.10116132348775864,0.9992896914482117,0.999757707118988
side_person17.mp4,side,146,4867,30.0,848,478,24,right_hip,0.546578049659729,0.7043907046318054,0.10129815340042114,0.9987376928329468,0.9998273253440857
side_person17.mp4,side,146,4867,30.0,848,478,25,left_knee,0.4484831690788269,0.7583557367324829,-0.0950184017419815,0.9426025748252869,0.9989078044891357
side_person17.mp4,side,146,4867,30.0,848,478,26,right_knee,0.4498187005519867,0.7187818288803101,0.18708054721355438,0.38776102662086487,0.9992220401763916
side_person17.mp4,side,146,4867,30.0,848,478,27,left_ankle,0.5028243660926819,0.9001385569572449,0.09809667617082596,0.9151073098182678,0.998563826084137
side_person17.mp4,side,146,4867,30.0,848,478,28,right_ankle,0.4998765289783478,0.8449476957321167,0.3531390428543091,0.44150257110595703,0.9986727237701416
side_person17.mp4,side,146,4867,30.0,848,478,29,left_heel,0.5209030508995056,0.9241400957107544,0.11969588696956635,0.8925968408584595,0.9987543821334839
side_person17.mp4,side,146,4867,30.0,848,478,30,right_heel,0.5114504098892212,0.8693451285362244,0.3705868124961853,0.5854419469833374,0.9987418055534363
side_person17.mp4,side,146,4867,30.0,848,478,31,left_foot_index,0.46583816409111023,0.9273885488510132,0.14826269447803497,0.8736706972122192,0.9981549382209778
side_person17.mp4,side,146,4867,30.0,848,478,32,right_foot_index,0.46903660893440247,0.9035738110542297,0.3953899145126343,0.5601623058319092,0.9979174733161926
side_person17.mp4,side,147,4900,30.0,848,478,0,nose,0.4315849840641022,0.49217697978019714,-0.1648930311203003,0.9988744854927063,0.9992485642433167
side_person17.mp4,side,147,4900,30.0,848,478,1,left_eye_inner,0.4335683286190033,0.4763355553150177,-0.18714429438114166,0.9989288449287415,0.9994526505470276
side_person17.mp4,side,147,4900,30.0,848,478,2,left_eye,0.43459782004356384,0.47603151202201843,-0.18717089295387268,0.9990189075469971,0.9995158910751343
side_person17.mp4,side,147,4900,30.0,848,478,3,left_eye_outer,0.43572482466697693,0.475934773683548,-0.1872543841600418,0.9992195963859558,0.9995681643486023
side_person17.mp4,side,147,4900,30.0,848,478,4,right_eye_inner,0.43364566564559937,0.4752027094364166,-0.15317562222480774,0.9984094500541687,0.9993407130241394
side_person17.mp4,side,147,4900,30.0,848,478,5,right_eye,0.4346774220466614,0.4741106927394867,-0.15319311618804932,0.9983752369880676,0.9993019104003906
side_person17.mp4,side,147,4900,30.0,848,478,6,right_eye_outer,0.4358854591846466,0.47314876317977905,-0.15318910777568817,0.9987896680831909,0.999301552772522
side_person17.mp4,side,147,4900,30.0,848,478,7,left_ear,0.449467271566391,0.47685307264328003,-0.2345554381608963,0.9979574680328369,0.9995062351226807
side_person17.mp4,side,147,4900,30.0,848,478,8,right_ear,0.449482798576355,0.47288888692855835,-0.08114369958639145,0.998509407043457,0.999224066734314
side_person17.mp4,side,147,4900,30.0,848,478,9,mouth_left,0.43866410851478577,0.5057466626167297,-0.17874455451965332,0.9978381991386414,0.9993754029273987
side_person17.mp4,side,147,4900,30.0,848,478,10,mouth_right,0.43886637687683105,0.5046536326408386,-0.13413217663764954,0.9970830082893372,0.9993101358413696
side_person17.mp4,side,147,4900,30.0,848,478,11,left_shoulder,0.47292599081993103,0.5598253011703491,-0.295945942401886,0.9989402294158936,0.9992458820343018
side_person17.mp4,side,147,4900,30.0,848,478,12,right_shoulder,0.4724131226539612,0.52286297082901,0.02350751683115959,0.9968057870864868,0.9995974898338318
side_person17.mp4,side,147,4900,30.0,848,478,13,left_elbow,0.38893750309944153,0.5797906517982483,-0.35553741455078125,0.9874982833862305,0.9994553923606873
side_person17.mp4,side,147,4900,30.0,848,478,14,right_elbow,0.4007704257965088,0.538862943649292,0.07670523226261139,0.3105214238166809,0.9996697902679443
side_person17.mp4,side,147,4900,30.0,848,478,15,left_wrist,0.30060890316963196,0.5645017623901367,-0.33946260809898376,0.9869692921638489,0.9976840019226074
side_person17.mp4,side,147,4900,30.0,848,478,16,right_wrist,0.33388230204582214,0.5300619006156921,-0.015292193740606308,0.4885883927345276,0.9974890947341919
side_person17.mp4,side,147,4900,30.0,848,478,17,left_pinky,0.27854403853416443,0.5594453811645508,-0.39177337288856506,0.9801321625709534,0.995625376701355
side_person17.mp4,side,147,4900,30.0,848,478,18,right_pinky,0.3204119801521301,0.5165331959724426,-0.022377384826540947,0.5177990198135376,0.9956790804862976
side_person17.mp4,side,147,4900,30.0,848,478,19,left_index,0.2850829064846039,0.5467944741249084,-0.37291786074638367,0.9784730672836304,0.9956161975860596
side_person17.mp4,side,147,4900,30.0,848,478,20,right_index,0.319769948720932,0.5173049569129944,-0.061803143471479416,0.5330291986465454,0.9950370192527771
side_person17.mp4,side,147,4900,30.0,848,478,21,left_thumb,0.2900288999080658,0.5487474203109741,-0.3348979651927948,0.9645634889602661,0.9962848424911499
side_person17.mp4,side,147,4900,30.0,848,478,22,right_thumb,0.32141268253326416,0.5230320692062378,-0.034895043820142746,0.5572361350059509,0.9962852001190186
side_person17.mp4,side,147,4900,30.0,848,478,23,left_hip,0.5617390275001526,0.7511451840400696,-0.10120893269777298,0.9993305206298828,0.9997933506965637
side_person17.mp4,side,147,4900,30.0,848,478,24,right_hip,0.5472350716590881,0.7083941698074341,0.10135090351104736,0.9988070726394653,0.9998745918273926
side_person17.mp4,side,147,4900,30.0,848,478,25,left_knee,0.4489326477050781,0.7586422562599182,-0.09981371462345123,0.9395601153373718,0.9987541437149048
side_person17.mp4,side,147,4900,30.0,848,478,26,right_knee,0.45001015067100525,0.7185885906219482,0.2020590454339981,0.373465895652771,0.9992935657501221
side_person17.mp4,side,147,4900,30.0,848,478,27,left_ankle,0.5031469464302063,0.900143563747406,0.09723996371030807,0.9033178687095642,0.9982286095619202
side_person17.mp4,side,147,4900,30.0,848,478,28,right_ankle,0.49955374002456665,0.8457010388374329,0.36634188890457153,0.4250536859035492,0.9985482096672058
side_person17.mp4,side,147,4900,30.0,848,478,29,left_heel,0.5208708047866821,0.9240461587905884,0.1188502237200737,0.8808140754699707,0.9984599351882935
side_person17.mp4,side,147,4900,30.0,848,478,30,right_heel,0.51154625415802,0.8663505911827087,0.38359567523002625,0.5703741908073425,0.9986401200294495
side_person17.mp4,side,147,4900,30.0,848,478,31,left_foot_index,0.46622633934020996,0.9274977445602417,0.15116629004478455,0.860287070274353,0.9980691075325012
side_person17.mp4,side,147,4900,30.0,848,478,32,right_foot_index,0.468865305185318,0.9022818207740784,0.414011687040329,0.544479250907898,0.9979619979858398
side_person17.mp4,side,148,4933,30.0,848,478,0,nose,0.43177905678749084,0.4949619174003601,-0.16462291777133942,0.9988324642181396,0.9989591836929321
side_person17.mp4,side,148,4933,30.0,848,478,1,left_eye_inner,0.43378934264183044,0.479839026927948,-0.18603165447711945,0.9989218711853027,0.9992850422859192
side_person17.mp4,side,148,4933,30.0,848,478,2,left_eye,0.43481287360191345,0.4796525537967682,-0.18604867160320282,0.9990174770355225,0.999386191368103
side_person17.mp4,side,148,4933,30.0,848,478,3,left_eye_outer,0.43593233823776245,0.47969239950180054,-0.18611928820610046,0.9992119669914246,0.9994670748710632
side_person17.mp4,side,148,4933,30.0,848,478,4,right_eye_inner,0.4338580369949341,0.4785505533218384,-0.15297342836856842,0.998370885848999,0.9990932941436768
side_person17.mp4,side,148,4933,30.0,848,478,5,right_eye,0.4348859488964081,0.4774412512779236,-0.15299156308174133,0.998336911201477,0.9990289211273193
side_person17.mp4,side,148,4933,30.0,848,478,6,right_eye_outer,0.43609026074409485,0.4764634966850281,-0.15295842289924622,0.998751163482666,0.9990222454071045
side_person17.mp4,side,148,4933,30.0,848,478,7,left_ear,0.4495188593864441,0.48127976059913635,-0.2318800985813141,0.9979517459869385,0.9994245767593384
side_person17.mp4,side,148,4933,30.0,848,478,8,right_ear,0.449664443731308,0.4767630100250244,-0.07934869825839996,0.9985004663467407,0.9989258646965027
side_person17.mp4,side,148,4933,30.0,848,478,9,mouth_left,0.4386790990829468,0.5086860656738281,-0.17770497500896454,0.9977740049362183,0.9992339611053467
side_person17.mp4,side,148,4933,30.0,848,478,10,mouth_right,0.43891608715057373,0.5073651075363159,-0.13322141766548157,0.9971158504486084,0.9991093277931213
side_person17.mp4,side,148,4933,30.0,848,478,11,left_shoulder,0.47177329659461975,0.5653373599052429,-0.29578089714050293,0.9989784955978394,0.9993304014205933
side_person17.mp4,side,148,4933,30.0,848,478,12,right_shoulder,0.4725610017776489,0.5256221890449524,0.025968704372644424,0.996925950050354,0.9995377063751221
side_person17.mp4,side,148,4933,30.0,848,478,13,left_elbow,0.3890298306941986,0.5852439403533936,-0.3512645959854126,0.9877274036407471,0.9995529055595398
side_person17.mp4,side,148,4933,30.0,848,478,14,right_elbow,0.40082573890686035,0.5410618185997009,0.08748827874660492,0.31481823325157166,0.9996322393417358
side_person17.mp4,side,148,4933,30.0,848,478,15,left_wrist,0.30107423663139343,0.5673667192459106,-0.3355100452899933,0.9873021841049194,0.9981056451797485
side_person17.mp4,side,148,4933,30.0,848,478,16,right_wrist,0.3355867862701416,0.5321183204650879,-0.0011857966892421246,0.5089058876037598,0.9973822236061096
side_person17.mp4,side,148,4933,30.0,848,478,17,left_pinky,0.2795189619064331,0.561434805393219,-0.3893250524997711,0.9805275797843933,0.99631667137146
side_person17.mp4,side,148,4933,30.0,848,478,18,right_pinky,0.3217063844203949,0.519128143787384,-0.007727514486759901,0.5377113223075867,0.9956270456314087
side_person17.mp4,side,148,4933,30.0,848,478,19,left_index,0.28798308968544006,0.5496259927749634,-0.37179240584373474,0.9788796305656433,0.9962548017501831
side_person17.mp4,side,148,4933,30.0,848,478,20,right_index,0.320887953042984,0.520346999168396,-0.04702581837773323,0.5531970262527466,0.9950202703475952
side_person17.mp4,side,148,4933,30.0,848,478,21,left_thumb,0.29086270928382874,0.550893247127533,-0.3314141631126404,0.9651321768760681,0.9968723654747009
side_person17.mp4,side,148,4933,30.0,848,478,22,right_thumb,0.324088990688324,0.5261332392692566,-0.020423099398612976,0.5759657621383667,0.9962454438209534
side_person17.mp4,side,148,4933,30.0,848,478,23,left_hip,0.5615294575691223,0.7576627135276794,-0.10122863203287125,0.9993727803230286,0.9998296499252319
side_person17.mp4,side,148,4933,30.0,848,478,24,right_hip,0.5473766922950745,0.7136580348014832,0.1013687327504158,0.9988747835159302,0.9998743534088135
side_person17.mp4,side,148,4933,30.0,848,478,25,left_knee,0.44908320903778076,0.7595179677009583,-0.10068047046661377,0.9356455206871033,0.9988203644752502
side_person17.mp4,side,148,4933,30.0,848,478,26,right_knee,0.4502287209033966,0.7160109877586365,0.20840977132320404,0.35802388191223145,0.9992170333862305
side_person17.mp4,side,148,4933,30.0,848,478,27,left_ankle,0.5035632252693176,0.8996716141700745,0.10377941280603409,0.8891886472702026,0.998469889163971
side_person17.mp4,side,148,4933,30.0,848,478,28,right_ankle,0.4995449483394623,0.8434538841247559,0.3737514317035675,0.40878403186798096,0.9985182881355286
side_person17.mp4,side,148,4933,30.0,848,478,29,left_heel,0.5208286643028259,0.9236319661140442,0.12695007026195526,0.8676952719688416,0.9986756443977356
side_person17.mp4,side,148,4933,30.0,848,478,30,right_heel,0.5115814805030823,0.8662808537483215,0.3912948668003082,0.5552802681922913,0.9986652135848999
side_person17.mp4,side,148,4933,30.0,848,478,31,left_foot_index,0.4668135643005371,0.9277544021606445,0.16542711853981018,0.8441354036331177,0.9982892870903015
side_person17.mp4,side,148,4933,30.0,848,478,32,right_foot_index,0.4687732458114624,0.9017879962921143,0.4237108826637268,0.5283724665641785,0.9979985356330872
side_person17.mp4,side,149,4967,30.0,848,478,0,nose,0.4319218397140503,0.5004262328147888,-0.14807716012001038,0.9988003969192505,0.9991501569747925
side_person17.mp4,side,149,4967,30.0,848,478,1,left_eye_inner,0.4340243935585022,0.4850568175315857,-0.16979657113552094,0.9989157915115356,0.9993903636932373
side_person17.mp4,side,149,4967,30.0,848,478,2,left_eye,0.4350055456161499,0.48491784930229187,-0.16983242332935333,0.9990158081054688,0.9994677901268005
side_person17.mp4,side,149,4967,30.0,848,478,3,left_eye_outer,0.43611574172973633,0.4848104417324066,-0.16991788148880005,0.9992063641548157,0.999531626701355
side_person17.mp4,side,149,4967,30.0,848,478,4,right_eye_inner,0.4341920018196106,0.48358163237571716,-0.13643106818199158,0.9983500838279724,0.9992755055427551
side_person17.mp4,side,149,4967,30.0,848,478,5,right_eye,0.4352554380893707,0.48250624537467957,-0.13646414875984192,0.9983188509941101,0.9992475509643555
side_person17.mp4,side,149,4967,30.0,848,478,6,right_eye_outer,0.4365222156047821,0.48149654269218445,-0.13643205165863037,0.9987307190895081,0.9992682337760925
side_person17.mp4,side,149,4967,30.0,848,478,7,left_ear,0.4496588110923767,0.4859311878681183,-0.21921323239803314,0.9979395270347595,0.9994851350784302
side_person17.mp4,side,149,4967,30.0,848,478,8,right_ear,0.44975876808166504,0.4811992943286896,-0.0659850686788559,0.9984989762306213,0.9992300271987915
side_person17.mp4,side,149,4967,30.0,848,478,9,mouth_left,0.43890589475631714,0.5138440728187561,-0.1628572940826416,0.9977478384971619,0.9994044303894043
side_person17.mp4,side,149,4967,30.0,848,478,10,mouth_right,0.43907636404037476,0.5124616026878357,-0.1182309240102768,0.9971747994422913,0.9993533492088318
side_person17.mp4,side,149,4967,30.0,848,478,11,left_shoulder,0.4727409780025482,0.5664436221122742,-0.2813332676887512,0.9990110397338867,0.9993767142295837
side_person17.mp4,side,149,4967,30.0,848,478,12,right_shoulder,0.47285518050193787,0.5305445790290833,0.03508881479501724,0.9970584511756897,0.9997088313102722
side_person17.mp4,side,149,4967,30.0,848,478,13,left_elbow,0.39160796999931335,0.5851903557777405,-0.3398013114929199,0.9878882765769958,0.9994866847991943
side_person17.mp4,side,149,4967,30.0,848,478,14,right_elbow,0.4029214680194855,0.5451980233192444,0.09842800348997116,0.32364577054977417,0.999735414981842
side_person17.mp4,side,149,4967,30.0,848,478,15,left_wrist,0.3093979060649872,0.5689569115638733,-0.3255448639392853,0.9874577522277832,0.9978481531143188
side_person17.mp4,side,149,4967,30.0,848,478,16,right_wrist,0.3394518196582794,0.5346267223358154,0.010125884786248207,0.5325629711151123,0.9980993866920471
side_person17.mp4,side,149,4967,30.0,848,478,17,left_pinky,0.28634798526763916,0.5619779229164124,-0.37773269414901733,0.9806527495384216,0.9959938526153564
side_person17.mp4,side,149,4967,30.0,848,478,18,right_pinky,0.3247261643409729,0.5202176570892334,0.0033239235635846853,0.5608475804328918,0.9967141151428223
side_person17.mp4,side,149,4967,30.0,848,478,19,left_index,0.29478996992111206,0.5506010055541992,-0.3610449731349945,0.9789737462997437,0.9959457516670227
side_person17.mp4,side,149,4967,30.0,848,478,20,right_index,0.32354360818862915,0.5213394165039062,-0.03483739122748375,0.576347291469574,0.9963028430938721
side_person17.mp4,side,149,4967,30.0,848,478,21,left_thumb,0.29834145307540894,0.5523151159286499,-0.3216628432273865,0.9652040004730225,0.9966253042221069
side_person17.mp4,side,149,4967,30.0,848,478,22,right_thumb,0.32791194319725037,0.5281491875648499,-0.008874641731381416,0.5976048707962036,0.9972942471504211
side_person17.mp4,side,149,4967,30.0,848,478,23,left_hip,0.5615634918212891,0.7597488164901733,-0.1012604758143425,0.9994019865989685,0.9997667670249939
side_person17.mp4,side,149,4967,30.0,848,478,24,right_hip,0.5473436117172241,0.717438817024231,0.10140225291252136,0.9989207983016968,0.9998654127120972
side_person17.mp4,side,149,4967,30.0,848,478,25,left_knee,0.4492170214653015,0.7594360709190369,-0.10060054808855057,0.9318217635154724,0.9987589120864868
side_person17.mp4,side,149,4967,30.0,848,478,26,right_knee,0.4504130482673645,0.7136463522911072,0.20778390765190125,0.3444441556930542,0.9993021488189697
side_person17.mp4,side,149,4967,30.0,848,478,27,left_ankle,0.5035117268562317,0.8991599082946777,0.09918905794620514,0.8783661723136902,0.9979294538497925
side_person17.mp4,side,149,4967,30.0,848,478,28,right_ankle,0.4990050494670868,0.8426852226257324,0.36514589190483093,0.39197060465812683,0.9984118938446045
side_person17.mp4,side,149,4967,30.0,848,478,29,left_heel,0.5204038619995117,0.9232470989227295,0.12151104211807251,0.8570280075073242,0.9981721639633179
side_person17.mp4,side,149,4967,30.0,848,478,30,right_heel,0.5115802884101868,0.8638059496879578,0.38156095147132874,0.5388035774230957,0.9985029697418213
side_person17.mp4,side,149,4967,30.0,848,478,31,left_foot_index,0.4668063819408417,0.9277673363685608,0.15892711281776428,0.8317233920097351,0.9978284239768982
side_person17.mp4,side,149,4967,30.0,848,478,32,right_foot_index,0.4681283235549927,0.9015256762504578,0.4117632210254669,0.5111849904060364,0.9978373646736145
side_person17.mp4,side,150,5000,30.0,848,478,0,nose,0.43212682008743286,0.5019077062606812,-0.1560508757829666,0.9987937211990356,0.999121367931366
side_person17.mp4,side,150,5000,30.0,848,478,1,left_eye_inner,0.4341641068458557,0.48648756742477417,-0.17883186042308807,0.9989323616027832,0.9993810653686523
side_person17.mp4,side,150,5000,30.0,848,478,2,left_eye,0.43515223264694214,0.48646289110183716,-0.178866907954216,0.9990335702896118,0.9994613528251648
side_person17.mp4,side,150,5000,30.0,848,478,3,left_eye_outer,0.43625929951667786,0.4866017997264862,-0.17895613610744476,0.9992157220840454,0.9995231628417969
side_person17.mp4,side,150,5000,30.0,848,478,4,right_eye_inner,0.43430235981941223,0.4848853051662445,-0.14448922872543335,0.9983579516410828,0.9992389678955078
side_person17.mp4,side,150,5000,30.0,848,478,5,right_eye,0.4353627860546112,0.48375266790390015,-0.14453071355819702,0.9983280301094055,0.9991946816444397
side_person17.mp4,side,150,5000,30.0,848,478,6,right_eye_outer,0.4366271197795868,0.4827711880207062,-0.14450113475322723,0.9987338781356812,0.9991950392723083
side_person17.mp4,side,150,5000,30.0,848,478,7,left_ear,0.4495714604854584,0.488156795501709,-0.23044978082180023,0.9979736804962158,0.9994722008705139
side_person17.mp4,side,150,5000,30.0,848,478,8,right_ear,0.4498778283596039,0.48312216997146606,-0.07336682826280594,0.9985170364379883,0.9991262555122375
side_person17.mp4,side,150,5000,30.0,848,478,9,mouth_left,0.4390633702278137,0.5156193971633911,-0.1712205708026886,0.9977267980575562,0.9992979764938354
side_person17.mp4,side,150,5000,30.0,848,478,10,mouth_right,0.43927082419395447,0.5139952898025513,-0.12553970515727997,0.9972267150878906,0.999213457107544
side_person17.mp4,side,150,5000,30.0,848,478,11,left_shoulder,0.47174954414367676,0.5722463726997375,-0.28748849034309387,0.9990330338478088,0.9993003606796265
side_person17.mp4,side,150,5000,30.0,848,478,12,right_shoulder,0.4729357659816742,0.5314036011695862,0.02907548099756241,0.997170090675354,0.9995986819267273
side_person17.mp4,side,150,5000,30.0,848,478,13,left_elbow,0.3909212052822113,0.5920884609222412,-0.3405080735683441,0.9879311919212341,0.9994834661483765
side_person17.mp4,side,150,5000,30.0,848,478,14,right_elbow,0.4027288854122162,0.5464543700218201,0.09708882868289948,0.3293241858482361,0.9996519088745117
side_person17.mp4,side,150,5000,30.0,848,478,15,left_wrist,0.309330016374588,0.5721424221992493,-0.32546061277389526,0.9876246452331543,0.9980990290641785
side_person17.mp4,side,150,5000,30.0,848,478,16,right_wrist,0.33924412727355957,0.5348740220069885,0.007778397761285305,0.5510506629943848,0.9973196387290955
side_person17.mp4,side,150,5000,30.0,848,478,17,left_pinky,0.28642889857292175,0.5665426254272461,-0.37774384021759033,0.9808343052864075,0.9964383840560913
side_person17.mp4,side,150,5000,30.0,848,478,18,right_pinky,0.32451680302619934,0.5211853981018066,0.001447239308618009,0.578037440776825,0.995462954044342
side_person17.mp4,side,150,5000,30.0,848,478,19,left_index,0.2948471009731293,0.5541331171989441,-0.36104607582092285,0.9791560173034668,0.9963996410369873
side_person17.mp4,side,150,5000,30.0,848,478,20,right_index,0.3231801390647888,0.5229955911636353,-0.03867329657077789,0.5938289165496826,0.9948244094848633
side_person17.mp4,side,150,5000,30.0,848,478,21,left_thumb,0.29855892062187195,0.5558825135231018,-0.32158297300338745,0.965431272983551,0.9969911575317383
side_person17.mp4,side,150,5000,30.0,848,478,22,right_thumb,0.32719478011131287,0.5284398198127747,-0.011461316607892513,0.614023745059967,0.9961141347885132
side_person17.mp4,side,150,5000,30.0,848,478,23,left_hip,0.5607321262359619,0.7632302641868591,-0.10126117616891861,0.999433159828186,0.9998170733451843
side_person17.mp4,side,150,5000,30.0,848,478,24,right_hip,0.5473633408546448,0.7197259068489075,0.10140246152877808,0.9989724159240723,0.9998729228973389
side_person17.mp4,side,150,5000,30.0,848,478,25,left_knee,0.44858285784721375,0.7615265250205994,-0.09658318012952805,0.9275598526000977,0.998898983001709
side_person17.mp4,side,150,5000,30.0,848,478,26,right_knee,0.45045599341392517,0.7121312618255615,0.22006182372570038,0.33140724897384644,0.9992660880088806
side_person17.mp4,side,150,5000,30.0,848,478,27,left_ankle,0.5029022693634033,0.8992184996604919,0.1035604402422905,0.867896556854248,0.9984643459320068
side_person17.mp4,side,150,5000,30.0,848,478,28,right_ankle,0.4989412724971771,0.8433191776275635,0.3904297649860382,0.3781619369983673,0.9984995126724243
side_person17.mp4,side,150,5000,30.0,848,478,29,left_heel,0.5193125605583191,0.9230347275733948,0.12548013031482697,0.8458356857299805,0.9986342787742615
side_person17.mp4,side,150,5000,30.0,848,478,30,right_heel,0.511543333530426,0.8631759285926819,0.40830090641975403,0.5253385305404663,0.9986108541488647
side_person17.mp4,side,150,5000,30.0,848,478,31,left_foot_index,0.4666367769241333,0.9278525710105896,0.15914736688137054,0.8201574683189392,0.9982327222824097
side_person17.mp4,side,150,5000,30.0,848,478,32,right_foot_index,0.4678945243358612,0.9012479782104492,0.43971750140190125,0.4973272681236267,0.9979890584945679
side_person17.mp4,side,151,5033,30.0,848,478,0,nose,0.43219292163848877,0.5045158267021179,-0.14833782613277435,0.9987943768501282,0.9992275238037109
side_person17.mp4,side,151,5033,30.0,848,478,1,left_eye_inner,0.43419820070266724,0.48938167095184326,-0.17119760811328888,0.9989516735076904,0.9994687438011169
side_person17.mp4,side,151,5033,30.0,848,478,2,left_eye,0.4352104365825653,0.48948797583580017,-0.17123857140541077,0.9990541338920593,0.9995442032814026
side_person17.mp4,side,151,5033,30.0,848,478,3,left_eye_outer,0.4363482594490051,0.48963576555252075,-0.1713266372680664,0.9992297291755676,0.999603807926178
side_person17.mp4,side,151,5033,30.0,848,478,4,right_eye_inner,0.4344637989997864,0.48766493797302246,-0.13669708371162415,0.9983780384063721,0.9993295669555664
side_person17.mp4,side,151,5033,30.0,848,478,5,right_eye,0.43554624915122986,0.4866045415401459,-0.13673263788223267,0.998346745967865,0.999286949634552
side_person17.mp4,side,151,5033,30.0,848,478,6,right_eye_outer,0.4368438422679901,0.48563700914382935,-0.1366976499557495,0.9987412691116333,0.9992870688438416
side_person17.mp4,side,151,5033,30.0,848,478,7,left_ear,0.4495471119880676,0.4909663200378418,-0.22414493560791016,0.9980167150497437,0.9995729327201843
side_person17.mp4,side,151,5033,30.0,848,478,8,right_ear,0.449965238571167,0.48576855659484863,-0.06636746972799301,0.9985477328300476,0.9992355108261108
side_person17.mp4,side,151,5033,30.0,848,478,9,mouth_left,0.439194917678833,0.5179083347320557,-0.16405174136161804,0.9977383613586426,0.9994276165962219
side_person17.mp4,side,151,5033,30.0,848,478,10,mouth_right,0.43931394815444946,0.5163862705230713,-0.11821316927671432,0.9973111152648926,0.9993435740470886
side_person17.mp4,side,151,5033,30.0,848,478,11,left_shoulder,0.4720170497894287,0.5733242034912109,-0.2834472358226776,0.9990667104721069,0.9994322657585144
side_person17.mp4,side,151,5033,30.0,848,478,12,right_shoulder,0.4734526574611664,0.5334321856498718,0.03655630350112915,0.9972925782203674,0.9996378421783447
side_person17.mp4,side,151,5033,30.0,848,478,13,left_elbow,0.39092564582824707,0.5915905833244324,-0.34032168984413147,0.9881666898727417,0.9995800852775574
side_person17.mp4,side,151,5033,30.0,848,478,14,right_elbow,0.4034799039363861,0.5485921502113342,0.10446856170892715,0.33165618777275085,0.9996472597122192
side_person17.mp4,side,151,5033,30.0,848,478,15,left_wrist,0.3060934245586395,0.5730357766151428,-0.3242286741733551,0.987938404083252,0.9982159733772278
side_person17.mp4,side,151,5033,30.0,848,478,16,right_wrist,0.3414173126220703,0.5374902486801147,0.01860576868057251,0.5665940642356873,0.9974293112754822
side_person17.mp4,side,151,5033,30.0,848,478,17,left_pinky,0.2835836410522461,0.5668769478797913,-0.3765767514705658,0.9812402725219727,0.9964931607246399
side_person17.mp4,side,151,5033,30.0,848,478,18,right_pinky,0.32656267285346985,0.5230692625045776,0.012196989730000496,0.593938410282135,0.9957382678985596
side_person17.mp4,side,151,5033,30.0,848,478,19,left_index,0.29102715849876404,0.5552895665168762,-0.35949233174324036,0.9795727133750916,0.9964190721511841
side_person17.mp4,side,151,5033,30.0,848,478,20,right_index,0.32499954104423523,0.5245932936668396,-0.026723099872469902,0.6098619699478149,0.9952303171157837
side_person17.mp4,side,151,5033,30.0,848,478,21,left_thumb,0.29834073781967163,0.5561175346374512,-0.3201563060283661,0.9660313129425049,0.9970541000366211
side_person17.mp4,side,151,5033,30.0,848,478,22,right_thumb,0.3292068541049957,0.5310655832290649,-0.0005018755909986794,0.6290051341056824,0.9964278340339661
side_person17.mp4,side,151,5033,30.0,848,478,23,left_hip,0.5606817007064819,0.7645730972290039,-0.10139932483434677,0.9994608163833618,0.9998027682304382
side_person17.mp4,side,151,5033,30.0,848,478,24,right_hip,0.5474352836608887,0.7228297591209412,0.10154210031032562,0.9990152716636658,0.9998558759689331
side_person17.mp4,side,151,5033,30.0,848,478,25,left_knee,0.44844451546669006,0.7613701820373535,-0.09481001645326614,0.9246638417243958,0.9988951086997986
side_person17.mp4,side,151,5033,30.0,848,478,26,right_knee,0.450579971075058,0.7111350893974304,0.21911245584487915,0.3186139464378357,0.9992365837097168
side_person17.mp4,side,151,5033,30.0,848,478,27,left_ankle,0.5018417239189148,0.8992767333984375,0.10229970514774323,0.8598150014877319,0.9982205033302307
side_person17.mp4,side,151,5033,30.0,848,478,28,right_ankle,0.49884292483329773,0.8436036109924316,0.3808212876319885,0.3641670346260071,0.9983178377151489
side_person17.mp4,side,151,5033,30.0,848,478,29,left_heel,0.5186548233032227,0.9224966168403625,0.12400375306606293,0.8384699821472168,0.998421311378479
side_person17.mp4,side,151,5033,30.0,848,478,30,right_heel,0.5115435123443604,0.8641971349716187,0.39763519167900085,0.5117334127426147,0.9984192848205566
side_person17.mp4,side,151,5033,30.0,848,478,31,left_foot_index,0.4665709137916565,0.9289212822914124,0.15725618600845337,0.8107895851135254,0.9979972243309021
side_person17.mp4,side,151,5033,30.0,848,478,32,right_foot_index,0.46776387095451355,0.9013994336128235,0.42830273509025574,0.4832337200641632,0.997725784778595
side_person17.mp4,side,152,5067,30.0,848,478,0,nose,0.43233129382133484,0.5064601898193359,-0.13541114330291748,0.9987930655479431,0.9993736147880554
side_person17.mp4,side,152,5067,30.0,848,478,1,left_eye_inner,0.4343074858188629,0.49108365178108215,-0.1573903113603592,0.9989670515060425,0.9995324611663818
side_person17.mp4,side,152,5067,30.0,848,478,2,left_eye,0.43530258536338806,0.4910951554775238,-0.1574273705482483,0.9990699887275696,0.9995892643928528
side_person17.mp4,side,152,5067,30.0,848,478,3,left_eye_outer,0.43641477823257446,0.4912383258342743,-0.15750756859779358,0.999239981174469,0.9996328353881836
side_person17.mp4,side,152,5067,30.0,848,478,4,right_eye_inner,0.43456724286079407,0.48940348625183105,-0.12364248931407928,0.998395562171936,0.9994437098503113
side_person17.mp4,side,152,5067,30.0,848,478,5,right_eye,0.4356441795825958,0.48827093839645386,-0.12367860227823257,0.9983628988265991,0.9994173049926758
side_person17.mp4,side,152,5067,30.0,848,478,6,right_eye_outer,0.43693315982818604,0.48726603388786316,-0.12364263087511063,0.9987500905990601,0.9994219541549683
side_person17.mp4,side,152,5067,30.0,848,478,7,left_ear,0.4495029151439667,0.4926379323005676,-0.2101282775402069,0.9980415105819702,0.999601423740387
side_person17.mp4,side,152,5067,30.0,848,478,8,right_ear,0.4500352740287781,0.48753657937049866,-0.05601799115538597,0.998569130897522,0.9993921518325806
side_person17.mp4,side,152,5067,30.0,848,478,9,mouth_left,0.4392778277397156,0.5200135111808777,-0.15146300196647644,0.9977298974990845,0.9995123147964478
side_person17.mp4,side,152,5067,30.0,848,478,10,mouth_right,0.439452201128006,0.5182301998138428,-0.10663363337516785,0.997363269329071,0.9994685053825378
side_person17.mp4,side,152,5067,30.0,848,478,11,left_shoulder,0.47215789556503296,0.5742573738098145,-0.27052897214889526,0.9990887641906738,0.9993847608566284
side_person17.mp4,side,152,5067,30.0,848,478,12,right_shoulder,0.4748765528202057,0.5334515571594238,0.04361351951956749,0.9974023699760437,0.9996836185455322
side_person17.mp4,side,152,5067,30.0,848,478,13,left_elbow,0.391781210899353,0.5935800075531006,-0.3271411657333374,0.9882330894470215,0.9994531273841858
side_person17.mp4,side,152,5067,30.0,848,478,14,right_elbow,0.4050443470478058,0.5476927161216736,0.10900162160396576,0.33813729882240295,0.9996969699859619
side_person17.mp4,side,152,5067,30.0,848,478,15,left_wrist,0.3084425628185272,0.5755182504653931,-0.30498266220092773,0.9880393147468567,0.9976119995117188
side_person17.mp4,side,152,5067,30.0,848,478,16,right_wrist,0.34263738989830017,0.5376219749450684,0.025485537946224213,0.5848504900932312,0.9977293610572815
side_person17.mp4,side,152,5067,30.0,848,478,17,left_pinky,0.2894608974456787,0.5672061443328857,-0.35424360632896423,0.9813311696052551,0.9955065250396729
side_person17.mp4,side,152,5067,30.0,848,478,18,right_pinky,0.3274851441383362,0.522938072681427,0.02000470459461212,0.6117303371429443,0.9960642457008362
side_person17.mp4,side,152,5067,30.0,848,478,19,left_index,0.3019481301307678,0.5555586814880371,-0.33687832951545715,0.9796594977378845,0.9955025315284729
side_person17.mp4,side,152,5067,30.0,848,478,20,right_index,0.32606998085975647,0.5248305201530457,-0.017340244725346565,0.6276626586914062,0.9957152009010315
side_person17.mp4,side,152,5067,30.0,848,478,21,left_thumb,0.302957683801651,0.5568104386329651,-0.30039507150650024,0.966097891330719,0.9963037967681885
side_person17.mp4,side,152,5067,30.0,848,478,22,right_thumb,0.3304285705089569,0.5317262411117554,0.007088503334671259,0.6455749869346619,0.9968370199203491
side_person17.mp4,side,152,5067,30.0,848,478,23,left_hip,0.5605825781822205,0.7647818922996521,-0.10141156613826752,0.9994743466377258,0.9997274279594421
side_person17.mp4,side,152,5067,30.0,848,478,24,right_hip,0.5474889278411865,0.7231808304786682,0.10155302286148071,0.9990330934524536,0.9998230338096619
side_person17.mp4,side,152,5067,30.0,848,478,25,left_knee,0.44853171706199646,0.7612100839614868,-0.09481295943260193,0.9209207892417908,0.9986383318901062
side_person17.mp4,side,152,5067,30.0,848,478,26,right_knee,0.45076024532318115,0.7110188007354736,0.21671877801418304,0.30681145191192627,0.9991194605827332
side_person17.mp4,side,152,5067,30.0,848,478,27,left_ankle,0.5012500882148743,0.8992380499839783,0.0899646058678627,0.8530203700065613,0.9976071119308472
side_person17.mp4,side,152,5067,30.0,848,478,28,right_ankle,0.49901828169822693,0.8406904935836792,0.3741336464881897,0.35012274980545044,0.9979793429374695
side_person17.mp4,side,152,5067,30.0,848,478,29,left_heel,0.5179022550582886,0.9216905832290649,0.10969236493110657,0.8315305709838867,0.9978262782096863
side_person17.mp4,side,152,5067,30.0,848,478,30,right_heel,0.5116075873374939,0.8642670512199402,0.390458881855011,0.49760499596595764,0.9980711340904236
side_person17.mp4,side,152,5067,30.0,848,478,31,left_foot_index,0.46675556898117065,0.9285931587219238,0.14457406103610992,0.8024244904518127,0.99747234582901
side_person17.mp4,side,152,5067,30.0,848,478,32,right_foot_index,0.4687286913394928,0.8972194790840149,0.42187416553497314,0.4683867394924164,0.997438907623291
side_person17.mp4,side,153,5100,30.0,848,478,0,nose,0.43242916464805603,0.5059939622879028,-0.13510344922542572,0.9988007545471191,0.9992408752441406
side_person17.mp4,side,153,5100,30.0,848,478,1,left_eye_inner,0.43438419699668884,0.4899422526359558,-0.1570582538843155,0.9989902973175049,0.9994456171989441
side_person17.mp4,side,153,5100,30.0,848,478,2,left_eye,0.4353715777397156,0.48974594473838806,-0.1570970118045807,0.9990923404693604,0.9995108842849731
side_person17.mp4,side,153,5100,30.0,848,478,3,left_eye_outer,0.43647506833076477,0.4897204041481018,-0.15717923641204834,0.9992557168006897,0.9995658993721008
side_person17.mp4,side,153,5100,30.0,848,478,4,right_eye_inner,0.434628963470459,0.48847338557243347,-0.1230730414390564,0.9984233975410461,0.99932861328125
side_person17.mp4,side,153,5100,30.0,848,478,5,right_eye,0.43569308519363403,0.48725223541259766,-0.12310609221458435,0.9983903765678406,0.9992868304252625
side_person17.mp4,side,153,5100,30.0,848,478,6,right_eye_outer,0.4369635283946991,0.48613980412483215,-0.1230752244591713,0.9987674951553345,0.9992799162864685
side_person17.mp4,side,153,5100,30.0,848,478,7,left_ear,0.4495416283607483,0.4908071756362915,-0.20865803956985474,0.9980807900428772,0.999521017074585
side_person17.mp4,side,153,5100,30.0,848,478,8,right_ear,0.4500886797904968,0.48591864109039307,-0.05393877997994423,0.9986034631729126,0.9992192983627319
side_person17.mp4,side,153,5100,30.0,848,478,9,mouth_left,0.4393020570278168,0.5195727944374084,-0.15089599788188934,0.9977341294288635,0.9993884563446045
side_person17.mp4,side,153,5100,30.0,848,478,10,mouth_right,0.4395102262496948,0.5180788040161133,-0.10585599392652512,0.9974161982536316,0.9993171691894531
side_person17.mp4,side,153,5100,30.0,848,478,11,left_shoulder,0.4726385176181793,0.5729812979698181,-0.27084046602249146,0.9991023540496826,0.9992774128913879
side_person17.mp4,side,153,5100,30.0,848,478,12,right_shoulder,0.4750601649284363,0.5340443253517151,0.0458366721868515,0.9974644184112549,0.9995593428611755
side_person17.mp4,side,153,5100,30.0,848,478,13,left_elbow,0.39208534359931946,0.5959311723709106,-0.3299999535083771,0.9883144497871399,0.999464213848114
side_person17.mp4,side,153,5100,30.0,848,478,14,right_elbow,0.4052479565143585,0.5472679734230042,0.10565382242202759,0.3391273021697998,0.9996215105056763
side_person17.mp4,side,153,5100,30.0,848,478,15,left_wrist,0.3084130883216858,0.5771710276603699,-0.309666246175766,0.98826003074646,0.9977796673774719
side_person17.mp4,side,153,5100,30.0,848,478,16,right_wrist,0.3426049053668976,0.5390112996101379,0.020626384764909744,0.5950525403022766,0.9972144961357117
side_person17.mp4,side,153,5100,30.0,848,478,17,left_pinky,0.2894403040409088,0.571434736251831,-0.35989412665367126,0.9816042184829712,0.9957220554351807
side_person17.mp4,side,153,5100,30.0,848,478,18,right_pinky,0.3276393711566925,0.5249136090278625,0.014360001310706139,0.6218836903572083,0.9952757358551025
side_person17.mp4,side,153,5100,30.0,848,478,19,left_index,0.30179363489151,0.5588621497154236,-0.3422878682613373,0.9799445271492004,0.9957161545753479
side_person17.mp4,side,153,5100,30.0,848,478,20,right_index,0.32629069685935974,0.5266935229301453,-0.023020897060632706,0.6379700899124146,0.9947147965431213
side_person17.mp4,side,153,5100,30.0,848,478,21,left_thumb,0.3028201758861542,0.56037837266922,-0.3051820397377014,0.9664687514305115,0.9964234232902527
side_person17.mp4,side,153,5100,30.0,848,478,22,right_thumb,0.3304738700389862,0.5334843397140503,0.002003089291974902,0.6552751064300537,0.9960454106330872
side_person17.mp4,side,153,5100,30.0,848,478,23,left_hip,0.5605396032333374,0.7645643949508667,-0.10141553729772568,0.9994946718215942,0.9997468590736389
side_person17.mp4,side,153,5100,30.0,848,478,24,right_hip,0.5473992824554443,0.7235358953475952,0.10155505686998367,0.9990636706352234,0.9998300075531006
side_person17.mp4,side,153,5100,30.0,848,478,25,left_knee,0.4486207664012909,0.7611373662948608,-0.0970296561717987,0.917018711566925,0.9986741542816162
side_person17.mp4,side,153,5100,30.0,848,478,26,right_knee,0.4506381154060364,0.7115486860275269,0.2123827487230301,0.2961338460445404,0.9991433620452881
side_person17.mp4,side,153,5100,30.0,848,478,27,left_ankle,0.5013293623924255,0.8992447853088379,0.08582193404436111,0.8445708155632019,0.9977647066116333
side_person17.mp4,side,153,5100,30.0,848,478,28,right_ankle,0.49826741218566895,0.8411868214607239,0.3693960905075073,0.3370622396469116,0.9983470439910889
side_person17.mp4,side,153,5100,30.0,848,478,29,left_heel,0.5179011821746826,0.9212819933891296,0.10579977184534073,0.823880672454834,0.9979836940765381
side_person17.mp4,side,153,5100,30.0,848,478,30,right_heel,0.5115553140640259,0.8647631406784058,0.3850206434726715,0.4858790338039398,0.9984423518180847
side_person17.mp4,side,153,5100,30.0,848,478,31,left_foot_index,0.46699315309524536,0.92849200963974,0.14133204519748688,0.7922555208206177,0.9975887537002563
side_person17.mp4,side,153,5100,30.0,848,478,32,right_foot_index,0.4683414101600647,0.8974911570549011,0.41756418347358704,0.4551238417625427,0.9978172779083252
side_person17.mp4,side,154,5133,30.0,848,478,0,nose,0.43250203132629395,0.5036329627037048,-0.1329064965248108,0.9987932443618774,0.998816967010498
side_person17.mp4,side,154,5133,30.0,848,478,1,left_eye_inner,0.4344366490840912,0.48729732632637024,-0.15384595096111298,0.9989898204803467,0.9990837574005127
side_person17.mp4,side,154,5133,30.0,848,478,2,left_eye,0.435421884059906,0.48707908391952515,-0.15388190746307373,0.9990940093994141,0.9991679191589355
side_person17.mp4,side,154,5133,30.0,848,478,3,left_eye_outer,0.4365198314189911,0.48701968789100647,-0.15395915508270264,0.9992539286613464,0.999241828918457
side_person17.mp4,side,154,5133,30.0,848,478,4,right_eye_inner,0.43467146158218384,0.48589247465133667,-0.12017358094453812,0.9984186887741089,0.9989417195320129
side_person17.mp4,side,154,5133,30.0,848,478,5,right_eye,0.43573570251464844,0.4846953749656677,-0.12020578980445862,0.998389482498169,0.9988788962364197
side_person17.mp4,side,154,5133,30.0,848,478,6,right_eye_outer,0.4370003044605255,0.4835902452468872,-0.1201820969581604,0.9987666010856628,0.998859167098999
side_person17.mp4,side,154,5133,30.0,848,478,7,left_ear,0.4495784044265747,0.488068550825119,-0.20266775786876678,0.9980539679527283,0.9991042017936707
side_person17.mp4,side,154,5133,30.0,848,478,8,right_ear,0.45010656118392944,0.48332077264785767,-0.04985339194536209,0.9986091256141663,0.9986966252326965
side_person17.mp4,side,154,5133,30.0,848,478,9,mouth_left,0.43935808539390564,0.5171774625778198,-0.1480903923511505,0.9976186752319336,0.9988142251968384
side_person17.mp4,side,154,5133,30.0,848,478,10,mouth_right,0.4395807981491089,0.5159451961517334,-0.10355205088853836,0.9973444938659668,0.9987156391143799
side_person17.mp4,side,154,5133,30.0,848,478,11,left_shoulder,0.4729132354259491,0.5708736777305603,-0.2654310166835785,0.9990565776824951,0.9983124732971191
side_person17.mp4,side,154,5133,30.0,848,478,12,right_shoulder,0.47504690289497375,0.5330817699432373,0.046882763504981995,0.9973950982093811,0.9990457892417908
side_person17.mp4,side,154,5133,30.0,848,478,13,left_elbow,0.39212191104888916,0.5935859084129333,-0.3269065320491791,0.9880564212799072,0.9989736080169678
side_person17.mp4,side,154,5133,30.0,848,478,14,right_elbow,0.40473106503486633,0.5483165979385376,0.10367564111948013,0.33534032106399536,0.9993168115615845
side_person17.mp4,side,154,5133,30.0,848,478,15,left_wrist,0.3056009113788605,0.5771546363830566,-0.3107111155986786,0.9882181286811829,0.9961575865745544
side_person17.mp4,side,154,5133,30.0,848,478,16,right_wrist,0.34227070212364197,0.5405274033546448,0.018674738705158234,0.5953094363212585,0.9948680400848389
side_person17.mp4,side,154,5133,30.0,848,478,17,left_pinky,0.28718578815460205,0.5716636180877686,-0.36081403493881226,0.9815459847450256,0.9931491017341614
side_person17.mp4,side,154,5133,30.0,848,478,18,right_pinky,0.32758769392967224,0.5261977314949036,0.01175479032099247,0.6225609183311462,0.9916913509368896
side_person17.mp4,side,154,5133,30.0,848,478,19,left_index,0.2990981340408325,0.5589948296546936,-0.3427829444408417,0.9798946976661682,0.9931121468544006
side_person17.mp4,side,154,5133,30.0,848,478,20,right_index,0.3262481093406677,0.5277537107467651,-0.02596353180706501,0.6390621066093445,0.9904689192771912
side_person17.mp4,side,154,5133,30.0,848,478,21,left_thumb,0.30269506573677063,0.5593246817588806,-0.30620676279067993,0.9662989377975464,0.9940065145492554
side_person17.mp4,side,154,5133,30.0,848,478,22,right_thumb,0.33033308386802673,0.5344703793525696,-0.00026357133174315095,0.6563142538070679,0.9925859570503235
side_person17.mp4,side,154,5133,30.0,848,478,23,left_hip,0.5604573488235474,0.762002170085907,-0.10085757821798325,0.9994858503341675,0.9994900226593018
side_person17.mp4,side,154,5133,30.0,848,478,24,right_hip,0.546831488609314,0.7215043902397156,0.10098495334386826,0.9990595579147339,0.9996914863586426
side_person17.mp4,side,154,5133,30.0,848,478,25,left_knee,0.44885534048080444,0.7610236406326294,-0.09978795796632767,0.9145042896270752,0.9978653788566589
side_person17.mp4,side,154,5133,30.0,848,478,26,right_knee,0.4506698250770569,0.7125647068023682,0.18638350069522858,0.2885303497314453,0.9986498951911926
side_person17.mp4,side,154,5133,30.0,848,478,27,left_ankle,0.5014975666999817,0.8992322087287903,0.07838360965251923,0.8387460112571716,0.9967167973518372
side_person17.mp4,side,154,5133,30.0,848,478,28,right_ankle,0.4983378052711487,0.8415641784667969,0.3328947126865387,0.32769471406936646,0.9978896975517273
side_person17.mp4,side,154,5133,30.0,848,478,29,left_heel,0.5180739164352417,0.9203169345855713,0.09807240217924118,0.8180930614471436,0.9971018433570862
side_person17.mp4,side,154,5133,30.0,848,478,30,right_heel,0.5115645527839661,0.8650537133216858,0.34807607531547546,0.47732532024383545,0.9979922771453857
side_person17.mp4,side,154,5133,30.0,848,478,31,left_foot_index,0.4683423936367035,0.9283097982406616,0.13160334527492523,0.7840625643730164,0.9964911341667175
side_person17.mp4,side,154,5133,30.0,848,478,32,right_foot_index,0.46923527121543884,0.8976690173149109,0.3787304162979126,0.44475746154785156,0.9969929456710815
side_person17.mp4,side,155,5167,30.0,848,478,0,nose,0.43245139718055725,0.5017837285995483,-0.1348583847284317,0.9987923502922058,0.9984920024871826
side_person17.mp4,side,155,5167,30.0,848,478,1,left_eye_inner,0.4342931807041168,0.48554885387420654,-0.15620514750480652,0.999001681804657,0.9988670349121094
side_person17.mp4,side,155,5167,30.0,848,478,2,left_eye,0.43530339002609253,0.4853358566761017,-0.1562412530183792,0.99910569190979,0.9989649057388306
side_person17.mp4,side,155,5167,30.0,848,478,3,left_eye_outer,0.43641048669815063,0.48528653383255005,-0.1563206911087036,0.999261736869812,0.9990622401237488
side_person17.mp4,side,155,5167,30.0,848,478,4,right_eye_inner,0.4344964325428009,0.4841752350330353,-0.1223631501197815,0.9984334111213684,0.9987051486968994
side_person17.mp4,side,155,5167,30.0,848,478,5,right_eye,0.435583233833313,0.4830020070075989,-0.12239459902048111,0.9984071850776672,0.9986333250999451
side_person17.mp4,side,155,5167,30.0,848,478,6,right_eye_outer,0.4368515610694885,0.48193567991256714,-0.12236963212490082,0.9987789988517761,0.9986145496368408
side_person17.mp4,side,155,5167,30.0,848,478,7,left_ear,0.44960907101631165,0.4863535761833191,-0.20546823740005493,0.9980654716491699,0.9989103078842163
side_person17.mp4,side,155,5167,30.0,848,478,8,right_ear,0.45008584856987,0.48166877031326294,-0.0515252947807312,0.9986364245414734,0.9984769225120544
side_person17.mp4,side,155,5167,30.0,848,478,9,mouth_left,0.4394203722476959,0.515281081199646,-0.15001021325588226,0.9975703954696655,0.9986104965209961
side_person17.mp4,side,155,5167,30.0,848,478,10,mouth_right,0.43965980410575867,0.5140700340270996,-0.10514236241579056,0.9973140954971313,0.9985007047653198
side_person17.mp4,side,155,5167,30.0,848,478,11,left_shoulder,0.47410959005355835,0.568909764289856,-0.26786816120147705,0.9990071058273315,0.9981662631034851
side_person17.mp4,side,155,5167,30.0,848,478,12,right_shoulder,0.47505566477775574,0.5317432284355164,0.04407322779297829,0.9973252415657043,0.9989474415779114
side_person17.mp4,side,155,5167,30.0,848,478,13,left_elbow,0.39140403270721436,0.5916042923927307,-0.32857316732406616,0.9877822995185852,0.998934805393219
side_person17.mp4,side,155,5167,30.0,848,478,14,right_elbow,0.4040805399417877,0.5479143857955933,0.09320779144763947,0.3283654451370239,0.9991955161094666
side_person17.mp4,side,155,5167,30.0,848,478,15,left_wrist,0.3010922074317932,0.5755594372749329,-0.3148615062236786,0.988280177116394,0.9957122802734375
side_person17.mp4,side,155,5167,30.0,848,478,16,right_wrist,0.3418770134449005,0.5400370359420776,0.009218092076480389,0.5929411053657532,0.9940323233604431
side_person17.mp4,side,155,5167,30.0,848,478,17,left_pinky,0.2842136025428772,0.5699470639228821,-0.3641509413719177,0.9816383719444275,0.9921452403068542
side_person17.mp4,side,155,5167,30.0,848,478,18,right_pinky,0.3274161219596863,0.526059091091156,0.0017438471550121903,0.6210214495658875,0.9905034303665161
side_person17.mp4,side,155,5167,30.0,848,478,19,left_index,0.293547123670578,0.5573424696922302,-0.3464154601097107,0.9800065159797668,0.992199718952179
side_person17.mp4,side,155,5167,30.0,848,478,20,right_index,0.32610195875167847,0.5274808406829834,-0.034361086785793304,0.6377438902854919,0.9890322089195251
side_person17.mp4,side,155,5167,30.0,848,478,21,left_thumb,0.29729604721069336,0.5585037469863892,-0.3105839490890503,0.9664393067359924,0.993261992931366
side_person17.mp4,side,155,5167,30.0,848,478,22,right_thumb,0.3295861780643463,0.533486008644104,-0.009228435344994068,0.6551507115364075,0.9914581179618835
side_person17.mp4,side,155,5167,30.0,848,478,23,left_hip,0.5604105591773987,0.7612791061401367,-0.09989418834447861,0.9994905591011047,0.999452531337738
side_person17.mp4,side,155,5167,30.0,848,478,24,right_hip,0.5460965633392334,0.7206897139549255,0.10000423341989517,0.9990717768669128,0.9996732473373413
side_person17.mp4,side,155,5167,30.0,848,478,25,left_knee,0.4489692449569702,0.7608162760734558,-0.09980770200490952,0.9116779565811157,0.997967541217804
side_person17.mp4,side,155,5167,30.0,848,478,26,right_knee,0.45068052411079407,0.7124166488647461,0.17736466228961945,0.2842161953449249,0.9987431168556213
side_person17.mp4,side,155,5167,30.0,848,478,27,left_ankle,0.501986563205719,0.8992600440979004,0.07904018461704254,0.832665205001831,0.9966505169868469
side_person17.mp4,side,155,5167,30.0,848,478,28,right_ankle,0.4982905089855194,0.8417394757270813,0.32450711727142334,0.32047995924949646,0.998126208782196
side_person17.mp4,side,155,5167,30.0,848,478,29,left_heel,0.5182168483734131,0.9212658405303955,0.09877841919660568,0.8120632767677307,0.9970357418060303
side_person17.mp4,side,155,5167,30.0,848,478,30,right_heel,0.511564314365387,0.8652573227882385,0.34011179208755493,0.47001537680625916,0.998180627822876
side_person17.mp4,side,155,5167,30.0,848,478,31,left_foot_index,0.4682885408401489,0.928026020526886,0.1308300942182541,0.7756651639938354,0.9962651133537292
side_person17.mp4,side,155,5167,30.0,848,478,32,right_foot_index,0.4687633812427521,0.8977270126342773,0.37037405371665955,0.43710750341415405,0.9972744584083557
side_person17.mp4,side,156,5200,30.0,848,478,0,nose,0.432495653629303,0.49697843194007874,-0.14771895110607147,0.9987229108810425,0.9975579977035522
side_person17.mp4,side,156,5200,30.0,848,478,1,left_eye_inner,0.43427640199661255,0.4799107313156128,-0.1692540943622589,0.9989478588104248,0.9981993436813354
side_person17.mp4,side,156,5200,30.0,848,478,2,left_eye,0.4352729022502899,0.4795577824115753,-0.16928109526634216,0.9990607500076294,0.9983686804771423
side_person17.mp4,side,156,5200,30.0,848,478,3,left_eye_outer,0.4363653361797333,0.4793551564216614,-0.16935570538043976,0.9992237091064453,0.9985311031341553
side_person17.mp4,side,156,5200,30.0,848,478,4,right_eye_inner,0.4344998896121979,0.47865524888038635,-0.1356659233570099,0.9983364939689636,0.9979017972946167
side_person17.mp4,side,156,5200,30.0,848,478,5,right_eye,0.4355945885181427,0.477367639541626,-0.1357017159461975,0.9983155727386475,0.9977877140045166
side_person17.mp4,side,156,5200,30.0,848,478,6,right_eye_outer,0.4368666112422943,0.4760565161705017,-0.13569237291812897,0.9987114071846008,0.9977516531944275
side_person17.mp4,side,156,5200,30.0,848,478,7,left_ear,0.44958412647247314,0.479667067527771,-0.21804477274417877,0.9979388117790222,0.9982187151908875
side_person17.mp4,side,156,5200,30.0,848,478,8,right_ear,0.45008984208106995,0.4752381145954132,-0.06607634574174881,0.9985579252243042,0.9973363280296326
side_person17.mp4,side,156,5200,30.0,848,478,9,mouth_left,0.4394490122795105,0.5104525089263916,-0.16269069910049438,0.9973635077476501,0.9976086616516113
side_person17.mp4,side,156,5200,30.0,848,478,10,mouth_right,0.4397021234035492,0.5099626183509827,-0.11842438578605652,0.9970635771751404,0.9973748922348022
side_person17.mp4,side,156,5200,30.0,848,478,11,left_shoulder,0.47429969906806946,0.5631312727928162,-0.2792586386203766,0.9989184141159058,0.9967920184135437
side_person17.mp4,side,156,5200,30.0,848,478,12,right_shoulder,0.4749096632003784,0.5261545777320862,0.031660135835409164,0.9971247315406799,0.9981168508529663
side_person17.mp4,side,156,5200,30.0,848,478,13,left_elbow,0.39166298508644104,0.5880963802337646,-0.3384847939014435,0.9873565435409546,0.9981422424316406
side_person17.mp4,side,156,5200,30.0,848,478,14,right_elbow,0.40384238958358765,0.5474754571914673,0.07647176086902618,0.32059571146965027,0.9986856579780579
side_person17.mp4,side,156,5200,30.0,848,478,15,left_wrist,0.3010428845882416,0.5748624801635742,-0.32216107845306396,0.9880887269973755,0.9936777949333191
side_person17.mp4,side,156,5200,30.0,848,478,16,right_wrist,0.34172558784484863,0.5393314957618713,-0.007360124494880438,0.5831947326660156,0.9915423393249512
side_person17.mp4,side,156,5200,30.0,848,478,17,left_pinky,0.2843245565891266,0.5686549544334412,-0.3717074990272522,0.9813971519470215,0.9892598390579224
side_person17.mp4,side,156,5200,30.0,848,478,18,right_pinky,0.32720744609832764,0.5256240367889404,-0.015836244449019432,0.6125503778457642,0.9870478510856628
side_person17.mp4,side,156,5200,30.0,848,478,19,left_index,0.29358020424842834,0.5561797618865967,-0.3544793725013733,0.9798053503036499,0.9893813133239746
side_person17.mp4,side,156,5200,30.0,848,478,20,right_index,0.32606518268585205,0.5268557667732239,-0.05176732316613197,0.6295145750045776,0.9849575757980347
side_person17.mp4,side,156,5200,30.0,848,478,21,left_thumb,0.298468679189682,0.558326780796051,-0.31804895401000977,0.9660942554473877,0.990594744682312
side_person17.mp4,side,156,5200,30.0,848,478,22,right_thumb,0.32953453063964844,0.5327616333961487,-0.025780096650123596,0.6472225785255432,0.9879012107849121
side_person17.mp4,side,156,5200,30.0,848,478,23,left_hip,0.5603803396224976,0.7506845593452454,-0.09996965527534485,0.999447226524353,0.998909592628479
side_person17.mp4,side,156,5200,30.0,848,478,24,right_hip,0.5454046726226807,0.7112723588943481,0.10007878392934799,0.9990079998970032,0.9993829727172852
side_person17.mp4,side,156,5200,30.0,848,478,25,left_knee,0.44929543137550354,0.7607608437538147,-0.09945163875818253,0.9111886620521545,0.9970173835754395
side_person17.mp4,side,156,5200,30.0,848,478,26,right_knee,0.45032843947410583,0.7131184935569763,0.16691561043262482,0.28493809700012207,0.9980121850967407
side_person17.mp4,side,156,5200,30.0,848,478,27,left_ankle,0.502873420715332,0.8993306159973145,0.08056023716926575,0.8339530229568481,0.9958065748214722
side_person17.mp4,side,156,5200,30.0,848,478,28,right_ankle,0.4993645250797272,0.8422852158546448,0.32271313667297363,0.31850728392601013,0.9974762797355652
side_person17.mp4,side,156,5200,30.0,848,478,29,left_heel,0.5190548300743103,0.922697126865387,0.10058268159627914,0.8123301267623901,0.9964290261268616
side_person17.mp4,side,156,5200,30.0,848,478,30,right_heel,0.5119870901107788,0.8653739094734192,0.33913713693618774,0.46839261054992676,0.9976155757904053
side_person17.mp4,side,156,5200,30.0,848,478,31,left_foot_index,0.46812790632247925,0.9280090928077698,0.13193733990192413,0.7754659652709961,0.9953579306602478
side_person17.mp4,side,156,5200,30.0,848,478,32,right_foot_index,0.4686451554298401,0.9012406468391418,0.366416871547699,0.4344145357608795,0.9964136481285095
side_person17.mp4,side,157,5233,30.0,848,478,0,nose,0.4324938654899597,0.4828459918498993,-0.14807529747486115,0.9986843466758728,0.9977259039878845
side_person17.mp4,side,157,5233,30.0,848,478,1,left_eye_inner,0.4342983067035675,0.46591371297836304,-0.1697758585214615,0.998913049697876,0.9983593821525574
side_person17.mp4,side,157,5233,30.0,848,478,2,left_eye,0.43528953194618225,0.46533283591270447,-0.16980329155921936,0.9990317225456238,0.9985550045967102
side_person17.mp4,side,157,5233,30.0,848,478,3,left_eye_outer,0.43637657165527344,0.464828759431839,-0.16987863183021545,0.9992019534111023,0.9987290501594543
side_person17.mp4,side,157,5233,30.0,848,478,4,right_eye_inner,0.4345209002494812,0.4650370478630066,-0.13612106442451477,0.9982728958129883,0.99797123670578
side_person17.mp4,side,157,5233,30.0,848,478,5,right_eye,0.43561357259750366,0.4637581408023834,-0.13615180552005768,0.9982506632804871,0.9978399276733398
side_person17.mp4,side,157,5233,30.0,848,478,6,right_eye_outer,0.4368799924850464,0.4623605012893677,-0.13614065945148468,0.9986637830734253,0.9978138208389282
side_person17.mp4,side,157,5233,30.0,848,478,7,left_ear,0.44972339272499084,0.4648478925228119,-0.21840335428714752,0.9978696703910828,0.9985361099243164
side_person17.mp4,side,157,5233,30.0,848,478,8,right_ear,0.450111448764801,0.46112534403800964,-0.06616160273551941,0.9984943866729736,0.9974236488342285
side_person17.mp4,side,157,5233,30.0,848,478,9,mouth_left,0.4394892454147339,0.49726322293281555,-0.16295143961906433,0.9973066449165344,0.9981251358985901
side_person17.mp4,side,157,5233,30.0,848,478,10,mouth_right,0.43975841999053955,0.4972573220729828,-0.11860400438308716,0.9969832897186279,0.9978433847427368
side_person17.mp4,side,157,5233,30.0,848,478,11,left_shoulder,0.47435852885246277,0.5486662983894348,-0.2805246114730835,0.9989140629768372,0.9980642199516296
side_person17.mp4,side,157,5233,30.0,848,478,12,right_shoulder,0.47385653853416443,0.5191547870635986,0.0326087549328804,0.9970840811729431,0.9987088441848755
side_person17.mp4,side,157,5233,30.0,848,478,13,left_elbow,0.39149877429008484,0.5744125843048096,-0.34084904193878174,0.9874434471130371,0.9989786148071289
side_person17.mp4,side,157,5233,30.0,848,478,14,right_elbow,0.40334218740463257,0.5430291295051575,0.07955612987279892,0.3160988390445709,0.999157190322876
side_person17.mp4,side,157,5233,30.0,848,478,15,left_wrist,0.3013158440589905,0.5680018663406372,-0.3248405158519745,0.9882468581199646,0.99638831615448
side_person17.mp4,side,157,5233,30.0,848,478,16,right_wrist,0.34104394912719727,0.535944938659668,-0.004958212375640869,0.5748540759086609,0.9941118359565735
side_person17.mp4,side,157,5233,30.0,848,478,17,left_pinky,0.28438544273376465,0.5632156729698181,-0.3750573992729187,0.9816204309463501,0.993521511554718
side_person17.mp4,side,157,5233,30.0,848,478,18,right_pinky,0.3270942270755768,0.524574339389801,-0.013254327699542046,0.6048352718353271,0.9905995726585388
side_person17.mp4,side,157,5233,30.0,848,478,19,left_index,0.29360461235046387,0.5510053634643555,-0.35718992352485657,0.980068564414978,0.9933933615684509
side_person17.mp4,side,157,5233,30.0,848,478,20,right_index,0.3259742558002472,0.5249863862991333,-0.049911074340343475,0.6216862797737122,0.9889307618141174
side_person17.mp4,side,157,5233,30.0,848,478,21,left_thumb,0.29836341738700867,0.553994357585907,-0.3205181360244751,0.9664484858512878,0.9943535327911377
side_person17.mp4,side,157,5233,30.0,848,478,22,right_thumb,0.32909873127937317,0.5292609333992004,-0.02350200153887272,0.6398404836654663,0.9913346171379089
side_person17.mp4,side,157,5233,30.0,848,478,23,left_hip,0.5604874491691589,0.7344062328338623,-0.09999749064445496,0.9994415640830994,0.9993519186973572
side_person17.mp4,side,157,5233,30.0,848,478,24,right_hip,0.5451841354370117,0.6991338133811951,0.10010658949613571,0.9989994168281555,0.9995699524879456
side_person17.mp4,side,157,5233,30.0,848,478,25,left_knee,0.4493144154548645,0.7606973052024841,-0.09541671723127365,0.9132984280586243,0.9981858134269714
side_person17.mp4,side,157,5233,30.0,848,478,26,right_knee,0.4504728615283966,0.715825080871582,0.17306090891361237,0.2869137227535248,0.9985507130622864
side_person17.mp4,side,157,5233,30.0,848,478,27,left_ankle,0.5028578042984009,0.8992068767547607,0.08347570896148682,0.83888840675354,0.997882068157196
side_person17.mp4,side,157,5233,30.0,848,478,28,right_ankle,0.4994773268699646,0.8448765873908997,0.32583025097846985,0.3223303556442261,0.9981687068939209
side_person17.mp4,side,157,5233,30.0,848,478,29,left_heel,0.5196837186813354,0.9228318929672241,0.10343322902917862,0.8167667984962463,0.998177170753479
side_person17.mp4,side,157,5233,30.0,848,478,30,right_heel,0.5116860270500183,0.8661888241767883,0.34170547127723694,0.4715227484703064,0.9983078241348267
side_person17.mp4,side,157,5233,30.0,848,478,31,left_foot_index,0.4677056074142456,0.9281129240989685,0.13294045627117157,0.7809619903564453,0.9974265694618225
side_person17.mp4,side,157,5233,30.0,848,478,32,right_foot_index,0.46767565608024597,0.9021527171134949,0.36342695355415344,0.4389403164386749,0.9973796606063843
side_person17.mp4,side,158,5267,30.0,848,478,0,nose,0.432582288980484,0.4706532061100006,-0.1419561505317688,0.9986730217933655,0.997515082359314
side_person17.mp4,side,158,5267,30.0,848,478,1,left_eye_inner,0.4343537986278534,0.45312947034835815,-0.16425098478794098,0.9989005923271179,0.9982739686965942
side_person17.mp4,side,158,5267,30.0,848,478,2,left_eye,0.4353707432746887,0.452314555644989,-0.16427016258239746,0.9990215301513672,0.9984935522079468
side_person17.mp4,side,158,5267,30.0,848,478,3,left_eye_outer,0.43650946021080017,0.4514666199684143,-0.1643415242433548,0.9991969466209412,0.9986893534660339
side_person17.mp4,side,158,5267,30.0,848,478,4,right_eye_inner,0.43455395102500916,0.45227503776550293,-0.13052460551261902,0.9982553124427795,0.9978500604629517
side_person17.mp4,side,158,5267,30.0,848,478,5,right_eye,0.43564069271087646,0.45085081458091736,-0.13053937256336212,0.9982326030731201,0.9976986050605774
side_person17.mp4,side,158,5267,30.0,848,478,6,right_eye_outer,0.4369026720523834,0.4492703676223755,-0.13052333891391754,0.9986511468887329,0.9976660013198853
side_person17.mp4,side,158,5267,30.0,848,478,7,left_ear,0.44988325238227844,0.45068836212158203,-0.21451996266841888,0.9978443384170532,0.9985092282295227
side_person17.mp4,side,158,5267,30.0,848,478,8,right_ear,0.450128436088562,0.44733288884162903,-0.06211913004517555,0.9984925389289856,0.9971815347671509
side_person17.mp4,side,158,5267,30.0,848,478,9,mouth_left,0.439959853887558,0.48448190093040466,-0.15746454894542694,0.9973167181015015,0.998137354850769
side_person17.mp4,side,158,5267,30.0,848,478,10,mouth_right,0.4400932490825653,0.4844130277633667,-0.11297290027141571,0.9969861507415771,0.997765064239502
side_person17.mp4,side,158,5267,30.0,848,478,11,left_shoulder,0.47413286566734314,0.5302296280860901,-0.28048041462898254,0.9989382028579712,0.9982759952545166
side_person17.mp4,side,158,5267,30.0,848,478,12,right_shoulder,0.4738723337650299,0.506150484085083,0.03987954184412956,0.9970847368240356,0.9986238479614258
side_person17.mp4,side,158,5267,30.0,848,478,13,left_elbow,0.3913116753101349,0.5577667355537415,-0.34842053055763245,0.9877157807350159,0.9992290735244751
side_person17.mp4,side,158,5267,30.0,848,478,14,right_elbow,0.4035504460334778,0.5327586531639099,0.09011596441268921,0.30904701352119446,0.9992125034332275
side_person17.mp4,side,158,5267,30.0,848,478,15,left_wrist,0.3007263243198395,0.55632084608078,-0.3358997404575348,0.9885280132293701,0.996697187423706
side_person17.mp4,side,158,5267,30.0,848,478,16,right_wrist,0.3413809537887573,0.5276356339454651,0.00993093941360712,0.5630177855491638,0.9951777458190918
side_person17.mp4,side,158,5267,30.0,848,478,17,left_pinky,0.283218115568161,0.5536209940910339,-0.38734400272369385,0.98208087682724,0.9934727549552917
side_person17.mp4,side,158,5267,30.0,848,478,18,right_pinky,0.3274149000644684,0.517616331577301,0.003374771447852254,0.5965427756309509,0.9924914240837097
side_person17.mp4,side,158,5267,30.0,848,478,19,left_index,0.2901556193828583,0.5416863560676575,-0.3658652901649475,0.9805668592453003,0.993398904800415
side_person17.mp4,side,158,5267,30.0,848,478,20,right_index,0.32635655999183655,0.5174692869186401,-0.03274964913725853,0.6130027770996094,0.9911974668502808
side_person17.mp4,side,158,5267,30.0,848,478,21,left_thumb,0.29618361592292786,0.5446742177009583,-0.3304024934768677,0.9671601057052612,0.9945080876350403
side_person17.mp4,side,158,5267,30.0,848,478,22,right_thumb,0.3293193578720093,0.5224097371101379,-0.008543525822460651,0.631262481212616,0.9930740594863892
side_person17.mp4,side,158,5267,30.0,848,478,23,left_hip,0.560521125793457,0.7178683280944824,-0.10181178897619247,0.9994441866874695,0.9993550181388855
side_person17.mp4,side,158,5267,30.0,848,478,24,right_hip,0.5450559258460999,0.6852322220802307,0.10192282497882843,0.9989873766899109,0.9995154142379761
side_person17.mp4,side,158,5267,30.0,848,478,25,left_knee,0.44933003187179565,0.7602662444114685,-0.10392756015062332,0.9151913523674011,0.9983149766921997
side_person17.mp4,side,158,5267,30.0,848,478,26,right_knee,0.45069536566734314,0.7176720499992371,0.15975390374660492,0.2846948206424713,0.9983280301094055
side_person17.mp4,side,158,5267,30.0,848,478,27,left_ankle,0.502856969833374,0.8992542028427124,0.06728839874267578,0.8459888100624084,0.9976123571395874
side_person17.mp4,side,158,5267,30.0,848,478,28,right_ankle,0.5000079274177551,0.8551257848739624,0.30391332507133484,0.32236912846565247,0.9978729486465454
side_person17.mp4,side,158,5267,30.0,848,478,29,left_heel,0.5198438167572021,0.9230599403381348,0.08680947124958038,0.8241986632347107,0.997980535030365
side_person17.mp4,side,158,5267,30.0,848,478,30,right_heel,0.5116291046142578,0.873148500919342,0.3186122477054596,0.47331827878952026,0.9980745315551758
side_person17.mp4,side,158,5267,30.0,848,478,31,left_foot_index,0.46749910712242126,0.9290765523910522,0.11328499019145966,0.7886608839035034,0.9970560073852539
side_person17.mp4,side,158,5267,30.0,848,478,32,right_foot_index,0.46765580773353577,0.9042821526527405,0.3354566693305969,0.4403519332408905,0.996941864490509
side_person17.mp4,side,159,5300,30.0,848,478,0,nose,0.4327276051044464,0.4530239999294281,-0.12459202855825424,0.9986677765846252,0.9978657364845276
side_person17.mp4,side,159,5300,30.0,848,478,1,left_eye_inner,0.4343665540218353,0.43531137704849243,-0.14653870463371277,0.998857319355011,0.9981052875518799
side_person17.mp4,side,159,5300,30.0,848,478,2,left_eye,0.43539366126060486,0.434471994638443,-0.14654487371444702,0.9989773035049438,0.9981871247291565
side_person17.mp4,side,159,5300,30.0,848,478,3,left_eye_outer,0.43655848503112793,0.43356236815452576,-0.14659269154071808,0.9991647005081177,0.9982752799987793
side_person17.mp4,side,159,5300,30.0,848,478,4,right_eye_inner,0.4345691204071045,0.43450409173965454,-0.11326832324266434,0.9982236623764038,0.9980839490890503
side_person17.mp4,side,159,5300,30.0,848,478,5,right_eye,0.43565717339515686,0.43314129114151,-0.11328458786010742,0.9982051849365234,0.9980534315109253
side_person17.mp4,side,159,5300,30.0,848,478,6,right_eye_outer,0.43691927194595337,0.4316279888153076,-0.11328233033418655,0.9986410737037659,0.9980974793434143
side_person17.mp4,side,159,5300,30.0,848,478,7,left_ear,0.4500497877597809,0.4326266348361969,-0.19709768891334534,0.9977084994316101,0.9976703524589539
side_person17.mp4,side,159,5300,30.0,848,478,8,right_ear,0.450143426656723,0.4300506114959717,-0.04689442366361618,0.9984654188156128,0.9975672960281372
side_person17.mp4,side,159,5300,30.0,848,478,9,mouth_left,0.4404178261756897,0.4669502377510071,-0.1406152844429016,0.9972899556159973,0.99776291847229
side_person17.mp4,side,159,5300,30.0,848,478,10,mouth_right,0.4404447674751282,0.46684613823890686,-0.09672507643699646,0.9969310164451599,0.997796893119812
side_person17.mp4,side,159,5300,30.0,848,478,11,left_shoulder,0.4747655689716339,0.5035016536712646,-0.27029868960380554,0.998909592628479,0.9965999722480774
side_person17.mp4,side,159,5300,30.0,848,478,12,right_shoulder,0.4738868772983551,0.4924868643283844,0.05150483548641205,0.997077226638794,0.9985217452049255
side_person17.mp4,side,159,5300,30.0,848,478,13,left_elbow,0.39378422498703003,0.5364320874214172,-0.3472752571105957,0.9877727031707764,0.9988963603973389
side_person17.mp4,side,159,5300,30.0,848,478,14,right_elbow,0.40310707688331604,0.5185790061950684,0.0914330929517746,0.31377750635147095,0.9994874000549316
side_person17.mp4,side,159,5300,30.0,848,478,15,left_wrist,0.30650508403778076,0.5367341041564941,-0.3366439640522003,0.9884423613548279,0.9959771037101746
side_person17.mp4,side,159,5300,30.0,848,478,16,right_wrist,0.340739905834198,0.5173353552818298,0.009846764616668224,0.5600989460945129,0.9974863529205322
side_person17.mp4,side,159,5300,30.0,848,478,17,left_pinky,0.29179731011390686,0.5279295444488525,-0.38708144426345825,0.9819636940956116,0.992695689201355
side_person17.mp4,side,159,5300,30.0,848,478,18,right_pinky,0.3268107771873474,0.5101143717765808,0.0024562859907746315,0.5937049984931946,0.9956414699554443
side_person17.mp4,side,159,5300,30.0,848,478,19,left_index,0.29601025581359863,0.5237082242965698,-0.36527782678604126,0.9804341793060303,0.9924570322036743
side_person17.mp4,side,159,5300,30.0,848,478,20,right_index,0.3256910741329193,0.5090862512588501,-0.033200740814208984,0.609618067741394,0.9947795867919922
side_person17.mp4,side,159,5300,30.0,848,478,21,left_thumb,0.30024367570877075,0.5270602703094482,-0.33091410994529724,0.9669321179389954,0.9936041235923767
side_person17.mp4,side,159,5300,30.0,848,478,22,right_thumb,0.3284226059913635,0.5127018690109253,-0.008607435040175915,0.628077507019043,0.9959869980812073
side_person17.mp4,side,159,5300,30.0,848,478,23,left_hip,0.5604807138442993,0.6963553428649902,-0.10331859439611435,0.9994115829467773,0.9989259839057922
side_person17.mp4,side,159,5300,30.0,848,478,24,right_hip,0.5448359847068787,0.6716295480728149,0.10339358448982239,0.9989546537399292,0.9994038343429565
side_person17.mp4,side,159,5300,30.0,848,478,25,left_knee,0.44953814148902893,0.7572352290153503,-0.1071416586637497,0.9176020622253418,0.9980136156082153
side_person17.mp4,side,159,5300,30.0,848,478,26,right_knee,0.45101144909858704,0.718729555606842,0.14161841571331024,0.2870221734046936,0.9982864260673523
side_person17.mp4,side,159,5300,30.0,848,478,27,left_ankle,0.5025820136070251,0.8994057774543762,0.056207671761512756,0.8550738096237183,0.996967613697052
side_person17.mp4,side,159,5300,30.0,848,478,28,right_ankle,0.5000631213188171,0.8630462884902954,0.28306612372398376,0.32532113790512085,0.9978850483894348
side_person17.mp4,side,159,5300,30.0,848,478,29,left_heel,0.5191663503646851,0.922764778137207,0.07450450956821442,0.8338680267333984,0.9973664879798889
side_person17.mp4,side,159,5300,30.0,848,478,30,right_heel,0.5125064849853516,0.8868952393531799,0.2969222664833069,0.4785923659801483,0.9980054497718811
side_person17.mp4,side,159,5300,30.0,848,478,31,left_foot_index,0.4655883312225342,0.9292685389518738,0.08985384553670883,0.799726665019989,0.9962647557258606
side_person17.mp4,side,159,5300,30.0,848,478,32,right_foot_index,0.46702125668525696,0.9120087623596191,0.3032703399658203,0.44529885053634644,0.9969189167022705
side_person17.mp4,side,160,5333,30.0,848,478,0,nose,0.43316182494163513,0.43437209725379944,-0.10784760117530823,0.9986616969108582,0.9977098703384399
side_person17.mp4,side,160,5333,30.0,848,478,1,left_eye_inner,0.4346105456352234,0.41606608033180237,-0.13012121617794037,0.998816967010498,0.9978413581848145
side_person17.mp4,side,160,5333,30.0,848,478,2,left_eye,0.4356221556663513,0.41511982679367065,-0.1301380693912506,0.9989361763000488,0.9979107975959778
side_person17.mp4,side,160,5333,30.0,848,478,3,left_eye_outer,0.43679407238960266,0.4141034185886383,-0.13018059730529785,0.9991388916969299,0.9979931116104126
side_person17.mp4,side,160,5333,30.0,848,478,4,right_eye_inner,0.43482738733291626,0.41504427790641785,-0.09700553119182587,0.9982098937034607,0.9978455305099487
side_person17.mp4,side,160,5333,30.0,848,478,5,right_eye,0.4359220564365387,0.41342514753341675,-0.097013458609581,0.9981924891471863,0.9978201389312744
side_person17.mp4,side,160,5333,30.0,848,478,6,right_eye_outer,0.4372040629386902,0.4116869866847992,-0.0970192402601242,0.9986399412155151,0.9978725910186768
side_person17.mp4,side,160,5333,30.0,848,478,7,left_ear,0.4503605365753174,0.41175204515457153,-0.18170660734176636,0.997593343257904,0.9972156286239624
side_person17.mp4,side,160,5333,30.0,848,478,8,right_ear,0.45037841796875,0.4091353416442871,-0.03277412801980972,0.9984311461448669,0.9972584247589111
side_person17.mp4,side,160,5333,30.0,848,478,9,mouth_left,0.4408687651157379,0.4468607008457184,-0.12405216693878174,0.99729323387146,0.997455894947052
side_person17.mp4,side,160,5333,30.0,848,478,10,mouth_right,0.44094038009643555,0.44697314500808716,-0.08055787533521652,0.9968622326850891,0.9974258542060852
side_person17.mp4,side,160,5333,30.0,848,478,11,left_shoulder,0.47552645206451416,0.4810308814048767,-0.2580752670764923,0.9988609552383423,0.9961856007575989
side_person17.mp4,side,160,5333,30.0,848,478,12,right_shoulder,0.47495245933532715,0.4750019609928131,0.06789479404687881,0.997001051902771,0.9978026747703552
side_person17.mp4,side,160,5333,30.0,848,478,13,left_elbow,0.3958154320716858,0.5143837332725525,-0.33221280574798584,0.9875434637069702,0.9989400506019592
side_person17.mp4,side,160,5333,30.0,848,478,14,right_elbow,0.4039226770401001,0.5016390681266785,0.10236247628927231,0.31238627433776855,0.9993402361869812
side_person17.mp4,side,160,5333,30.0,848,478,15,left_wrist,0.31147345900535583,0.5156930088996887,-0.31026625633239746,0.9882990717887878,0.9964678287506104
side_person17.mp4,side,160,5333,30.0,848,478,16,right_wrist,0.3425791263580322,0.5055179595947266,0.019303571432828903,0.5497430562973022,0.997526228427887
side_person17.mp4,side,160,5333,30.0,848,478,17,left_pinky,0.293189138174057,0.5106356143951416,-0.35611432790756226,0.9818570017814636,0.9938035011291504
side_person17.mp4,side,160,5333,30.0,848,478,18,right_pinky,0.3277815580368042,0.49783623218536377,0.010875865817070007,0.5840122699737549,0.996090829372406
side_person17.mp4,side,160,5333,30.0,848,478,19,left_index,0.3005266487598419,0.5008761286735535,-0.33538517355918884,0.9803217053413391,0.9936853051185608
side_person17.mp4,side,160,5333,30.0,848,478,20,right_index,0.3263567388057709,0.49698716402053833,-0.020747529342770576,0.5993161797523499,0.9954875111579895
side_person17.mp4,side,160,5333,30.0,848,478,21,left_thumb,0.3048709034919739,0.505590558052063,-0.30430883169174194,0.9668540358543396,0.9946457147598267
side_person17.mp4,side,160,5333,30.0,848,478,22,right_thumb,0.3293743133544922,0.5007876753807068,0.0018472432857379317,0.6178973913192749,0.9964058995246887
side_person17.mp4,side,160,5333,30.0,848,478,23,left_hip,0.5606445670127869,0.678310215473175,-0.10386478900909424,0.9993962645530701,0.9991200566291809
side_person17.mp4,side,160,5333,30.0,848,478,24,right_hip,0.5448368787765503,0.6561699509620667,0.10393375158309937,0.9989311099052429,0.9993805885314941
side_person17.mp4,side,160,5333,30.0,848,478,25,left_knee,0.4529174864292145,0.7540971636772156,-0.10646312683820724,0.9198720455169678,0.9988813996315002
side_person17.mp4,side,160,5333,30.0,848,478,26,right_knee,0.4521404206752777,0.7162888646125793,0.1519990712404251,0.2962549924850464,0.9988178610801697
side_person17.mp4,side,160,5333,30.0,848,478,27,left_ankle,0.5029852390289307,0.8996546864509583,0.05117649957537651,0.8635558485984802,0.9984486103057861
side_person17.mp4,side,160,5333,30.0,848,478,28,right_ankle,0.5002603530883789,0.8616511225700378,0.2940053939819336,0.3377191722393036,0.9989726543426514
side_person17.mp4,side,160,5333,30.0,848,478,29,left_heel,0.5190731287002563,0.9222736954689026,0.06853017956018448,0.8433113694190979,0.9985637068748474
side_person17.mp4,side,160,5333,30.0,848,478,30,right_heel,0.5138443112373352,0.8892761468887329,0.30817511677742004,0.4921570122241974,0.9990200996398926
side_person17.mp4,side,160,5333,30.0,848,478,31,left_foot_index,0.4655910134315491,0.9296115636825562,0.07985670864582062,0.8111276030540466,0.9978836178779602
side_person17.mp4,side,160,5333,30.0,848,478,32,right_foot_index,0.4677971601486206,0.9114657044410706,0.3172666132450104,0.460279643535614,0.9985926747322083
side_person17.mp4,side,161,5367,30.0,848,478,0,nose,0.4334859549999237,0.4130344092845917,-0.11036865413188934,0.9986712336540222,0.9971566200256348
side_person17.mp4,side,161,5367,30.0,848,478,1,left_eye_inner,0.43496134877204895,0.39539915323257446,-0.13234713673591614,0.9987848401069641,0.9971585273742676
side_person17.mp4,side,161,5367,30.0,848,478,2,left_eye,0.4359830319881439,0.39432385563850403,-0.1323615163564682,0.9989004731178284,0.9971609115600586
side_person17.mp4,side,161,5367,30.0,848,478,3,left_eye_outer,0.4371483325958252,0.39317554235458374,-0.13240166008472443,0.9991148710250854,0.9971784353256226
side_person17.mp4,side,161,5367,30.0,848,478,4,right_eye_inner,0.4351244866847992,0.39466285705566406,-0.09837011247873306,0.998203456401825,0.9973347187042236
side_person17.mp4,side,161,5367,30.0,848,478,5,right_eye,0.4362261891365051,0.39308783411979675,-0.09839024394750595,0.9981890320777893,0.9973752498626709
side_person17.mp4,side,161,5367,30.0,848,478,6,right_eye_outer,0.4375095069408417,0.3913632035255432,-0.09840331971645355,0.9986457824707031,0.9974416494369507
side_person17.mp4,side,161,5367,30.0,848,478,7,left_ear,0.4507162272930145,0.3899959623813629,-0.18293751776218414,0.9974988698959351,0.9959696531295776
side_person17.mp4,side,161,5367,30.0,848,478,8,right_ear,0.4507213532924652,0.38790053129196167,-0.030614564195275307,0.9984095692634583,0.9966630339622498
side_person17.mp4,side,161,5367,30.0,848,478,9,mouth_left,0.4413958489894867,0.42595717310905457,-0.12654173374176025,0.9973108172416687,0.996696949005127
side_person17.mp4,side,161,5367,30.0,848,478,10,mouth_right,0.4414029121398926,0.4260652959346771,-0.08205648511648178,0.996798038482666,0.9967482089996338
side_person17.mp4,side,161,5367,30.0,848,478,11,left_shoulder,0.47674137353897095,0.46006858348846436,-0.26165053248405457,0.9987625479698181,0.9938257932662964
side_person17.mp4,side,161,5367,30.0,848,478,12,right_shoulder,0.47563692927360535,0.4573417603969574,0.0701369196176529,0.9968414306640625,0.9965215921401978
side_person17.mp4,side,161,5367,30.0,848,478,13,left_elbow,0.3995549976825714,0.49860021471977234,-0.3329257667064667,0.9873077273368835,0.9981916546821594
side_person17.mp4,side,161,5367,30.0,848,478,14,right_elbow,0.4040204584598541,0.4866153597831726,0.1007549986243248,0.31539013981819153,0.9990780353546143
side_person17.mp4,side,161,5367,30.0,848,478,15,left_wrist,0.31723353266716003,0.4979836642742157,-0.31067928671836853,0.9877741932868958,0.9950137734413147
side_person17.mp4,side,161,5367,30.0,848,478,16,right_wrist,0.34098920226097107,0.4953896999359131,0.017028722912073135,0.5378690958023071,0.9956135749816895
side_person17.mp4,side,161,5367,30.0,848,478,17,left_pinky,0.29580968618392944,0.4916205406188965,-0.3566676378250122,0.9812065958976746,0.9915869235992432
side_person17.mp4,side,161,5367,30.0,848,478,18,right_pinky,0.32612475752830505,0.488512247800827,0.008974652737379074,0.5719656944274902,0.9929509162902832
side_person17.mp4,side,161,5367,30.0,848,478,19,left_index,0.30575287342071533,0.47828546166419983,-0.3361908793449402,0.979617178440094,0.991554319858551
side_person17.mp4,side,161,5367,30.0,848,478,20,right_index,0.32517507672309875,0.48642316460609436,-0.02403043396770954,0.5870446562767029,0.9918500185012817
side_person17.mp4,side,161,5367,30.0,848,478,21,left_thumb,0.31223005056381226,0.4849890470504761,-0.3047190010547638,0.9659097790718079,0.9926694631576538
side_person17.mp4,side,161,5367,30.0,848,478,22,right_thumb,0.32696613669395447,0.4898720979690552,-0.0007693922379985452,0.6070190668106079,0.9933522939682007
side_person17.mp4,side,161,5367,30.0,848,478,23,left_hip,0.5606046915054321,0.6568875312805176,-0.10611911118030548,0.9992837309837341,0.9980668425559998
side_person17.mp4,side,161,5367,30.0,848,478,24,right_hip,0.5447777509689331,0.6405624151229858,0.10618392378091812,0.9988051056861877,0.9987119436264038
side_person17.mp4,side,161,5367,30.0,848,478,25,left_knee,0.45812439918518066,0.7516831159591675,-0.10599733144044876,0.9204354286193848,0.9978688955307007
side_person17.mp4,side,161,5367,30.0,848,478,26,right_knee,0.45339104533195496,0.7162722945213318,0.12065146118402481,0.3034749925136566,0.9976557493209839
side_person17.mp4,side,161,5367,30.0,848,478,27,left_ankle,0.5029782056808472,0.9033732414245605,0.04544411227107048,0.8720730543136597,0.9955030083656311
side_person17.mp4,side,161,5367,30.0,848,478,28,right_ankle,0.5005398392677307,0.8759773969650269,0.27045688033103943,0.34297457337379456,0.9977899789810181
side_person17.mp4,side,161,5367,30.0,848,478,29,left_heel,0.5186643600463867,0.9254003763198853,0.060864683240652084,0.8525626063346863,0.9958171248435974
side_person17.mp4,side,161,5367,30.0,848,478,30,right_heel,0.5135462880134583,0.8998550176620483,0.28522369265556335,0.5014023780822754,0.997821569442749
side_person17.mp4,side,161,5367,30.0,848,478,31,left_foot_index,0.4653865098953247,0.9299008250236511,0.051332198083400726,0.8218006491661072,0.9939993619918823
side_person17.mp4,side,161,5367,30.0,848,478,32,right_foot_index,0.467128723859787,0.9149033427238464,0.27773335576057434,0.4660193920135498,0.9969556331634521
side_person17.mp4,side,162,5400,30.0,848,478,0,nose,0.4337790012359619,0.39125290513038635,-0.09569188952445984,0.9987091422080994,0.9970576763153076
side_person17.mp4,side,162,5400,30.0,848,478,1,left_eye_inner,0.4351460337638855,0.37416309118270874,-0.11605388671159744,0.9987913370132446,0.9967198967933655
side_person17.mp4,side,162,5400,30.0,848,478,2,left_eye,0.43621826171875,0.3730466067790985,-0.11606363952159882,0.9988996982574463,0.9966101050376892
side_person17.mp4,side,162,5400,30.0,848,478,3,left_eye_outer,0.437421053647995,0.3718740940093994,-0.11609154939651489,0.9991187453269958,0.9965081810951233
side_person17.mp4,side,162,5400,30.0,848,478,4,right_eye_inner,0.4352249503135681,0.3736218810081482,-0.0838017612695694,0.998245120048523,0.9970129728317261
side_person17.mp4,side,162,5400,30.0,848,478,5,right_eye,0.43632617592811584,0.37216395139694214,-0.08383935689926147,0.9982325434684753,0.9970501661300659
side_person17.mp4,side,162,5400,30.0,848,478,6,right_eye_outer,0.43761032819747925,0.3705776035785675,-0.08386730402708054,0.9986830949783325,0.997061550617218
side_person17.mp4,side,162,5400,30.0,848,478,7,left_ear,0.45138347148895264,0.3685552775859833,-0.16290181875228882,0.9974775314331055,0.9950088262557983
side_person17.mp4,side,162,5400,30.0,848,478,8,right_ear,0.4512230455875397,0.3669743239879608,-0.01923375576734543,0.9984310269355774,0.9962504506111145
side_person17.mp4,side,162,5400,30.0,848,478,9,mouth_left,0.4422967731952667,0.4044225513935089,-0.11094960570335388,0.9973614811897278,0.9961965084075928
side_person17.mp4,side,162,5400,30.0,848,478,10,mouth_right,0.4421592354774475,0.4043805003166199,-0.0689164400100708,0.9967752695083618,0.9962833523750305
side_person17.mp4,side,162,5400,30.0,848,478,11,left_shoulder,0.4791393280029297,0.4401589035987854,-0.2436753362417221,0.9986048340797424,0.9907591342926025
side_person17.mp4,side,162,5400,30.0,848,478,12,right_shoulder,0.47697538137435913,0.4362905025482178,0.07680521160364151,0.9965299367904663,0.9948163628578186
side_person17.mp4,side,162,5400,30.0,848,478,13,left_elbow,0.40300068259239197,0.4801362156867981,-0.3073514401912689,0.9866209626197815,0.9973382353782654
side_person17.mp4,side,162,5400,30.0,848,478,14,right_elbow,0.4045700132846832,0.4741484820842743,0.1012735515832901,0.31432878971099854,0.9985878467559814
side_person17.mp4,side,162,5400,30.0,848,478,15,left_wrist,0.32922011613845825,0.48029908537864685,-0.27131038904190063,0.986628532409668,0.9935845732688904
side_person17.mp4,side,162,5400,30.0,848,478,16,right_wrist,0.34004631638526917,0.4796311557292938,0.020592287182807922,0.5194423198699951,0.992351233959198
side_person17.mp4,side,162,5400,30.0,848,478,17,left_pinky,0.3095759153366089,0.46769949793815613,-0.31172290444374084,0.9797425866127014,0.9894620776176453
side_person17.mp4,side,162,5400,30.0,848,478,18,right_pinky,0.32543182373046875,0.4733845591545105,0.01278587244451046,0.5530162453651428,0.9881476759910583
side_person17.mp4,side,162,5400,30.0,848,478,19,left_index,0.31384941935539246,0.4648057818412781,-0.29311519861221313,0.9780595898628235,0.9893614649772644
side_person17.mp4,side,162,5400,30.0,848,478,20,right_index,0.32422760128974915,0.469929575920105,-0.01758035458624363,0.5678659677505493,0.9864913821220398
side_person17.mp4,side,162,5400,30.0,848,478,21,left_thumb,0.3171258866786957,0.4690735936164856,-0.2654528021812439,0.9639611840248108,0.9907659292221069
side_person17.mp4,side,162,5400,30.0,848,478,22,right_thumb,0.3257805407047272,0.4733012020587921,0.003245155094191432,0.5893344879150391,0.9887303709983826
side_person17.mp4,side,162,5400,30.0,848,478,23,left_hip,0.5619708895683289,0.6397954225540161,-0.10608597844839096,0.9991276860237122,0.9971814155578613
side_person17.mp4,side,162,5400,30.0,848,478,24,right_hip,0.5449969172477722,0.6228809952735901,0.10613473504781723,0.9986430406570435,0.9983232617378235
side_person17.mp4,side,162,5400,30.0,848,478,25,left_knee,0.4647243320941925,0.7505183815956116,-0.09965509921312332,0.9216111302375793,0.9971035122871399
side_person17.mp4,side,162,5400,30.0,848,478,26,right_knee,0.45448020100593567,0.7101613283157349,0.10086294263601303,0.3122439682483673,0.9973366856575012
side_person17.mp4,side,162,5400,30.0,848,478,27,left_ankle,0.5031697154045105,0.903764545917511,0.03394128382205963,0.8801764845848083,0.9924458861351013
side_person17.mp4,side,162,5400,30.0,848,478,28,right_ankle,0.5007562637329102,0.8775723576545715,0.2409692257642746,0.3509479761123657,0.99751877784729
side_person17.mp4,side,162,5400,30.0,848,478,29,left_heel,0.5186874866485596,0.9257354736328125,0.04696885123848915,0.8611881136894226,0.9924395084381104
side_person17.mp4,side,162,5400,30.0,848,478,30,right_heel,0.5135300755500793,0.9010329246520996,0.2547625005245209,0.5113045573234558,0.997282862663269
side_person17.mp4,side,162,5400,30.0,848,478,31,left_foot_index,0.4648717939853668,0.9301113486289978,0.030794471502304077,0.8321662545204163,0.9895833730697632
side_person17.mp4,side,162,5400,30.0,848,478,32,right_foot_index,0.46590837836265564,0.91468745470047,0.24399243295192719,0.4728674590587616,0.995971143245697
side_person17.mp4,side,163,5433,30.0,848,478,0,nose,0.4341014623641968,0.367647260427475,-0.10343468934297562,0.9987710118293762,0.997738242149353
side_person17.mp4,side,163,5433,30.0,848,478,1,left_eye_inner,0.43557092547416687,0.35061731934547424,-0.12349437177181244,0.9988274574279785,0.9975186586380005
side_person17.mp4,side,163,5433,30.0,848,478,2,left_eye,0.4367664158344269,0.3493114709854126,-0.12352060526609421,0.9989289045333862,0.9974662065505981
side_person17.mp4,side,163,5433,30.0,848,478,3,left_eye_outer,0.43810179829597473,0.3479873538017273,-0.12356000393629074,0.9991457462310791,0.9974320530891418
side_person17.mp4,side,163,5433,30.0,848,478,4,right_eye_inner,0.43549829721450806,0.3505060076713562,-0.09112955629825592,0.9983211755752563,0.9976623058319092
side_person17.mp4,side,163,5433,30.0,848,478,5,right_eye,0.43659019470214844,0.34911760687828064,-0.09116407483816147,0.9983087182044983,0.9976648092269897
side_person17.mp4,side,163,5433,30.0,848,478,6,right_eye_outer,0.4378705322742462,0.34761548042297363,-0.0911867767572403,0.9987369179725647,0.9976400136947632
side_person17.mp4,side,163,5433,30.0,848,478,7,left_ear,0.4526858925819397,0.3446488678455353,-0.16844412684440613,0.9975471496582031,0.9963709115982056
side_person17.mp4,side,163,5433,30.0,848,478,8,right_ear,0.4520496129989624,0.34344881772994995,-0.02464902028441429,0.9984854459762573,0.996960461139679
side_person17.mp4,side,163,5433,30.0,848,478,9,mouth_left,0.4429498612880707,0.37988027930259705,-0.11787396669387817,0.9974804520606995,0.9968031644821167
side_person17.mp4,side,163,5433,30.0,848,478,10,mouth_right,0.4426293671131134,0.38018345832824707,-0.07567697763442993,0.9968486428260803,0.996715784072876
side_person17.mp4,side,163,5433,30.0,848,478,11,left_shoulder,0.48039257526397705,0.4189002811908722,-0.2491341233253479,0.9985389113426208,0.9926982522010803
side_person17.mp4,side,163,5433,30.0,848,478,12,right_shoulder,0.4789508581161499,0.4188985228538513,0.07357502728700638,0.9962127804756165,0.9948712587356567
side_person17.mp4,side,163,5433,30.0,848,478,13,left_elbow,0.40327945351600647,0.46043115854263306,-0.3160691559314728,0.986275315284729,0.9982095956802368
side_person17.mp4,side,163,5433,30.0,848,478,14,right_elbow,0.40470463037490845,0.4572218954563141,0.0957254096865654,0.31448492407798767,0.9989237189292908
side_person17.mp4,side,163,5433,30.0,848,478,15,left_wrist,0.32463669776916504,0.4578189253807068,-0.2882099151611328,0.9859944581985474,0.9957391023635864
side_person17.mp4,side,163,5433,30.0,848,478,16,right_wrist,0.3322654962539673,0.46004432439804077,0.01864662580192089,0.50246661901474,0.9934264421463013
side_person17.mp4,side,163,5433,30.0,848,478,17,left_pinky,0.3054389953613281,0.455422043800354,-0.3321671485900879,0.9788783192634583,0.9928537011146545
side_person17.mp4,side,163,5433,30.0,848,478,18,right_pinky,0.3192097246646881,0.4576842784881592,0.011078194715082645,0.5335127711296082,0.9898717999458313
side_person17.mp4,side,163,5433,30.0,848,478,19,left_index,0.3106127381324768,0.4483594000339508,-0.3129641115665436,0.9771081805229187,0.9928210377693176
side_person17.mp4,side,163,5433,30.0,848,478,20,right_index,0.3171350955963135,0.4539572298526764,-0.019852519035339355,0.5478940606117249,0.9881220459938049
side_person17.mp4,side,163,5433,30.0,848,478,21,left_thumb,0.31484973430633545,0.4501658082008362,-0.2826170325279236,0.9627061486244202,0.993806004524231
side_person17.mp4,side,163,5433,30.0,848,478,22,right_thumb,0.31832319498062134,0.45524436235427856,0.001494770054705441,0.5706999897956848,0.9903869032859802
side_person17.mp4,side,163,5433,30.0,848,478,23,left_hip,0.5628266334533691,0.6230649352073669,-0.105985626578331,0.9990838170051575,0.9982331991195679
side_person17.mp4,side,163,5433,30.0,848,478,24,right_hip,0.5452702641487122,0.6094744205474854,0.10603970289230347,0.9985978007316589,0.9988633394241333
side_person17.mp4,side,163,5433,30.0,848,478,25,left_knee,0.4743921458721161,0.7507035732269287,-0.07955576479434967,0.9238868355751038,0.9977413415908813
side_person17.mp4,side,163,5433,30.0,848,478,26,right_knee,0.4576360285282135,0.7041115164756775,0.10267419368028641,0.33309194445610046,0.998284637928009
side_person17.mp4,side,163,5433,30.0,848,478,27,left_ankle,0.5031725168228149,0.9050379395484924,0.04474646598100662,0.8880325555801392,0.993756890296936
side_person17.mp4,side,163,5433,30.0,848,478,28,right_ankle,0.49996045231819153,0.8760890960693359,0.24789342284202576,0.36857664585113525,0.9986242055892944
side_person17.mp4,side,163,5433,30.0,848,478,29,left_heel,0.5179588794708252,0.9269858002662659,0.059211406856775284,0.869185745716095,0.9933584332466125
side_person17.mp4,side,163,5433,30.0,848,478,30,right_heel,0.5124146938323975,0.9040956497192383,0.2622647285461426,0.5282711386680603,0.9983072280883789
side_person17.mp4,side,163,5433,30.0,848,478,31,left_foot_index,0.4635264277458191,0.9300937056541443,0.032609157264232635,0.842535674571991,0.9914131164550781
side_person17.mp4,side,163,5433,30.0,848,478,32,right_foot_index,0.46247270703315735,0.9149328470230103,0.24524547159671783,0.48849382996559143,0.9974222183227539
side_person17.mp4,side,164,5467,30.0,848,478,0,nose,0.43507614731788635,0.34607964754104614,-0.0767228901386261,0.998805046081543,0.9972744584083557
side_person17.mp4,side,164,5467,30.0,848,478,1,left_eye_inner,0.4363715946674347,0.3289220333099365,-0.09718652069568634,0.998837947845459,0.9969800114631653
side_person17.mp4,side,164,5467,30.0,848,478,2,left_eye,0.43765518069267273,0.32761919498443604,-0.09723144769668579,0.9989343285560608,0.9969353675842285
side_person17.mp4,side,164,5467,30.0,848,478,3,left_eye_outer,0.4390825927257538,0.3262563645839691,-0.09727386385202408,0.9991593360900879,0.9968889355659485
side_person17.mp4,side,164,5467,30.0,848,478,4,right_eye_inner,0.43621379137039185,0.3287377953529358,-0.06450552493333817,0.9983720779418945,0.9970935583114624
side_person17.mp4,side,164,5467,30.0,848,478,5,right_eye,0.4373241364955902,0.32731249928474426,-0.0645260438323021,0.9983551502227783,0.9970707893371582
side_person17.mp4,side,164,5467,30.0,848,478,6,right_eye_outer,0.4386258125305176,0.3257412910461426,-0.06455222517251968,0.9987678527832031,0.9970037341117859
side_person17.mp4,side,164,5467,30.0,848,478,7,left_ear,0.4541223347187042,0.3229222297668457,-0.14411011338233948,0.9975959658622742,0.9960318207740784
side_person17.mp4,side,164,5467,30.0,848,478,8,right_ear,0.45334169268608093,0.3215053677558899,0.0005745384260080755,0.9985150694847107,0.9964465498924255
side_person17.mp4,side,164,5467,30.0,848,478,9,mouth_left,0.44419199228286743,0.3583199679851532,-0.09130007028579712,0.9975477457046509,0.9965308308601379
side_person17.mp4,side,164,5467,30.0,848,478,10,mouth_right,0.4437642991542816,0.3586757779121399,-0.04898931458592415,0.9968497157096863,0.9962628483772278
side_person17.mp4,side,164,5467,30.0,848,478,11,left_shoulder,0.48195284605026245,0.39792636036872864,-0.23119650781154633,0.9985238909721375,0.9933328032493591
side_person17.mp4,side,164,5467,30.0,848,478,12,right_shoulder,0.48189350962638855,0.3986443877220154,0.10694640874862671,0.9960225224494934,0.9942134022712708
side_person17.mp4,side,164,5467,30.0,848,478,13,left_elbow,0.4037674367427826,0.4406576156616211,-0.2870432436466217,0.9857214689254761,0.9982613921165466
side_person17.mp4,side,164,5467,30.0,848,478,14,right_elbow,0.4103603661060333,0.44154947996139526,0.13810758292675018,0.30431607365608215,0.9987978935241699
side_person17.mp4,side,164,5467,30.0,848,478,15,left_wrist,0.3241887390613556,0.43475669622421265,-0.23674052953720093,0.9852951765060425,0.9960538148880005
side_person17.mp4,side,164,5467,30.0,848,478,16,right_wrist,0.335713654756546,0.4399246573448181,0.07171372324228287,0.4795204699039459,0.9942408800125122
side_person17.mp4,side,164,5467,30.0,848,478,17,left_pinky,0.3043006956577301,0.4309215545654297,-0.2752206325531006,0.9780270457267761,0.993463397026062
side_person17.mp4,side,164,5467,30.0,848,478,18,right_pinky,0.3266757130622864,0.4349481463432312,0.068015918135643,0.5091350674629211,0.9914988875389099
side_person17.mp4,side,164,5467,30.0,848,478,19,left_index,0.31808486580848694,0.40918833017349243,-0.256542831659317,0.9761925935745239,0.9934027791023254
side_person17.mp4,side,164,5467,30.0,848,478,20,right_index,0.3246157765388489,0.43122872710227966,0.039952486753463745,0.5229901671409607,0.9903224110603333
side_person17.mp4,side,164,5467,30.0,848,478,21,left_thumb,0.3250786364078522,0.41765692830085754,-0.23017056286334991,0.9615695476531982,0.9944257736206055
side_person17.mp4,side,164,5467,30.0,848,478,22,right_thumb,0.3230699598789215,0.43257418274879456,0.05543123185634613,0.5462881326675415,0.9919393658638
side_person17.mp4,side,164,5467,30.0,848,478,23,left_hip,0.5633060336112976,0.6100630760192871,-0.10589367151260376,0.9990691542625427,0.9985164999961853
side_person17.mp4,side,164,5467,30.0,848,478,24,right_hip,0.5460872054100037,0.5981928706169128,0.1059478297829628,0.9985852241516113,0.9987830519676208
side_person17.mp4,side,164,5467,30.0,848,478,25,left_knee,0.47692903876304626,0.7508476972579956,-0.06102821230888367,0.9257050156593323,0.9973397850990295
side_person17.mp4,side,164,5467,30.0,848,478,26,right_knee,0.46237435936927795,0.7006326913833618,0.11591868847608566,0.35176199674606323,0.9976584911346436
side_person17.mp4,side,164,5467,30.0,848,478,27,left_ankle,0.5028114914894104,0.9068340063095093,0.05625327676534653,0.8946030139923096,0.9921604990959167
side_person17.mp4,side,164,5467,30.0,848,478,28,right_ankle,0.4998472332954407,0.8748713135719299,0.2570127844810486,0.38642919063568115,0.9981608986854553
side_person17.mp4,side,164,5467,30.0,848,478,29,left_heel,0.5167315006256104,0.9276326894760132,0.06449483335018158,0.8757705688476562,0.9913442134857178
side_person17.mp4,side,164,5467,30.0,848,478,30,right_heel,0.5123128294944763,0.9041844010353088,0.2710774838924408,0.5443145036697388,0.9976758360862732
side_person17.mp4,side,164,5467,30.0,848,478,31,left_foot_index,0.46276572346687317,0.930025041103363,0.04630853235721588,0.8514124751091003,0.9901484251022339
side_person17.mp4,side,164,5467,30.0,848,478,32,right_foot_index,0.4620734751224518,0.9150680303573608,0.2549569010734558,0.5038908123970032,0.9968505501747131
side_person17.mp4,side,165,5500,30.0,848,478,0,nose,0.4370419383049011,0.3271329998970032,-0.02907576784491539,0.9988396763801575,0.9974894523620605
side_person17.mp4,side,165,5500,30.0,848,478,1,left_eye_inner,0.43765828013420105,0.30852189660072327,-0.05132075399160385,0.9988636374473572,0.9974512457847595
side_person17.mp4,side,165,5500,30.0,848,478,2,left_eye,0.4389209747314453,0.3069780766963959,-0.051370661705732346,0.9989534020423889,0.9974426031112671
side_person17.mp4,side,165,5500,30.0,848,478,3,left_eye_outer,0.4403479993343353,0.30543532967567444,-0.051418013870716095,0.9991833567619324,0.997400164604187
side_person17.mp4,side,165,5500,30.0,848,478,4,right_eye_inner,0.4374471604824066,0.30862781405448914,-0.017487075179815292,0.9984374046325684,0.997533917427063
side_person17.mp4,side,165,5500,30.0,848,478,5,right_eye,0.4385070502758026,0.3071105480194092,-0.017495736479759216,0.9984179735183716,0.9975199103355408
side_person17.mp4,side,165,5500,30.0,848,478,6,right_eye_outer,0.439826637506485,0.3053832948207855,-0.017519662156701088,0.998817503452301,0.9974675178527832
side_person17.mp4,side,165,5500,30.0,848,478,7,left_ear,0.4561089277267456,0.3009474575519562,-0.10614681988954544,0.9976905584335327,0.9970656037330627
side_person17.mp4,side,165,5500,30.0,848,478,8,right_ear,0.4555380046367645,0.3004342019557953,0.0443328320980072,0.9985703825950623,0.9972378015518188
side_person17.mp4,side,165,5500,30.0,848,478,9,mouth_left,0.44593748450279236,0.3389173150062561,-0.0462440587580204,0.9976085424423218,0.9967967867851257
side_person17.mp4,side,165,5500,30.0,848,478,10,mouth_right,0.44556325674057007,0.3394697904586792,-0.002281228546053171,0.9968624114990234,0.996613085269928
side_person17.mp4,side,165,5500,30.0,848,478,11,left_shoulder,0.48216989636421204,0.3748036324977875,-0.19990116357803345,0.9985644221305847,0.994664192199707
side_person17.mp4,side,165,5500,30.0,848,478,12,right_shoulder,0.48569628596305847,0.37837401032447815,0.15244363248348236,0.9959383010864258,0.9930790066719055
side_person17.mp4,side,165,5500,30.0,848,478,13,left_elbow,0.4033626914024353,0.4143219590187073,-0.25621259212493896,0.9863948225975037,0.998637855052948
side_person17.mp4,side,165,5500,30.0,848,478,14,right_elbow,0.4254802465438843,0.42837733030319214,0.19343450665473938,0.28679946064949036,0.9979318380355835
side_person17.mp4,side,165,5500,30.0,848,478,15,left_wrist,0.322927862405777,0.4127114713191986,-0.18932649493217468,0.9854893684387207,0.9950922727584839
side_person17.mp4,side,165,5500,30.0,848,478,16,right_wrist,0.3628525137901306,0.42865419387817383,0.1392522156238556,0.4489809274673462,0.9930388331413269
side_person17.mp4,side,165,5500,30.0,848,478,17,left_pinky,0.30305254459381104,0.4105629324913025,-0.22283907234668732,0.9782153367996216,0.991615355014801
side_person17.mp4,side,165,5500,30.0,848,478,18,right_pinky,0.3522627353668213,0.4110006093978882,0.14243857562541962,0.47646939754486084,0.9909622073173523
side_person17.mp4,side,165,5500,30.0,848,478,19,left_index,0.3146594762802124,0.39089369773864746,-0.1999209076166153,0.9763167500495911,0.9912877678871155
side_person17.mp4,side,165,5500,30.0,848,478,20,right_index,0.34961557388305664,0.4075360596179962,0.115877166390419,0.48915860056877136,0.9896961450576782
side_person17.mp4,side,165,5500,30.0,848,478,21,left_thumb,0.32420915365219116,0.4032529294490814,-0.18009784817695618,0.9617627859115601,0.9927908182144165
side_person17.mp4,side,165,5500,30.0,848,478,22,right_thumb,0.351370245218277,0.4164177477359772,0.1244901567697525,0.5121777653694153,0.9908656477928162
side_person17.mp4,side,165,5500,30.0,848,478,23,left_hip,0.563334584236145,0.5933964252471924,-0.10614839941263199,0.9990752339363098,0.9990004897117615
side_person17.mp4,side,165,5500,30.0,848,478,24,right_hip,0.5480018854141235,0.5858232378959656,0.10620423406362534,0.9985778331756592,0.9988239407539368
side_person17.mp4,side,165,5500,30.0,848,478,25,left_knee,0.4821152687072754,0.7509365677833557,-0.0716196671128273,0.9276224970817566,0.9956725835800171
side_person17.mp4,side,165,5500,30.0,848,478,26,right_knee,0.46881693601608276,0.7006519436836243,0.11128028482198715,0.3640245795249939,0.9957197308540344
side_person17.mp4,side,165,5500,30.0,848,478,27,left_ankle,0.5010321140289307,0.9080156683921814,0.029287850484251976,0.898850679397583,0.9857869148254395
side_person17.mp4,side,165,5500,30.0,848,478,28,right_ankle,0.49949416518211365,0.886581540107727,0.21832746267318726,0.3984721601009369,0.9950689077377319
side_person17.mp4,side,165,5500,30.0,848,478,29,left_heel,0.5165407657623291,0.9336439967155457,0.03870870918035507,0.8799225687980652,0.9837236404418945
side_person17.mp4,side,165,5500,30.0,848,478,30,right_heel,0.5104349851608276,0.9113222360610962,0.22868138551712036,0.5556088089942932,0.9935791492462158
side_person17.mp4,side,165,5500,30.0,848,478,31,left_foot_index,0.460761159658432,0.92950838804245,0.010817092843353748,0.85670006275177,0.9821913838386536
side_person17.mp4,side,165,5500,30.0,848,478,32,right_foot_index,0.4597722291946411,0.9165253043174744,0.20596455037593842,0.5120919346809387,0.9917353987693787
side_person17.mp4,side,166,5533,30.0,848,478,0,nose,0.4384569227695465,0.3024611473083496,-0.03534463047981262,0.9988312125205994,0.9965387582778931
side_person17.mp4,side,166,5533,30.0,848,478,1,left_eye_inner,0.43911442160606384,0.2833121716976166,-0.056663040071725845,0.9988428950309753,0.9964277148246765
side_person17.mp4,side,166,5533,30.0,848,478,2,left_eye,0.4403936266899109,0.2817603051662445,-0.05670835077762604,0.9989212155342102,0.9963849782943726
side_person17.mp4,side,166,5533,30.0,848,478,3,left_eye_outer,0.441934734582901,0.2802636921405792,-0.05675218626856804,0.999172031879425,0.9962785840034485
side_person17.mp4,side,166,5533,30.0,848,478,4,right_eye_inner,0.4388153851032257,0.2836399972438812,-0.021982796490192413,0.9984467029571533,0.9966490864753723
side_person17.mp4,side,166,5533,30.0,848,478,5,right_eye,0.439844012260437,0.2821942865848541,-0.021991964429616928,0.9984176754951477,0.9966643452644348
side_person17.mp4,side,166,5533,30.0,848,478,6,right_eye_outer,0.44116121530532837,0.28071022033691406,-0.0220192801207304,0.9988255500793457,0.9966073036193848
side_person17.mp4,side,166,5533,30.0,848,478,7,left_ear,0.4582229256629944,0.277584046125412,-0.1085183322429657,0.9976841807365417,0.9955161213874817
side_person17.mp4,side,166,5533,30.0,848,478,8,right_ear,0.45767244696617126,0.27728673815727234,0.04531996324658394,0.9985551238059998,0.9960594177246094
side_person17.mp4,side,166,5533,30.0,848,478,9,mouth_left,0.44720974564552307,0.3152551054954529,-0.0518370047211647,0.9975601434707642,0.9950704574584961
side_person17.mp4,side,166,5533,30.0,848,478,10,mouth_right,0.44677409529685974,0.3160410523414612,-0.0068498896434903145,0.9967204332351685,0.9948832988739014
side_person17.mp4,side,166,5533,30.0,848,478,11,left_shoulder,0.48272791504859924,0.3555856943130493,-0.2036178857088089,0.9985251426696777,0.9904324412345886
side_person17.mp4,side,166,5533,30.0,848,478,12,right_shoulder,0.48792219161987305,0.35946670174598694,0.15389207005500793,0.9956609010696411,0.9893081784248352
side_person17.mp4,side,166,5533,30.0,848,478,13,left_elbow,0.4032379388809204,0.3903956115245819,-0.2671413719654083,0.9861161112785339,0.9980207681655884
side_person17.mp4,side,166,5533,30.0,848,478,14,right_elbow,0.42172303795814514,0.3976961672306061,0.18310368061065674,0.2714935839176178,0.9979773163795471
side_person17.mp4,side,166,5533,30.0,848,478,15,left_wrist,0.3238675594329834,0.3896982669830322,-0.2159186452627182,0.9844309091567993,0.992993175983429
side_person17.mp4,side,166,5533,30.0,848,478,16,right_wrist,0.3598678410053253,0.40965235233306885,0.10995656996965408,0.421059250831604,0.9900312423706055
side_person17.mp4,side,166,5533,30.0,848,478,17,left_pinky,0.3026565611362457,0.3873581290245056,-0.25539904832839966,0.9768024682998657,0.9884023070335388
side_person17.mp4,side,166,5533,30.0,848,478,18,right_pinky,0.3484043478965759,0.389460951089859,0.11019515991210938,0.44724559783935547,0.9866439700126648
side_person17.mp4,side,166,5533,30.0,848,478,19,left_index,0.314177542924881,0.37860655784606934,-0.23008878529071808,0.9746657609939575,0.9880379438400269
side_person17.mp4,side,166,5533,30.0,848,478,20,right_index,0.3456611633300781,0.3867247700691223,0.07889559864997864,0.4591374397277832,0.984150230884552
side_person17.mp4,side,166,5533,30.0,848,478,21,left_thumb,0.320904940366745,0.3821765184402466,-0.20660825073719025,0.9594429731369019,0.9898396730422974
side_person17.mp4,side,166,5533,30.0,848,478,22,right_thumb,0.3475506007671356,0.39760664105415344,0.09269502758979797,0.4822407364845276,0.9857075810432434
side_person17.mp4,side,166,5533,30.0,848,478,23,left_hip,0.5632146000862122,0.5763972997665405,-0.10813139379024506,0.9990552067756653,0.9989448189735413
side_person17.mp4,side,166,5533,30.0,848,478,24,right_hip,0.548157811164856,0.5706201791763306,0.10819202661514282,0.9985294342041016,0.9988065958023071
side_person17.mp4,side,166,5533,30.0,848,478,25,left_knee,0.4844587445259094,0.7481192350387573,-0.07627733796834946,0.9284342527389526,0.9945079684257507
side_person17.mp4,side,166,5533,30.0,848,478,26,right_knee,0.47470322251319885,0.7025171518325806,0.1089496910572052,0.36674001812934875,0.9945822358131409
side_person17.mp4,side,166,5533,30.0,848,478,27,left_ankle,0.5007961988449097,0.9079106450080872,0.021732408553361893,0.9026751518249512,0.9860120415687561
side_person17.mp4,side,166,5533,30.0,848,478,28,right_ankle,0.4995869994163513,0.8910040855407715,0.2207699716091156,0.4049086570739746,0.9951501488685608
side_person17.mp4,side,166,5533,30.0,848,478,29,left_heel,0.5151267647743225,0.9348639845848083,0.031123129650950432,0.8844913244247437,0.9845317006111145
side_person17.mp4,side,166,5533,30.0,848,478,30,right_heel,0.5109192132949829,0.9177374243736267,0.23139895498752594,0.5614080429077148,0.9936705827713013
side_person17.mp4,side,166,5533,30.0,848,478,31,left_foot_index,0.4608091711997986,0.929068386554718,-0.005764826200902462,0.8611459732055664,0.9836681485176086
side_person17.mp4,side,166,5533,30.0,848,478,32,right_foot_index,0.45992395281791687,0.9179630279541016,0.20008118450641632,0.5145489573478699,0.9923927783966064
side_person17.mp4,side,167,5567,30.0,848,478,0,nose,0.44065412878990173,0.2787846326828003,-0.04153938591480255,0.9987845420837402,0.9949204325675964
side_person17.mp4,side,167,5567,30.0,848,478,1,left_eye_inner,0.44165632128715515,0.25914594531059265,-0.06373521685600281,0.9987902641296387,0.9951469302177429
side_person17.mp4,side,167,5567,30.0,848,478,2,left_eye,0.4430198073387146,0.2575981616973877,-0.06377753615379333,0.9988625645637512,0.9952629804611206
side_person17.mp4,side,167,5567,30.0,848,478,3,left_eye_outer,0.44461700320243835,0.25618448853492737,-0.06381601095199585,0.9991418719291687,0.9952728152275085
side_person17.mp4,side,167,5567,30.0,848,478,4,right_eye_inner,0.4414061903953552,0.25941357016563416,-0.02788795530796051,0.9984340071678162,0.9952378273010254
side_person17.mp4,side,167,5567,30.0,848,478,5,right_eye,0.44248250126838684,0.2580428123474121,-0.027889201417565346,0.998394250869751,0.9952681660652161
side_person17.mp4,side,167,5567,30.0,848,478,6,right_eye_outer,0.443853497505188,0.25662359595298767,-0.027915900573134422,0.9988144040107727,0.9952864050865173
side_person17.mp4,side,167,5567,30.0,848,478,7,left_ear,0.4608856439590454,0.25460919737815857,-0.11680961400270462,0.9976518154144287,0.9948887228965759
side_person17.mp4,side,167,5567,30.0,848,478,8,right_ear,0.46042534708976746,0.25425904989242554,0.042467620223760605,0.9985030889511108,0.9949947595596313
side_person17.mp4,side,167,5567,30.0,848,478,9,mouth_left,0.449431449174881,0.29180479049682617,-0.058192215859889984,0.9974583387374878,0.9941346049308777
side_person17.mp4,side,167,5567,30.0,848,478,10,mouth_right,0.44899246096611023,0.29266858100891113,-0.011626043356955051,0.9965581893920898,0.9938037395477295
side_person17.mp4,side,167,5567,30.0,848,478,11,left_shoulder,0.4843738377094269,0.33359578251838684,-0.21226465702056885,0.9985097646713257,0.991202712059021
side_person17.mp4,side,167,5567,30.0,848,478,12,right_shoulder,0.4917175769805908,0.3367108702659607,0.15885646641254425,0.995497465133667,0.990086019039154
side_person17.mp4,side,167,5567,30.0,848,478,13,left_elbow,0.403611421585083,0.3684315085411072,-0.276571661233902,0.9860060214996338,0.997968852519989
side_person17.mp4,side,167,5567,30.0,848,478,14,right_elbow,0.4241298735141754,0.38109561800956726,0.1931942105293274,0.2566113770008087,0.9975138902664185
side_person17.mp4,side,167,5567,30.0,848,478,15,left_wrist,0.32669833302497864,0.36748865246772766,-0.22272832691669464,0.9833643436431885,0.9922159314155579
side_person17.mp4,side,167,5567,30.0,848,478,16,right_wrist,0.3663012385368347,0.38408175110816956,0.11805619299411774,0.3945729732513428,0.9916577935218811
side_person17.mp4,side,167,5567,30.0,848,478,17,left_pinky,0.3036273717880249,0.36093780398368835,-0.2633054554462433,0.9753031134605408,0.9874168634414673
side_person17.mp4,side,167,5567,30.0,848,478,18,right_pinky,0.35518592596054077,0.3617483973503113,0.11954251676797867,0.41961878538131714,0.9894096851348877
side_person17.mp4,side,167,5567,30.0,848,478,19,left_index,0.31280359625816345,0.3534843921661377,-0.23782962560653687,0.9729339480400085,0.987311840057373
side_person17.mp4,side,167,5567,30.0,848,478,20,right_index,0.3524951934814453,0.3590175211429596,0.08849628269672394,0.43057724833488464,0.9874690771102905
side_person17.mp4,side,167,5567,30.0,848,478,21,left_thumb,0.3187555968761444,0.35802584886550903,-0.21310876309871674,0.956672728061676,0.9891148805618286
side_person17.mp4,side,167,5567,30.0,848,478,22,right_thumb,0.3543933629989624,0.37031659483909607,0.10115141421556473,0.4528174102306366,0.9887469410896301
side_person17.mp4,side,167,5567,30.0,848,478,23,left_hip,0.5623051524162292,0.5618909597396851,-0.1118505597114563,0.998970091342926,0.9984111785888672
side_person17.mp4,side,167,5567,30.0,848,478,24,right_hip,0.5484434366226196,0.5566102266311646,0.11194464564323425,0.9983706474304199,0.9980218410491943
side_person17.mp4,side,167,5567,30.0,848,478,25,left_knee,0.4878283739089966,0.7408874034881592,-0.07857252657413483,0.9295547604560852,0.9940760135650635
side_person17.mp4,side,167,5567,30.0,848,478,26,right_knee,0.4829235076904297,0.7030289173126221,0.11521581560373306,0.37240710854530334,0.9935173988342285
side_person17.mp4,side,167,5567,30.0,848,478,27,left_ankle,0.49984514713287354,0.9077984690666199,0.01534625981003046,0.9066291451454163,0.9875166416168213
side_person17.mp4,side,167,5567,30.0,848,478,28,right_ankle,0.5000772476196289,0.8889966011047363,0.2247742861509323,0.4148370027542114,0.9936155080795288
side_person17.mp4,side,167,5567,30.0,848,478,29,left_heel,0.5090293288230896,0.9343171715736389,0.02385505847632885,0.8888287544250488,0.9862967729568481
side_person17.mp4,side,167,5567,30.0,848,478,30,right_heel,0.5126985907554626,0.9165344834327698,0.23449483513832092,0.5693863034248352,0.9915333390235901
side_person17.mp4,side,167,5567,30.0,848,478,31,left_foot_index,0.4587300419807434,0.9290458559989929,-0.01713019423186779,0.8656885623931885,0.9862365126609802
side_person17.mp4,side,167,5567,30.0,848,478,32,right_foot_index,0.46027472615242004,0.9186814427375793,0.19944173097610474,0.520856499671936,0.9916492700576782
side_person17.mp4,side,168,5600,30.0,848,478,0,nose,0.44292011857032776,0.25666344165802,-0.04492667317390442,0.9987614750862122,0.9943787455558777
side_person17.mp4,side,168,5600,30.0,848,478,1,left_eye_inner,0.4437500536441803,0.2373039871454239,-0.06763577461242676,0.9987850189208984,0.995028555393219
side_person17.mp4,side,168,5600,30.0,848,478,2,left_eye,0.44509437680244446,0.23576752841472626,-0.06768275052309036,0.9988555908203125,0.9953378438949585
side_person17.mp4,side,168,5600,30.0,848,478,3,left_eye_outer,0.4466404318809509,0.23433220386505127,-0.0677274540066719,0.9991469979286194,0.9955481290817261
side_person17.mp4,side,168,5600,30.0,848,478,4,right_eye_inner,0.4434637725353241,0.23768220841884613,-0.030560767278075218,0.9984652996063232,0.9947564601898193
side_person17.mp4,side,168,5600,30.0,848,478,5,right_eye,0.44450774788856506,0.23632991313934326,-0.030554987490177155,0.9984179735183716,0.9947958588600159
side_person17.mp4,side,168,5600,30.0,848,478,6,right_eye_outer,0.4458174407482147,0.23489812016487122,-0.03057943657040596,0.9988337755203247,0.9948540329933167
side_person17.mp4,side,168,5600,30.0,848,478,7,left_ear,0.4630700349807739,0.23301367461681366,-0.12136099487543106,0.9977049231529236,0.9958062171936035
side_person17.mp4,side,168,5600,30.0,848,478,8,right_ear,0.46211308240890503,0.2328166365623474,0.04329504072666168,0.9985032677650452,0.9951632022857666
side_person17.mp4,side,168,5600,30.0,848,478,9,mouth_left,0.4509888291358948,0.26972028613090515,-0.06187261641025543,0.9974498748779297,0.994782030582428
side_person17.mp4,side,168,5600,30.0,848,478,10,mouth_right,0.45059677958488464,0.2703722417354584,-0.013781653717160225,0.9965192675590515,0.9942125678062439
side_person17.mp4,side,168,5600,30.0,848,478,11,left_shoulder,0.4863891005516052,0.31265994906425476,-0.21822702884674072,0.9985588788986206,0.9940339922904968
side_person17.mp4,side,168,5600,30.0,848,478,12,right_shoulder,0.49261394143104553,0.3162990212440491,0.16482827067375183,0.9954662919044495,0.9921284914016724
side_person17.mp4,side,168,5600,30.0,848,478,13,left_elbow,0.4040983319282532,0.3493421971797943,-0.2826424837112427,0.9864707589149475,0.9980905652046204
side_person17.mp4,side,168,5600,30.0,848,478,14,right_elbow,0.43073007464408875,0.3725041449069977,0.2065541297197342,0.2425285130739212,0.9966993927955627
side_person17.mp4,side,168,5600,30.0,848,478,15,left_wrist,0.3277687132358551,0.34603264927864075,-0.22274427115917206,0.9832302331924438,0.9927963614463806
side_person17.mp4,side,168,5600,30.0,848,478,16,right_wrist,0.3727147877216339,0.3667696416378021,0.1339380145072937,0.3686012327671051,0.9912294149398804
side_person17.mp4,side,168,5600,30.0,848,478,17,left_pinky,0.3062925934791565,0.3416546583175659,-0.26262518763542175,0.9749157428741455,0.9885003566741943
side_person17.mp4,side,168,5600,30.0,848,478,18,right_pinky,0.36245256662368774,0.3419319987297058,0.13627119362354279,0.39204686880111694,0.9897840619087219
side_person17.mp4,side,168,5600,30.0,848,478,19,left_index,0.31186437606811523,0.3335919678211212,-0.23839855194091797,0.9724358320236206,0.9884451627731323
side_person17.mp4,side,168,5600,30.0,848,478,20,right_index,0.35991519689559937,0.339000940322876,0.10709132999181747,0.40189242362976074,0.9879297018051147
side_person17.mp4,side,168,5600,30.0,848,478,21,left_thumb,0.31803247332572937,0.3382750451564789,-0.21328429877758026,0.9554963111877441,0.9901701807975769
side_person17.mp4,side,168,5600,30.0,848,478,22,right_thumb,0.36188390851020813,0.35056960582733154,0.11787132918834686,0.4229592978954315,0.9890998005867004
side_person17.mp4,side,168,5600,30.0,848,478,23,left_hip,0.5613428950309753,0.5468360185623169,-0.11409533768892288,0.9989223480224609,0.9985144734382629
side_person17.mp4,side,168,5600,30.0,848,478,24,right_hip,0.5484803915023804,0.5424329042434692,0.11421176046133041,0.9982327818870544,0.9980623126029968
side_person17.mp4,side,168,5600,30.0,848,478,25,left_knee,0.49088194966316223,0.7332789897918701,-0.07917331159114838,0.9304903745651245,0.9949830770492554
side_person17.mp4,side,168,5600,30.0,848,478,26,right_knee,0.48376208543777466,0.698436439037323,0.11496171355247498,0.3803088068962097,0.9937612414360046
side_person17.mp4,side,168,5600,30.0,848,478,27,left_ankle,0.5005238652229309,0.9070118069648743,0.007153797894716263,0.9103167057037354,0.9866775274276733
side_person17.mp4,side,168,5600,30.0,848,478,28,right_ankle,0.5016641020774841,0.8871802091598511,0.21915575861930847,0.4227883815765381,0.9939416646957397
side_person17.mp4,side,168,5600,30.0,848,478,29,left_heel,0.50981605052948,0.9321101307868958,0.014888453297317028,0.8931276798248291,0.9848255515098572
side_person17.mp4,side,168,5600,30.0,848,478,30,right_heel,0.5131362080574036,0.9151153564453125,0.22833792865276337,0.5738700032234192,0.992056667804718
side_person17.mp4,side,168,5600,30.0,848,478,31,left_foot_index,0.4589610695838928,0.9290725588798523,-0.030140075832605362,0.8701503872871399,0.98516845703125
side_person17.mp4,side,168,5600,30.0,848,478,32,right_foot_index,0.4606096148490906,0.9190322160720825,0.1899508237838745,0.5256950855255127,0.9921463131904602
side_person17.mp4,side,169,5633,30.0,848,478,0,nose,0.44656428694725037,0.23664584755897522,-0.05013261362910271,0.9987636804580688,0.9960909485816956
side_person17.mp4,side,169,5633,30.0,848,478,1,left_eye_inner,0.44748198986053467,0.21572335064411163,-0.07189789414405823,0.9987776279449463,0.9955269694328308
side_person17.mp4,side,169,5633,30.0,848,478,2,left_eye,0.44875675439834595,0.21420884132385254,-0.07194507122039795,0.998836100101471,0.9953214526176453
side_person17.mp4,side,169,5633,30.0,848,478,3,left_eye_outer,0.45026063919067383,0.2127365916967392,-0.07197672128677368,0.9991369843482971,0.9950696229934692
side_person17.mp4,side,169,5633,30.0,848,478,4,right_eye_inner,0.447218120098114,0.21613045036792755,-0.03568365052342415,0.9984994530677795,0.996290922164917
side_person17.mp4,side,169,5633,30.0,848,478,5,right_eye,0.44821715354919434,0.2148185819387436,-0.035691700875759125,0.9984501004219055,0.9965417981147766
side_person17.mp4,side,169,5633,30.0,848,478,6,right_eye_outer,0.44946351647377014,0.21342317759990692,-0.035731226205825806,0.9988667368888855,0.9967435002326965
side_person17.mp4,side,169,5633,30.0,848,478,7,left_ear,0.4659510850906372,0.21221734583377838,-0.12141665071249008,0.9977218508720398,0.9943053126335144
side_person17.mp4,side,169,5633,30.0,848,478,8,right_ear,0.4648829698562622,0.2120727151632309,0.03902609273791313,0.9985348582267761,0.9968608617782593
side_person17.mp4,side,169,5633,30.0,848,478,9,mouth_left,0.4537171721458435,0.2501504421234131,-0.06563304364681244,0.9974889159202576,0.9959142804145813
side_person17.mp4,side,169,5633,30.0,848,478,10,mouth_right,0.45332956314086914,0.25107046961784363,-0.018701784312725067,0.9965696334838867,0.9964231848716736
side_person17.mp4,side,169,5633,30.0,848,478,11,left_shoulder,0.48916348814964294,0.2920893132686615,-0.21571263670921326,0.9985440373420715,0.9918739199638367
side_person17.mp4,side,169,5633,30.0,848,478,12,right_shoulder,0.4927878975868225,0.30020588636398315,0.1552874743938446,0.9955911636352539,0.9953233599662781
side_person17.mp4,side,169,5633,30.0,848,478,13,left_elbow,0.40712690353393555,0.32484397292137146,-0.28297704458236694,0.9864065051078796,0.9980254173278809
side_person17.mp4,side,169,5633,30.0,848,478,14,right_elbow,0.4281739890575409,0.3416638672351837,0.1889510452747345,0.2488938271999359,0.9990354776382446
side_person17.mp4,side,169,5633,30.0,848,478,15,left_wrist,0.33366841077804565,0.3278820514678955,-0.23299893736839294,0.9827799797058105,0.9931929707527161
side_person17.mp4,side,169,5633,30.0,848,478,16,right_wrist,0.3686215877532959,0.34435853362083435,0.1066630631685257,0.3713296055793762,0.9963346719741821
side_person17.mp4,side,169,5633,30.0,848,478,17,left_pinky,0.31323081254959106,0.32550048828125,-0.26824337244033813,0.9743084907531738,0.9898855686187744
side_person17.mp4,side,169,5633,30.0,848,478,18,right_pinky,0.3602076470851898,0.34233638644218445,0.10594858974218369,0.3923473060131073,0.9948545694351196
side_person17.mp4,side,169,5633,30.0,848,478,19,left_index,0.3148950934410095,0.32352420687675476,-0.2516733705997467,0.9716207981109619,0.9897425770759583
side_person17.mp4,side,169,5633,30.0,848,478,20,right_index,0.35454148054122925,0.34241729974746704,0.07376715540885925,0.40229320526123047,0.9939253926277161
side_person17.mp4,side,169,5633,30.0,848,478,21,left_thumb,0.3226797580718994,0.3273116946220398,-0.2257767915725708,0.9543447494506836,0.9910616278648376
side_person17.mp4,side,169,5633,30.0,848,478,22,right_thumb,0.3572060465812683,0.34377187490463257,0.08897433429956436,0.42389047145843506,0.9946346282958984
side_person17.mp4,side,169,5633,30.0,848,478,23,left_hip,0.5585897564888,0.5367929339408875,-0.11354506760835648,0.9987994432449341,0.9975800514221191
side_person17.mp4,side,169,5633,30.0,848,478,24,right_hip,0.5479273200035095,0.5325705409049988,0.11364398151636124,0.9980258345603943,0.9978118538856506
side_person17.mp4,side,169,5633,30.0,848,478,25,left_knee,0.49413761496543884,0.7247062921524048,-0.07766497880220413,0.9309739470481873,0.9930799603462219
side_person17.mp4,side,169,5633,30.0,848,478,26,right_knee,0.4888555407524109,0.6990308165550232,0.11715336889028549,0.38489916920661926,0.993617057800293
side_person17.mp4,side,169,5633,30.0,848,478,27,left_ankle,0.5005793571472168,0.9034121036529541,0.015820961445569992,0.9136536717414856,0.9833434820175171
side_person17.mp4,side,169,5633,30.0,848,478,28,right_ankle,0.5020717978477478,0.8858124613761902,0.22832001745700836,0.4286843538284302,0.9940962791442871
side_person17.mp4,side,169,5633,30.0,848,478,29,left_heel,0.510209858417511,0.9311246871948242,0.023504845798015594,0.8974364399909973,0.9799791574478149
side_person17.mp4,side,169,5633,30.0,848,478,30,right_heel,0.5131269693374634,0.913598358631134,0.23834286630153656,0.5780671834945679,0.9917192459106445
side_person17.mp4,side,169,5633,30.0,848,478,31,left_foot_index,0.45880866050720215,0.9285956621170044,-0.030093669891357422,0.8741627335548401,0.9829192161560059
side_person17.mp4,side,169,5633,30.0,848,478,32,right_foot_index,0.46069973707199097,0.9176008105278015,0.19372645020484924,0.5300629138946533,0.9933004379272461
side_person17.mp4,side,170,5667,30.0,848,478,0,nose,0.45054128766059875,0.21550266444683075,-0.09084510058164597,0.9987015724182129,0.9960049986839294
side_person17.mp4,side,170,5667,30.0,848,478,1,left_eye_inner,0.4518158435821533,0.19457553327083588,-0.11158125102519989,0.9986835718154907,0.9955974221229553
side_person17.mp4,side,170,5667,30.0,848,478,2,left_eye,0.4530303180217743,0.19311703741550446,-0.11164119094610214,0.9987399578094482,0.9955018162727356
side_person17.mp4,side,170,5667,30.0,848,478,3,left_eye_outer,0.4544622600078583,0.19166581332683563,-0.11165647953748703,0.9990617036819458,0.9953752160072327
side_person17.mp4,side,170,5667,30.0,848,478,4,right_eye_inner,0.45165926218032837,0.19500437378883362,-0.07612601667642593,0.9984415769577026,0.9962103366851807
side_person17.mp4,side,170,5667,30.0,848,478,5,right_eye,0.452670156955719,0.1937849223613739,-0.07613039761781693,0.9983920454978943,0.9964480400085449
side_person17.mp4,side,170,5667,30.0,848,478,6,right_eye_outer,0.4539543092250824,0.19237397611141205,-0.07618872076272964,0.9988288283348083,0.9966621398925781
side_person17.mp4,side,170,5667,30.0,848,478,7,left_ear,0.46966689825057983,0.1921667903661728,-0.15310627222061157,0.9976344704627991,0.9947220087051392
side_person17.mp4,side,170,5667,30.0,848,478,8,right_ear,0.46870502829551697,0.19193542003631592,0.0046118018217384815,0.9984607696533203,0.9966715574264526
side_person17.mp4,side,170,5667,30.0,848,478,9,mouth_left,0.4571807384490967,0.22864699363708496,-0.10310492664575577,0.9974704384803772,0.9963145852088928
side_person17.mp4,side,170,5667,30.0,848,478,10,mouth_right,0.456841379404068,0.22982262074947357,-0.05700352042913437,0.9964919686317444,0.9966777563095093
side_person17.mp4,side,170,5667,30.0,848,478,11,left_shoulder,0.4926445484161377,0.27226221561431885,-0.23996290564537048,0.998540997505188,0.9933491349220276
side_person17.mp4,side,170,5667,30.0,848,478,12,right_shoulder,0.49299147725105286,0.28616440296173096,0.1286362260580063,0.9956710338592529,0.9956272840499878
side_person17.mp4,side,170,5667,30.0,848,478,13,left_elbow,0.4094613492488861,0.3072162866592407,-0.32271021604537964,0.9865608215332031,0.9981207251548767
side_person17.mp4,side,170,5667,30.0,848,478,14,right_elbow,0.4272974133491516,0.32820072770118713,0.1555679440498352,0.2601858377456665,0.9990676045417786
side_person17.mp4,side,170,5667,30.0,848,478,15,left_wrist,0.3372657001018524,0.31062552332878113,-0.31392619013786316,0.9822757244110107,0.9934770464897156
side_person17.mp4,side,170,5667,30.0,848,478,16,right_wrist,0.3646838068962097,0.333415687084198,0.05708996579051018,0.3802351653575897,0.997093915939331
side_person17.mp4,side,170,5667,30.0,848,478,17,left_pinky,0.315951943397522,0.30760902166366577,-0.363178014755249,0.9735537767410278,0.9913023710250854
side_person17.mp4,side,170,5667,30.0,848,478,18,right_pinky,0.3560106158256531,0.33133018016815186,0.05310719087719917,0.3987869322299957,0.9962120056152344
side_person17.mp4,side,170,5667,30.0,848,478,19,left_index,0.3159788250923157,0.30512145161628723,-0.33761927485466003,0.9706331491470337,0.9913090467453003
side_person17.mp4,side,170,5667,30.0,848,478,20,right_index,0.3519195020198822,0.33063647150993347,0.014939074404537678,0.40900152921676636,0.9954884648323059
side_person17.mp4,side,170,5667,30.0,848,478,21,left_thumb,0.32455429434776306,0.3092995285987854,-0.30563047528266907,0.9528437852859497,0.9920306205749512
side_person17.mp4,side,170,5667,30.0,848,478,22,right_thumb,0.3542156517505646,0.3313266932964325,0.036521341651678085,0.43060022592544556,0.9959180951118469
side_person17.mp4,side,170,5667,30.0,848,478,23,left_hip,0.5570286512374878,0.5247673988342285,-0.11335709691047668,0.9986341595649719,0.9967735409736633
side_person17.mp4,side,170,5667,30.0,848,478,24,right_hip,0.5436157584190369,0.5209323167800903,0.11342388391494751,0.9976931810379028,0.9966140389442444
side_person17.mp4,side,170,5667,30.0,848,478,25,left_knee,0.5046437978744507,0.7146813273429871,-0.06570187956094742,0.9318479299545288,0.9955533146858215
side_person17.mp4,side,170,5667,30.0,848,478,26,right_knee,0.48953717947006226,0.6957380175590515,0.12853476405143738,0.396257221698761,0.9950807094573975
side_person17.mp4,side,170,5667,30.0,848,478,27,left_ankle,0.5015230178833008,0.9011722207069397,0.025382399559020996,0.9184041619300842,0.98948073387146
side_person17.mp4,side,170,5667,30.0,848,478,28,right_ankle,0.5014210343360901,0.8769844770431519,0.24598948657512665,0.44629502296447754,0.9964937567710876
side_person17.mp4,side,170,5667,30.0,848,478,29,left_heel,0.5106221437454224,0.9293924570083618,0.02619219198822975,0.9022752046585083,0.98583984375
side_person17.mp4,side,170,5667,30.0,848,478,30,right_heel,0.5108458399772644,0.9111241698265076,0.25528407096862793,0.592084527015686,0.9947944283485413
side_person17.mp4,side,170,5667,30.0,848,478,31,left_foot_index,0.4589579999446869,0.9261301159858704,-0.02993418276309967,0.88036048412323,0.9880272150039673
side_person17.mp4,side,170,5667,30.0,848,478,32,right_foot_index,0.46089404821395874,0.9066739082336426,0.20855651795864105,0.5472400784492493,0.9959352016448975
side_person17.mp4,side,171,5700,30.0,848,478,0,nose,0.4533415734767914,0.19740726053714752,-0.11369237303733826,0.998696506023407,0.9982022047042847
side_person17.mp4,side,171,5700,30.0,848,478,1,left_eye_inner,0.45487457513809204,0.17788995802402496,-0.1353454738855362,0.9986498951911926,0.9980668425559998
side_person17.mp4,side,171,5700,30.0,848,478,2,left_eye,0.45621660351753235,0.1763506978750229,-0.13539256155490875,0.99870365858078,0.9980717301368713
side_person17.mp4,side,171,5700,30.0,848,478,3,left_eye_outer,0.45777544379234314,0.1748952716588974,-0.13540016114711761,0.9990305304527283,0.9980328679084778
side_person17.mp4,side,171,5700,30.0,848,478,4,right_eye_inner,0.4544662535190582,0.17817123234272003,-0.09911822527647018,0.9984192252159119,0.9982365369796753
side_person17.mp4,side,171,5700,30.0,848,478,5,right_eye,0.4554648995399475,0.1767699271440506,-0.09911775588989258,0.9983727931976318,0.9983136653900146
side_person17.mp4,side,171,5700,30.0,848,478,6,right_eye_outer,0.45671868324279785,0.1753554344177246,-0.09916731715202332,0.9988185167312622,0.9983664155006409
side_person17.mp4,side,171,5700,30.0,848,478,7,left_ear,0.4737869203090668,0.17455655336380005,-0.17871347069740295,0.997638463973999,0.9979528188705444
side_person17.mp4,side,171,5700,30.0,848,478,8,right_ear,0.47241976857185364,0.17428390681743622,-0.01717446558177471,0.9984142780303955,0.9983918070793152
side_person17.mp4,side,171,5700,30.0,848,478,9,mouth_left,0.4603717029094696,0.2121891975402832,-0.12651272118091583,0.9975491166114807,0.9985870122909546
side_person17.mp4,side,171,5700,30.0,848,478,10,mouth_right,0.459650456905365,0.21303269267082214,-0.07924018800258636,0.9965434074401855,0.9986244440078735
side_person17.mp4,side,171,5700,30.0,848,478,11,left_shoulder,0.49553853273391724,0.2549629807472229,-0.2628868818283081,0.9986240267753601,0.9976498484611511
side_person17.mp4,side,171,5700,30.0,848,478,12,right_shoulder,0.49406832456588745,0.2701081335544586,0.10634278506040573,0.9958556294441223,0.9978669285774231
side_person17.mp4,side,171,5700,30.0,848,478,13,left_elbow,0.410698801279068,0.29078730940818787,-0.3496038317680359,0.9868544936180115,0.9989001750946045
side_person17.mp4,side,171,5700,30.0,848,478,14,right_elbow,0.4270249009132385,0.3157719671726227,0.13456477224826813,0.270256370306015,0.99928218126297
side_person17.mp4,side,171,5700,30.0,848,478,15,left_wrist,0.3366025984287262,0.2915748655796051,-0.3431462347507477,0.9816423058509827,0.9966256618499756
side_person17.mp4,side,171,5700,30.0,848,478,16,right_wrist,0.3615368902683258,0.3209306001663208,0.03452247753739357,0.384891152381897,0.9975445866584778
side_person17.mp4,side,171,5700,30.0,848,478,17,left_pinky,0.315282940864563,0.28633803129196167,-0.3940822184085846,0.9725391268730164,0.9957007765769958
side_person17.mp4,side,171,5700,30.0,848,478,18,right_pinky,0.35289502143859863,0.3172808885574341,0.030249346047639847,0.40166953206062317,0.9970312118530273
side_person17.mp4,side,171,5700,30.0,848,478,19,left_index,0.315209299325943,0.28202807903289795,-0.36800631880760193,0.9693767428398132,0.9957075119018555
side_person17.mp4,side,171,5700,30.0,848,478,20,right_index,0.3474559783935547,0.3163734972476959,-0.009924585931003094,0.41255900263786316,0.9964428544044495
side_person17.mp4,side,171,5700,30.0,848,478,21,left_thumb,0.3239942193031311,0.28832879662513733,-0.3349037766456604,0.9507394433021545,0.9959742426872253
side_person17.mp4,side,171,5700,30.0,848,478,22,right_thumb,0.3526134490966797,0.31740155816078186,0.0130302207544446,0.43465277552604675,0.9966488480567932
side_person17.mp4,side,171,5700,30.0,848,478,23,left_hip,0.555273711681366,0.5123417973518372,-0.11286316812038422,0.998568058013916,0.9982669353485107
side_person17.mp4,side,171,5700,30.0,848,478,24,right_hip,0.5402685403823853,0.5094737410545349,0.11293666809797287,0.9974429607391357,0.997620165348053
side_person17.mp4,side,171,5700,30.0,848,478,25,left_knee,0.5102198719978333,0.7051912546157837,-0.06884939968585968,0.9322285652160645,0.9985939860343933
side_person17.mp4,side,171,5700,30.0,848,478,26,right_knee,0.48996561765670776,0.6874805688858032,0.13252614438533783,0.40196093916893005,0.9973094463348389
side_person17.mp4,side,171,5700,30.0,848,478,27,left_ankle,0.503385603427887,0.9011808633804321,0.012539050541818142,0.9230740070343018,0.9944941401481628
side_person17.mp4,side,171,5700,30.0,848,478,28,right_ankle,0.5006541013717651,0.8697237372398376,0.2465788871049881,0.4617982804775238,0.9979952573776245
side_person17.mp4,side,171,5700,30.0,848,478,29,left_heel,0.511144757270813,0.9288749694824219,0.014959273859858513,0.9056693315505981,0.9913519620895386
side_person17.mp4,side,171,5700,30.0,848,478,30,right_heel,0.509495198726654,0.9095485806465149,0.25590798258781433,0.604855477809906,0.9970212578773499
side_person17.mp4,side,171,5700,30.0,848,478,31,left_foot_index,0.45905956625938416,0.9257875084877014,-0.06771594285964966,0.88619065284729,0.9925212264060974
side_person17.mp4,side,171,5700,30.0,848,478,32,right_foot_index,0.45986711978912354,0.900126039981842,0.20530900359153748,0.5649594068527222,0.9976170659065247
side_person17.mp4,side,172,5733,30.0,848,478,0,nose,0.4567210376262665,0.17998036742210388,-0.106870636343956,0.9986521005630493,0.998498797416687
side_person17.mp4,side,172,5733,30.0,848,478,1,left_eye_inner,0.4590693712234497,0.1602158397436142,-0.12908777594566345,0.9986021518707275,0.9984520673751831
side_person17.mp4,side,172,5733,30.0,848,478,2,left_eye,0.460446834564209,0.1588260531425476,-0.1291423887014389,0.9986522197723389,0.9984821677207947
side_person17.mp4,side,172,5733,30.0,848,478,3,left_eye_outer,0.462052583694458,0.15761882066726685,-0.12915988266468048,0.9989892244338989,0.9984412789344788
side_person17.mp4,side,172,5733,30.0,848,478,4,right_eye_inner,0.45879414677619934,0.16046275198459625,-0.09305482357740402,0.9983710050582886,0.9985159039497375
side_person17.mp4,side,172,5733,30.0,848,478,5,right_eye,0.45992138981819153,0.15916955471038818,-0.0930500328540802,0.9983267188072205,0.9985528588294983
side_person17.mp4,side,172,5733,30.0,848,478,6,right_eye_outer,0.46132197976112366,0.15791897475719452,-0.09308788925409317,0.9987978339195251,0.998555600643158
side_person17.mp4,side,172,5733,30.0,848,478,7,left_ear,0.47801417112350464,0.15900512039661407,-0.17448635399341583,0.9976273775100708,0.9984728693962097
side_person17.mp4,side,172,5733,30.0,848,478,8,right_ear,0.47707346081733704,0.15868203341960907,-0.013818206265568733,0.9983478784561157,0.9985621571540833
side_person17.mp4,side,172,5733,30.0,848,478,9,mouth_left,0.46361127495765686,0.1957378089427948,-0.1202639490365982,0.9976111054420471,0.9989333748817444
side_person17.mp4,side,172,5733,30.0,848,478,10,mouth_right,0.46304935216903687,0.19666607677936554,-0.07325585186481476,0.996579647064209,0.9989529848098755
side_person17.mp4,side,172,5733,30.0,848,478,11,left_shoulder,0.4954835772514343,0.24087592959403992,-0.25779247283935547,0.9987108111381531,0.9984365105628967
side_person17.mp4,side,172,5733,30.0,848,478,12,right_shoulder,0.4970752000808716,0.25690957903862,0.10823725163936615,0.9960545301437378,0.9981645941734314
side_person17.mp4,side,172,5733,30.0,848,478,13,left_elbow,0.41010576486587524,0.27970752120018005,-0.33729755878448486,0.9870173931121826,0.9990811347961426
side_person17.mp4,side,172,5733,30.0,848,478,14,right_elbow,0.42908376455307007,0.3073073923587799,0.13900795578956604,0.2750726044178009,0.9992075562477112
side_person17.mp4,side,172,5733,30.0,848,478,15,left_wrist,0.33518707752227783,0.2774776816368103,-0.3201367259025574,0.9800183176994324,0.9968357682228088
side_person17.mp4,side,172,5733,30.0,848,478,16,right_wrist,0.36000800132751465,0.312296062707901,0.04335927218198776,0.3813830614089966,0.9974945783615112
side_person17.mp4,side,172,5733,30.0,848,478,17,left_pinky,0.3140556812286377,0.2714942991733551,-0.3695214092731476,0.9700570106506348,0.9962854385375977
side_person17.mp4,side,172,5733,30.0,848,478,18,right_pinky,0.3503023087978363,0.30818596482276917,0.04044853895902634,0.3978953957557678,0.9972260594367981
side_person17.mp4,side,172,5733,30.0,848,478,19,left_index,0.3145001232624054,0.26628541946411133,-0.3416009843349457,0.9664711356163025,0.9962224960327148
side_person17.mp4,side,172,5733,30.0,848,478,20,right_index,0.3458589017391205,0.3074903190135956,-7.947810081532225e-05,0.40951967239379883,0.9966040849685669
side_person17.mp4,side,172,5733,30.0,848,478,21,left_thumb,0.3229028582572937,0.27252060174942017,-0.31099650263786316,0.9464689493179321,0.9963692426681519
side_person17.mp4,side,172,5733,30.0,848,478,22,right_thumb,0.35088157653808594,0.3077583611011505,0.022084170952439308,0.4320080578327179,0.9966670870780945
side_person17.mp4,side,172,5733,30.0,848,478,23,left_hip,0.5511311292648315,0.5037046074867249,-0.11254193633794785,0.9985686540603638,0.998816728591919
side_person17.mp4,side,172,5733,30.0,848,478,24,right_hip,0.5375217199325562,0.501832127571106,0.11262582242488861,0.9972763061523438,0.997886598110199
side_person17.mp4,side,172,5733,30.0,848,478,25,left_knee,0.5147792100906372,0.6993833184242249,-0.06361943483352661,0.9305150508880615,0.9990560412406921
side_person17.mp4,side,172,5733,30.0,848,478,26,right_knee,0.4937937259674072,0.683315634727478,0.155682772397995,0.3930340111255646,0.9979092478752136
side_person17.mp4,side,172,5733,30.0,848,478,27,left_ankle,0.5040305256843567,0.8997218012809753,0.01788174919784069,0.9270492196083069,0.9966275095939636
side_person17.mp4,side,172,5733,30.0,848,478,28,right_ankle,0.49969154596328735,0.866858720779419,0.2685807943344116,0.4708123505115509,0.9984246492385864
side_person17.mp4,side,172,5733,30.0,848,478,29,left_heel,0.5113942623138428,0.9257458448410034,0.023764273151755333,0.909652829170227,0.9944896697998047
side_person17.mp4,side,172,5733,30.0,848,478,30,right_heel,0.5082243084907532,0.8987366557121277,0.27791374921798706,0.6140564680099487,0.9976471066474915
side_person17.mp4,side,172,5733,30.0,848,478,31,left_foot_index,0.4590042531490326,0.925275981426239,-0.05391016975045204,0.891444206237793,0.9949841499328613
side_person17.mp4,side,172,5733,30.0,848,478,32,right_foot_index,0.4590288996696472,0.8930177688598633,0.2104480117559433,0.5806689858436584,0.9983643889427185
side_person17.mp4,side,173,5767,30.0,848,478,0,nose,0.46009552478790283,0.16722461581230164,-0.10261877626180649,0.9986440539360046,0.9991683959960938
side_person17.mp4,side,173,5767,30.0,848,478,1,left_eye_inner,0.46273791790008545,0.1481942981481552,-0.1248229369521141,0.9985964894294739,0.9990370273590088
side_person17.mp4,side,173,5767,30.0,848,478,2,left_eye,0.4640979766845703,0.14693871140480042,-0.12486797571182251,0.9986381530761719,0.9990228414535522
side_person17.mp4,side,173,5767,30.0,848,478,3,left_eye_outer,0.4657433331012726,0.14578068256378174,-0.12487688660621643,0.9989685416221619,0.9989486336708069
side_person17.mp4,side,173,5767,30.0,848,478,4,right_eye_inner,0.46252888441085815,0.148525670170784,-0.08913400769233704,0.9983745217323303,0.9991299510002136
side_person17.mp4,side,173,5767,30.0,848,478,5,right_eye,0.46366921067237854,0.1473819762468338,-0.08912644535303116,0.9983265995979309,0.9991577863693237
side_person17.mp4,side,173,5767,30.0,848,478,6,right_eye_outer,0.46513310074806213,0.1461857557296753,-0.08915934711694717,0.9988033175468445,0.9991590976715088
side_person17.mp4,side,173,5767,30.0,848,478,7,left_ear,0.4812176823616028,0.1475595235824585,-0.1703636348247528,0.9976568222045898,0.9988889098167419
side_person17.mp4,side,173,5767,30.0,848,478,8,right_ear,0.480561226606369,0.1472557634115219,-0.011288570240139961,0.9983183741569519,0.9991350769996643
side_person17.mp4,side,173,5767,30.0,848,478,9,mouth_left,0.4667286276817322,0.18239754438400269,-0.11598514020442963,0.9976917505264282,0.9993176460266113
side_person17.mp4,side,173,5767,30.0,848,478,10,mouth_right,0.4662017226219177,0.18338535726070404,-0.06944523751735687,0.9966872334480286,0.9993835687637329
side_person17.mp4,side,173,5767,30.0,848,478,11,left_shoulder,0.49719104170799255,0.23013584315776825,-0.25365638732910156,0.9987959265708923,0.998740017414093
side_person17.mp4,side,173,5767,30.0,848,478,12,right_shoulder,0.49868735671043396,0.2472231686115265,0.10949703305959702,0.99629145860672,0.9989257454872131
side_person17.mp4,side,173,5767,30.0,848,478,13,left_elbow,0.41097697615623474,0.2682441174983978,-0.3291625678539276,0.9873389005661011,0.999244213104248
side_person17.mp4,side,173,5767,30.0,848,478,14,right_elbow,0.43002888560295105,0.29331260919570923,0.14043709635734558,0.28838014602661133,0.9995410442352295
side_person17.mp4,side,173,5767,30.0,848,478,15,left_wrist,0.3379215598106384,0.26787495613098145,-0.3082409203052521,0.9789256453514099,0.997983455657959
side_person17.mp4,side,173,5767,30.0,848,478,16,right_wrist,0.35945793986320496,0.3006635904312134,0.04786372929811478,0.39051201939582825,0.9988352656364441
side_person17.mp4,side,173,5767,30.0,848,478,17,left_pinky,0.3167928159236908,0.26359352469444275,-0.3562556207180023,0.968134343624115,0.9977091550827026
side_person17.mp4,side,173,5767,30.0,848,478,18,right_pinky,0.34898167848587036,0.2994368374347687,0.04540872573852539,0.4049261510372162,0.9986237287521362
side_person17.mp4,side,173,5767,30.0,848,478,19,left_index,0.3180142939090729,0.26008424162864685,-0.32984963059425354,0.9642680287361145,0.9976150989532471
side_person17.mp4,side,173,5767,30.0,848,478,20,right_index,0.34572353959083557,0.29744359850883484,0.005030570086091757,0.4174058735370636,0.9983616471290588
side_person17.mp4,side,173,5767,30.0,848,478,21,left_thumb,0.32511717081069946,0.2653777599334717,-0.29941806197166443,0.9432510733604431,0.9977259039878845
side_person17.mp4,side,173,5767,30.0,848,478,22,right_thumb,0.3493667542934418,0.2973632514476776,0.026858657598495483,0.44017499685287476,0.9984363913536072
side_person17.mp4,side,173,5767,30.0,848,478,23,left_hip,0.5469202399253845,0.49608972668647766,-0.1123737096786499,0.9985586404800415,0.9986909031867981
side_person17.mp4,side,173,5767,30.0,848,478,24,right_hip,0.5341505408287048,0.4947825074195862,0.11243070662021637,0.9971076250076294,0.9980284571647644
side_person17.mp4,side,173,5767,30.0,848,478,25,left_knee,0.5183188319206238,0.6927095651626587,-0.06645409762859344,0.9291098713874817,0.9992831349372864
side_person17.mp4,side,173,5767,30.0,848,478,26,right_knee,0.49878066778182983,0.6766214966773987,0.17935694754123688,0.378163605928421,0.9985947012901306
side_person17.mp4,side,173,5767,30.0,848,478,27,left_ankle,0.5052987337112427,0.8963857293128967,0.008388634771108627,0.9305336475372314,0.9975759387016296
side_person17.mp4,side,173,5767,30.0,848,478,28,right_ankle,0.5011553168296814,0.8617966771125793,0.28650233149528503,0.47344091534614563,0.9985862970352173
side_person17.mp4,side,173,5767,30.0,848,478,29,left_heel,0.5131670832633972,0.9255149364471436,0.010925148613750935,0.9143553376197815,0.9956666231155396
side_person17.mp4,side,173,5767,30.0,848,478,30,right_heel,0.5081226825714111,0.8839104771614075,0.29513850808143616,0.6200432181358337,0.997760534286499
side_person17.mp4,side,173,5767,30.0,848,478,31,left_foot_index,0.45906296372413635,0.9249279499053955,-0.07297256588935852,0.8965762257575989,0.9963047504425049
side_person17.mp4,side,173,5767,30.0,848,478,32,right_foot_index,0.4590629041194916,0.8846988677978516,0.2289334088563919,0.5924359560012817,0.9986671209335327
side_person17.mp4,side,174,5800,30.0,848,478,0,nose,0.4630601704120636,0.1576187163591385,-0.0771910548210144,0.9986564517021179,0.9995212554931641
side_person17.mp4,side,174,5800,30.0,848,478,1,left_eye_inner,0.4657633900642395,0.1382727473974228,-0.09926927089691162,0.9986152648925781,0.9994297623634338
side_person17.mp4,side,174,5800,30.0,848,478,2,left_eye,0.4670655131340027,0.13709504902362823,-0.09930767118930817,0.9986492991447449,0.9994188547134399
side_person17.mp4,side,174,5800,30.0,848,478,3,left_eye_outer,0.4686141610145569,0.13599088788032532,-0.09929057955741882,0.9989713430404663,0.9993717074394226
side_person17.mp4,side,174,5800,30.0,848,478,4,right_eye_inner,0.46570584177970886,0.13860325515270233,-0.06315121799707413,0.9984014630317688,0.9994742274284363
side_person17.mp4,side,174,5800,30.0,848,478,5,right_eye,0.4669012427330017,0.1375967115163803,-0.0631052702665329,0.9983397722244263,0.99947589635849
side_person17.mp4,side,174,5800,30.0,848,478,6,right_eye_outer,0.46839025616645813,0.13649803400039673,-0.06312773376703262,0.9988159537315369,0.99946528673172
side_person17.mp4,side,174,5800,30.0,848,478,7,left_ear,0.4840179681777954,0.13811592757701874,-0.1453513652086258,0.9977431893348694,0.9993519186973572
side_person17.mp4,side,174,5800,30.0,848,478,8,right_ear,0.48346254229545593,0.13828757405281067,0.015579449944198132,0.9983135461807251,0.9994180202484131
side_person17.mp4,side,174,5800,30.0,848,478,9,mouth_left,0.4694581627845764,0.17324408888816833,-0.09060326963663101,0.9977982044219971,0.9995924830436707
side_person17.mp4,side,174,5800,30.0,848,478,10,mouth_right,0.46910354495048523,0.17421425879001617,-0.04356340691447258,0.9968270063400269,0.9996071457862854
side_person17.mp4,side,174,5800,30.0,848,478,11,left_shoulder,0.49994733929634094,0.21883368492126465,-0.23661714792251587,0.9988911747932434,0.9992628693580627
side_person17.mp4,side,174,5800,30.0,848,478,12,right_shoulder,0.5011100172996521,0.23657849431037903,0.13929322361946106,0.9965157508850098,0.9990667700767517
side_person17.mp4,side,174,5800,30.0,848,478,13,left_elbow,0.4142790734767914,0.2572582960128784,-0.31406933069229126,0.9879294037818909,0.9994003772735596
side_person17.mp4,side,174,5800,30.0,848,478,14,right_elbow,0.4319634735584259,0.282947301864624,0.18016107380390167,0.30096766352653503,0.9995362758636475
side_person17.mp4,side,174,5800,30.0,848,478,15,left_wrist,0.34378623962402344,0.2573687434196472,-0.29848408699035645,0.9788877964019775,0.9987623691558838
side_person17.mp4,side,174,5800,30.0,848,478,16,right_wrist,0.36091098189353943,0.2896677553653717,0.07941696792840958,0.4032061994075775,0.9990934133529663
side_person17.mp4,side,174,5800,30.0,848,478,17,left_pinky,0.3233218789100647,0.2571887671947479,-0.3480601906776428,0.9676219820976257,0.9985576272010803
side_person17.mp4,side,174,5800,30.0,848,478,18,right_pinky,0.3488837778568268,0.2907807230949402,0.07702048122882843,0.4148123264312744,0.9989439845085144
side_person17.mp4,side,174,5800,30.0,848,478,19,left_index,0.32248374819755554,0.2533019781112671,-0.3201330304145813,0.9636526107788086,0.9985252022743225
side_person17.mp4,side,174,5800,30.0,848,478,20,right_index,0.34603095054626465,0.28811922669410706,0.0343346893787384,0.4283057749271393,0.998788058757782
side_person17.mp4,side,174,5800,30.0,848,478,21,left_thumb,0.33046266436576843,0.2569543421268463,-0.2885587215423584,0.9422235488891602,0.9985899329185486
side_person17.mp4,side,174,5800,30.0,848,478,22,right_thumb,0.3495625853538513,0.287958025932312,0.05735253542661667,0.450967401266098,0.9988512992858887
side_person17.mp4,side,174,5800,30.0,848,478,23,left_hip,0.5411656498908997,0.4892866909503937,-0.11356975138187408,0.998521625995636,0.998110294342041
side_person17.mp4,side,174,5800,30.0,848,478,24,right_hip,0.531197726726532,0.4878773093223572,0.11357744038105011,0.9968453645706177,0.9968739748001099
side_person17.mp4,side,174,5800,30.0,848,478,25,left_knee,0.5150114893913269,0.6902997493743896,-0.06823918223381042,0.9279029369354248,0.999233603477478
side_person17.mp4,side,174,5800,30.0,848,478,26,right_knee,0.5006981492042542,0.6736165881156921,0.17516109347343445,0.3668935000896454,0.9982619881629944
side_person17.mp4,side,174,5800,30.0,848,478,27,left_ankle,0.505364716053009,0.8937114477157593,-0.0007217340753413737,0.9329915046691895,0.9959279894828796
side_person17.mp4,side,174,5800,30.0,848,478,28,right_ankle,0.5028561353683472,0.8576109409332275,0.277214378118515,0.4716150462627411,0.9975989460945129
side_person17.mp4,side,174,5800,30.0,848,478,29,left_heel,0.5146185159683228,0.9251525402069092,0.0009331167093478143,0.9171554446220398,0.9921543002128601
side_person17.mp4,side,174,5800,30.0,848,478,30,right_heel,0.5094174146652222,0.8845673203468323,0.2902296483516693,0.6220939755439758,0.9957642555236816
side_person17.mp4,side,174,5800,30.0,848,478,31,left_foot_index,0.45984911918640137,0.9245421886444092,-0.08616240322589874,0.9001708030700684,0.9937684535980225
side_person17.mp4,side,174,5800,30.0,848,478,32,right_foot_index,0.46052029728889465,0.8755483627319336,0.2147921621799469,0.5984398722648621,0.9975132942199707
side_person17.mp4,side,175,5833,30.0,848,478,0,nose,0.4661436975002289,0.15373960137367249,-0.06119387224316597,0.998689591884613,0.9996155500411987
side_person17.mp4,side,175,5833,30.0,848,478,1,left_eye_inner,0.46864911913871765,0.1320778876543045,-0.08350788056850433,0.9986435770988464,0.9994695782661438
side_person17.mp4,side,175,5833,30.0,848,478,2,left_eye,0.46997418999671936,0.13100047409534454,-0.08354218304157257,0.9986723065376282,0.999444305896759
side_person17.mp4,side,175,5833,30.0,848,478,3,left_eye_outer,0.47151222825050354,0.13004764914512634,-0.08352215588092804,0.9989799857139587,0.9993851184844971
side_person17.mp4,side,175,5833,30.0,848,478,4,right_eye_inner,0.46829745173454285,0.13233748078346252,-0.04784581810235977,0.9984352588653564,0.9995272159576416
side_person17.mp4,side,175,5833,30.0,848,478,5,right_eye,0.46932536363601685,0.13136903941631317,-0.04779950901865959,0.9983631372451782,0.9995255470275879
side_person17.mp4,side,175,5833,30.0,848,478,6,right_eye_outer,0.4705420732498169,0.13045376539230347,-0.047823216766119,0.9988359212875366,0.9995077848434448
side_person17.mp4,side,175,5833,30.0,848,478,7,left_ear,0.4860142767429352,0.1317048817873001,-0.13185614347457886,0.9978247880935669,0.9993599057197571
side_person17.mp4,side,175,5833,30.0,848,478,8,right_ear,0.48525914549827576,0.13172420859336853,0.027155255898833275,0.9983111023902893,0.999445378780365
side_person17.mp4,side,175,5833,30.0,848,478,9,mouth_left,0.47231051325798035,0.16883642971515656,-0.07509661465883255,0.9978954792022705,0.9996516704559326
side_person17.mp4,side,175,5833,30.0,848,478,10,mouth_right,0.4717058837413788,0.16984660923480988,-0.02867838740348816,0.9969654083251953,0.9996728897094727
side_person17.mp4,side,175,5833,30.0,848,478,11,left_shoulder,0.503413200378418,0.20967726409435272,-0.22740806639194489,0.9989823698997498,0.9994109869003296
side_person17.mp4,side,175,5833,30.0,848,478,12,right_shoulder,0.5029667615890503,0.2291305661201477,0.15094587206840515,0.9967266917228699,0.9992020726203918
side_person17.mp4,side,175,5833,30.0,848,478,13,left_elbow,0.4164010286331177,0.2498943954706192,-0.2978379726409912,0.9884647727012634,0.9995167255401611
side_person17.mp4,side,175,5833,30.0,848,478,14,right_elbow,0.4320841133594513,0.2736363708972931,0.1896643191576004,0.3119412362575531,0.9996877908706665
side_person17.mp4,side,175,5833,30.0,848,478,15,left_wrist,0.3473834991455078,0.25340691208839417,-0.27815207839012146,0.9790356755256653,0.9990887641906738
side_person17.mp4,side,175,5833,30.0,848,478,16,right_wrist,0.3603353798389435,0.28132393956184387,0.09465157240629196,0.41492486000061035,0.9993591904640198
side_person17.mp4,side,175,5833,30.0,848,478,17,left_pinky,0.3281531035900116,0.2515006959438324,-0.32490742206573486,0.9675414562225342,0.9989455342292786
side_person17.mp4,side,175,5833,30.0,848,478,18,right_pinky,0.3481922149658203,0.27960431575775146,0.09277413785457611,0.4239170253276825,0.9992243051528931
side_person17.mp4,side,175,5833,30.0,848,478,19,left_index,0.325944185256958,0.24741503596305847,-0.2988630533218384,0.963544487953186,0.9989075660705566
side_person17.mp4,side,175,5833,30.0,848,478,20,right_index,0.3455219268798828,0.27744248509407043,0.051969412714242935,0.43828535079956055,0.9991094470024109
side_person17.mp4,side,175,5833,30.0,848,478,21,left_thumb,0.33241578936576843,0.25087299942970276,-0.2684480547904968,0.9420020580291748,0.9989481568336487
side_person17.mp4,side,175,5833,30.0,848,478,22,right_thumb,0.3488578796386719,0.27809131145477295,0.07341132313013077,0.4610883891582489,0.9991673231124878
side_person17.mp4,side,175,5833,30.0,848,478,23,left_hip,0.5369479656219482,0.48676401376724243,-0.1152423843741417,0.9984785318374634,0.998415470123291
side_person17.mp4,side,175,5833,30.0,848,478,24,right_hip,0.5288373827934265,0.48594412207603455,0.11520078033208847,0.9966461658477783,0.9976994395256042
side_person17.mp4,side,175,5833,30.0,848,478,25,left_knee,0.5129365921020508,0.6891471743583679,-0.052615441381931305,0.9278830289840698,0.9994107484817505
side_person17.mp4,side,175,5833,30.0,848,478,26,right_knee,0.5025981068611145,0.6732165217399597,0.19011905789375305,0.35442283749580383,0.9989111423492432
side_person17.mp4,side,175,5833,30.0,848,478,27,left_ankle,0.5057535171508789,0.8934012651443481,0.0265884418040514,0.9353147745132446,0.9968756437301636
side_person17.mp4,side,175,5833,30.0,848,478,28,right_ankle,0.5032094120979309,0.8544240593910217,0.29942670464515686,0.47128549218177795,0.9984714388847351
side_person17.mp4,side,175,5833,30.0,848,478,29,left_heel,0.515812873840332,0.924484133720398,0.028366509824991226,0.920190691947937,0.9938187003135681
side_person17.mp4,side,175,5833,30.0,848,478,30,right_heel,0.5099681615829468,0.8822895884513855,0.3092365264892578,0.6258184313774109,0.997112512588501
side_person17.mp4,side,175,5833,30.0,848,478,31,left_foot_index,0.45986706018447876,0.9245619773864746,-0.06318758428096771,0.903822660446167,0.9953500032424927
side_person17.mp4,side,175,5833,30.0,848,478,32,right_foot_index,0.46040913462638855,0.8705688714981079,0.24425773322582245,0.6058721542358398,0.9983980059623718
side_person17.mp4,side,176,5867,30.0,848,478,0,nose,0.46834686398506165,0.14704830944538116,-0.04412589594721794,0.9987509846687317,0.99965500831604
side_person17.mp4,side,176,5867,30.0,848,478,1,left_eye_inner,0.4715593755245209,0.1266147494316101,-0.06671184301376343,0.998702883720398,0.9994648098945618
side_person17.mp4,side,176,5867,30.0,848,478,2,left_eye,0.47298333048820496,0.1256251484155655,-0.0667501762509346,0.99872225522995,0.9994180202484131
side_person17.mp4,side,176,5867,30.0,848,478,3,left_eye_outer,0.47456684708595276,0.12466048449277878,-0.06673330813646317,0.9990149736404419,0.9993347525596619
side_person17.mp4,side,176,5867,30.0,848,478,4,right_eye_inner,0.47104743123054504,0.12682348489761353,-0.031303200870752335,0.9985074996948242,0.9995585083961487
side_person17.mp4,side,176,5867,30.0,848,478,5,right_eye,0.4720756709575653,0.1259351372718811,-0.031267665326595306,0.9984294176101685,0.9995636343955994
side_person17.mp4,side,176,5867,30.0,848,478,6,right_eye_outer,0.47335174679756165,0.12499114125967026,-0.031297717243433,0.9988898038864136,0.999550998210907
side_person17.mp4,side,176,5867,30.0,848,478,7,left_ear,0.48892942070961,0.12741132080554962,-0.11625704914331436,0.9979315996170044,0.999286949634552
side_person17.mp4,side,176,5867,30.0,848,478,8,right_ear,0.4879615008831024,0.12748374044895172,0.041381947696208954,0.9983684420585632,0.999515175819397
side_person17.mp4,side,176,5867,30.0,848,478,9,mouth_left,0.47426193952560425,0.1626180112361908,-0.0581645593047142,0.9979971647262573,0.9996461868286133
side_person17.mp4,side,176,5867,30.0,848,478,10,mouth_right,0.4735516905784607,0.16372892260551453,-0.012178855948150158,0.9971258044242859,0.9996988773345947
side_person17.mp4,side,176,5867,30.0,848,478,11,left_shoulder,0.50565105676651,0.20502051711082458,-0.21446269750595093,0.999060869216919,0.9993017911911011
side_person17.mp4,side,176,5867,30.0,848,478,12,right_shoulder,0.5060554146766663,0.22674980759620667,0.1643267422914505,0.9969496726989746,0.9992647767066956
side_person17.mp4,side,176,5867,30.0,848,478,13,left_elbow,0.4172370135784149,0.24211479723453522,-0.2799343466758728,0.9887402057647705,0.9994195699691772
side_person17.mp4,side,176,5867,30.0,848,478,14,right_elbow,0.4353044331073761,0.27310025691986084,0.19675017893314362,0.321402907371521,0.9997001886367798
side_person17.mp4,side,176,5867,30.0,848,478,15,left_wrist,0.34753546118736267,0.24673505127429962,-0.2546819746494293,0.9788239002227783,0.9987300038337708
side_person17.mp4,side,176,5867,30.0,848,478,16,right_wrist,0.36093345284461975,0.2745257616043091,0.10394082218408585,0.4259335994720459,0.9993896484375
side_person17.mp4,side,176,5867,30.0,848,478,17,left_pinky,0.32625117897987366,0.24242909252643585,-0.2989386320114136,0.9670538306236267,0.9985926747322083
side_person17.mp4,side,176,5867,30.0,848,478,18,right_pinky,0.3482505977153778,0.2732914686203003,0.10290869325399399,0.4323109984397888,0.9992626309394836
side_person17.mp4,side,176,5867,30.0,848,478,19,left_index,0.3251355290412903,0.2400505244731903,-0.2732509970664978,0.9630100131034851,0.998521625995636
side_person17.mp4,side,176,5867,30.0,848,478,20,right_index,0.3457646369934082,0.27138158679008484,0.06345994770526886,0.44732046127319336,0.9991647005081177
side_person17.mp4,side,176,5867,30.0,848,478,21,left_thumb,0.331868439912796,0.2451377958059311,-0.24492022395133972,0.9413418173789978,0.9985484480857849
side_person17.mp4,side,176,5867,30.0,848,478,22,right_thumb,0.34910979866981506,0.2719411253929138,0.0833534449338913,0.46990036964416504,0.9992146492004395
side_person17.mp4,side,176,5867,30.0,848,478,23,left_hip,0.5323939919471741,0.4846296012401581,-0.1162446141242981,0.9983958005905151,0.9978122711181641
side_person17.mp4,side,176,5867,30.0,848,478,24,right_hip,0.5284115672111511,0.48552244901657104,0.1161760687828064,0.9964830279350281,0.9973196387290955
side_person17.mp4,side,176,5867,30.0,848,478,25,left_knee,0.5115531086921692,0.691079318523407,-0.05254970118403435,0.92629075050354,0.9992586970329285
side_person17.mp4,side,176,5867,30.0,848,478,26,right_knee,0.5082575678825378,0.6754371523857117,0.18601001799106598,0.34244075417518616,0.9990457892417908
side_person17.mp4,side,176,5867,30.0,848,478,27,left_ankle,0.5061068534851074,0.8935965895652771,0.03170285001397133,0.9366233944892883,0.9972754120826721
side_person17.mp4,side,176,5867,30.0,848,478,28,right_ankle,0.5052070021629333,0.8559231162071228,0.2914787828922272,0.47285598516464233,0.9986842274665833
side_person17.mp4,side,176,5867,30.0,848,478,29,left_heel,0.516312837600708,0.9244922399520874,0.03449427708983421,0.9228518605232239,0.9946935772895813
side_person17.mp4,side,176,5867,30.0,848,478,30,right_heel,0.5129164457321167,0.8834802508354187,0.30052122473716736,0.63045734167099,0.9973606467247009
side_person17.mp4,side,176,5867,30.0,848,478,31,left_foot_index,0.46028244495391846,0.9245409965515137,-0.052238814532756805,0.9069096446037292,0.9961497783660889
side_person17.mp4,side,176,5867,30.0,848,478,32,right_foot_index,0.4631383419036865,0.8753911256790161,0.24095411598682404,0.6141348481178284,0.9985225796699524
side_person17.mp4,side,177,5900,30.0,848,478,0,nose,0.471021831035614,0.1456209123134613,-0.04225212708115578,0.9988045692443848,0.9996961355209351
side_person17.mp4,side,177,5900,30.0,848,478,1,left_eye_inner,0.47521868348121643,0.12516862154006958,-0.0639982521533966,0.9987585544586182,0.9995505213737488
side_person17.mp4,side,177,5900,30.0,848,478,2,left_eye,0.4766840934753418,0.12434951215982437,-0.06402610242366791,0.998767614364624,0.9995154142379761
side_person17.mp4,side,177,5900,30.0,848,478,3,left_eye_outer,0.4783312678337097,0.123642198741436,-0.06400316953659058,0.999051034450531,0.999445378780365
side_person17.mp4,side,177,5900,30.0,848,478,4,right_eye_inner,0.47452548146247864,0.1253727674484253,-0.028740350157022476,0.9985688328742981,0.9996277093887329
side_person17.mp4,side,177,5900,30.0,848,478,5,right_eye,0.4754512310028076,0.1246015876531601,-0.028713226318359375,0.9984790086746216,0.9996358156204224
side_person17.mp4,side,177,5900,30.0,848,478,6,right_eye_outer,0.4765874445438385,0.12381011992692947,-0.028748001903295517,0.998934805393219,0.9996287822723389
side_person17.mp4,side,177,5900,30.0,848,478,7,left_ear,0.49305808544158936,0.12738080322742462,-0.11345396935939789,0.9980112314224243,0.9993841648101807
side_person17.mp4,side,177,5900,30.0,848,478,8,right_ear,0.4911777973175049,0.12724916636943817,0.04382684454321861,0.9983935952186584,0.9995824694633484
side_person17.mp4,side,177,5900,30.0,848,478,9,mouth_left,0.4769399166107178,0.16048692166805267,-0.05692103132605553,0.9980821013450623,0.9996694326400757
side_person17.mp4,side,177,5900,30.0,848,478,10,mouth_right,0.47596895694732666,0.1617555320262909,-0.011032170616090298,0.997249960899353,0.9997156262397766
side_person17.mp4,side,177,5900,30.0,848,478,11,left_shoulder,0.5083778500556946,0.20648664236068726,-0.21042487025260925,0.999127209186554,0.9992291927337646
side_person17.mp4,side,177,5900,30.0,848,478,12,right_shoulder,0.5059828758239746,0.22788135707378387,0.16119173169136047,0.9971381425857544,0.9993483424186707
side_person17.mp4,side,177,5900,30.0,848,478,13,left_elbow,0.41843748092651367,0.23402993381023407,-0.2772384285926819,0.9888499975204468,0.999398946762085
side_person17.mp4,side,177,5900,30.0,848,478,14,right_elbow,0.43650755286216736,0.26775503158569336,0.1975347399711609,0.33728325366973877,0.9997208714485168
side_person17.mp4,side,177,5900,30.0,848,478,15,left_wrist,0.35237953066825867,0.23781359195709229,-0.25007060170173645,0.9779756665229797,0.9991538524627686
side_person17.mp4,side,177,5900,30.0,848,478,16,right_wrist,0.3610776960849762,0.26584598422050476,0.10753297805786133,0.44437843561172485,0.9995404481887817
side_person17.mp4,side,177,5900,30.0,848,478,17,left_pinky,0.3319151997566223,0.23021352291107178,-0.2924867272377014,0.9654865860939026,0.9991199374198914
side_person17.mp4,side,177,5900,30.0,848,478,18,right_pinky,0.3483050763607025,0.2643296420574188,0.1065744161605835,0.44636788964271545,0.9994433522224426
side_person17.mp4,side,177,5900,30.0,848,478,19,left_index,0.3301849365234375,0.22844892740249634,-0.2687290906906128,0.9614007472991943,0.999017596244812
side_person17.mp4,side,177,5900,30.0,848,478,20,right_index,0.34601128101348877,0.2615163028240204,0.06829384714365005,0.46198660135269165,0.9993519186973572
side_person17.mp4,side,177,5900,30.0,848,478,21,left_thumb,0.33838266134262085,0.23626340925693512,-0.24126575887203217,0.9393213987350464,0.9990511536598206
side_person17.mp4,side,177,5900,30.0,848,478,22,right_thumb,0.34930750727653503,0.26287195086479187,0.08734242618083954,0.48442164063453674,0.9993940591812134
side_person17.mp4,side,177,5900,30.0,848,478,23,left_hip,0.5321087837219238,0.4832068681716919,-0.11636582016944885,0.998389482498169,0.9986037611961365
side_person17.mp4,side,177,5900,30.0,848,478,24,right_hip,0.5260621905326843,0.4844309985637665,0.11628488451242447,0.9964614510536194,0.9982830286026001
side_person17.mp4,side,177,5900,30.0,848,478,25,left_knee,0.5122294425964355,0.6856884360313416,-0.0536290779709816,0.9238426089286804,0.9996823072433472
side_person17.mp4,side,177,5900,30.0,848,478,26,right_knee,0.5082278847694397,0.6721605658531189,0.19561314582824707,0.3280200958251953,0.9994800686836243
side_person17.mp4,side,177,5900,30.0,848,478,27,left_ankle,0.5071268081665039,0.8894802331924438,0.00609584990888834,0.9383234977722168,0.9986675977706909
side_person17.mp4,side,177,5900,30.0,848,478,28,right_ankle,0.507312536239624,0.8489335179328918,0.3084021806716919,0.4692707061767578,0.999388575553894
side_person17.mp4,side,177,5900,30.0,848,478,29,left_heel,0.5180932879447937,0.9232662916183472,0.00782852154225111,0.9253484010696411,0.9973151087760925
side_person17.mp4,side,177,5900,30.0,848,478,30,right_heel,0.5147796273231506,0.8777942061424255,0.31792744994163513,0.6305633783340454,0.9988656044006348
side_person17.mp4,side,177,5900,30.0,848,478,31,left_foot_index,0.46042323112487793,0.9245490431785583,-0.07843402028083801,0.9105321764945984,0.9979040622711182
side_person17.mp4,side,177,5900,30.0,848,478,32,right_foot_index,0.4640258848667145,0.8668373823165894,0.26238852739334106,0.6199963092803955,0.9993357062339783
side_person17.mp4,side,178,5933,30.0,848,478,0,nose,0.4732116460800171,0.14153073728084564,-0.04675786569714546,0.9988564252853394,0.9996656179428101
side_person17.mp4,side,178,5933,30.0,848,478,1,left_eye_inner,0.4774620532989502,0.12177594751119614,-0.06831971555948257,0.9988144636154175,0.9995224475860596
side_person17.mp4,side,178,5933,30.0,848,478,2,left_eye,0.47895920276641846,0.12107378989458084,-0.0683504045009613,0.9988160133361816,0.999488353729248
side_person17.mp4,side,178,5933,30.0,848,478,3,left_eye_outer,0.4806522727012634,0.12050777673721313,-0.06832725554704666,0.9990886449813843,0.9994195699691772
side_person17.mp4,side,178,5933,30.0,848,478,4,right_eye_inner,0.4766741693019867,0.12194165587425232,-0.03321385756134987,0.9986323714256287,0.9995983242988586
side_person17.mp4,side,178,5933,30.0,848,478,5,right_eye,0.47755953669548035,0.12121973186731339,-0.03319699689745903,0.9985332489013672,0.9996088147163391
side_person17.mp4,side,178,5933,30.0,848,478,6,right_eye_outer,0.4786197245121002,0.12054058909416199,-0.03323137015104294,0.9989797472953796,0.9995999932289124
side_person17.mp4,side,178,5933,30.0,848,478,7,left_ear,0.4953778386116028,0.12470483034849167,-0.1172335296869278,0.9980932474136353,0.9993627667427063
side_person17.mp4,side,178,5933,30.0,848,478,8,right_ear,0.4935162365436554,0.12465007603168488,0.03932027891278267,0.9984267950057983,0.9995556473731995
side_person17.mp4,side,178,5933,30.0,848,478,9,mouth_left,0.4789640009403229,0.1572045087814331,-0.06137886643409729,0.9981669187545776,0.9996529817581177
side_person17.mp4,side,178,5933,30.0,848,478,10,mouth_right,0.47787734866142273,0.15843360126018524,-0.015676500275731087,0.9973748326301575,0.9996963739395142
side_person17.mp4,side,178,5933,30.0,848,478,11,left_shoulder,0.5093798637390137,0.20565970242023468,-0.21270892024040222,0.9991850256919861,0.9992274045944214
side_person17.mp4,side,178,5933,30.0,848,478,12,right_shoulder,0.5072966814041138,0.22663462162017822,0.1562512069940567,0.9972914457321167,0.9992695450782776
side_person17.mp4,side,178,5933,30.0,848,478,13,left_elbow,0.4191751182079315,0.23023584485054016,-0.2788834571838379,0.9889835715293884,0.9994206428527832
side_person17.mp4,side,178,5933,30.0,848,478,14,right_elbow,0.4378337562084198,0.26488709449768066,0.19277995824813843,0.34793201088905334,0.9997007846832275
side_person17.mp4,side,178,5933,30.0,848,478,15,left_wrist,0.3531213700771332,0.23210002481937408,-0.2506582736968994,0.9772539138793945,0.9991094470024109
side_person17.mp4,side,178,5933,30.0,848,478,16,right_wrist,0.36145004630088806,0.25991594791412354,0.10373290628194809,0.4564686119556427,0.9994856119155884
side_person17.mp4,side,178,5933,30.0,848,478,17,left_pinky,0.33335137367248535,0.2254856675863266,-0.2922455668449402,0.9642106890678406,0.9990567564964294
side_person17.mp4,side,178,5933,30.0,848,478,18,right_pinky,0.348548948764801,0.25876322388648987,0.10260114818811417,0.4547494649887085,0.9993849992752075
side_person17.mp4,side,178,5933,30.0,848,478,19,left_index,0.331686407327652,0.22373972833156586,-0.26923975348472595,0.9601314067840576,0.99893718957901
side_person17.mp4,side,178,5933,30.0,848,478,20,right_index,0.3464638590812683,0.25619956851005554,0.06513349711894989,0.4709183871746063,0.9992751479148865
side_person17.mp4,side,178,5933,30.0,848,478,21,left_thumb,0.340295672416687,0.23172877728939056,-0.24211250245571136,0.9376968145370483,0.9989809393882751
side_person17.mp4,side,178,5933,30.0,848,478,22,right_thumb,0.34964874386787415,0.25761494040489197,0.08385026454925537,0.49329859018325806,0.9993230104446411
side_person17.mp4,side,178,5933,30.0,848,478,23,left_hip,0.5301910638809204,0.4827365577220917,-0.1161368116736412,0.9984145760536194,0.9989954829216003
side_person17.mp4,side,178,5933,30.0,848,478,24,right_hip,0.524838387966156,0.4836898446083069,0.1160595715045929,0.9964703917503357,0.9986599683761597
side_person17.mp4,side,178,5933,30.0,848,478,25,left_knee,0.5125592947006226,0.6794501543045044,-0.0569709911942482,0.9214606285095215,0.9997629523277283
side_person17.mp4,side,178,5933,30.0,848,478,26,right_knee,0.5110124349594116,0.6649195551872253,0.20880931615829468,0.3142505884170532,0.9995906949043274
side_person17.mp4,side,178,5933,30.0,848,478,27,left_ankle,0.5078765749931335,0.8865821361541748,-0.007131869904696941,0.9403554201126099,0.9989545345306396
side_person17.mp4,side,178,5933,30.0,848,478,28,right_ankle,0.5100753903388977,0.8413105010986328,0.33431345224380493,0.46614059805870056,0.9995388984680176
side_person17.mp4,side,178,5933,30.0,848,478,29,left_heel,0.5192752480506897,0.9202654957771301,-0.005754018668085337,0.9285467267036438,0.9978569149971008
side_person17.mp4,side,178,5933,30.0,848,478,30,right_heel,0.519871711730957,0.8747696876525879,0.34522736072540283,0.6315400004386902,0.9991575479507446
side_person17.mp4,side,178,5933,30.0,848,478,31,left_foot_index,0.460388720035553,0.9221609830856323,-0.09052706509828568,0.9146650433540344,0.9982940554618835
side_person17.mp4,side,178,5933,30.0,848,478,32,right_foot_index,0.4664105772972107,0.859771728515625,0.2952747642993927,0.6271905303001404,0.9995418787002563
side_person17.mp4,side,179,5967,30.0,848,478,0,nose,0.47462695837020874,0.1427798569202423,-0.04692903533577919,0.998828649520874,0.9993120431900024
side_person17.mp4,side,179,5967,30.0,848,478,1,left_eye_inner,0.4791979193687439,0.12276280671358109,-0.06882911175489426,0.9987833499908447,0.9990481734275818
side_person17.mp4,side,179,5967,30.0,848,478,2,left_eye,0.4806690812110901,0.12207425385713577,-0.06886894255876541,0.9987764358520508,0.9989721775054932
side_person17.mp4,side,179,5967,30.0,848,478,3,left_eye_outer,0.4822799861431122,0.12156936526298523,-0.06884504854679108,0.9990553855895996,0.998839795589447
side_person17.mp4,side,179,5967,30.0,848,478,4,right_eye_inner,0.4786275327205658,0.1228676363825798,-0.03375957906246185,0.9985935688018799,0.9992177486419678
side_person17.mp4,side,179,5967,30.0,848,478,5,right_eye,0.4796617329120636,0.12214121222496033,-0.03375300019979477,0.9984732270240784,0.9992484450340271
side_person17.mp4,side,179,5967,30.0,848,478,6,right_eye_outer,0.4808807075023651,0.12146229296922684,-0.03379753977060318,0.9989482760429382,0.999247670173645
side_person17.mp4,side,179,5967,30.0,848,478,7,left_ear,0.49678683280944824,0.12636235356330872,-0.1192827969789505,0.9980512261390686,0.9987218976020813
side_person17.mp4,side,179,5967,30.0,848,478,8,right_ear,0.4952032268047333,0.1258995682001114,0.03722912445664406,0.9983294606208801,0.9991809725761414
side_person17.mp4,side,179,5967,30.0,848,478,9,mouth_left,0.4801967442035675,0.15822017192840576,-0.06205054000020027,0.9981570243835449,0.9994193315505981
side_person17.mp4,side,179,5967,30.0,848,478,10,mouth_right,0.4793345630168915,0.1594655066728592,-0.016388578340411186,0.9973533153533936,0.9994969367980957
side_person17.mp4,side,179,5967,30.0,848,478,11,left_shoulder,0.5110160112380981,0.2074282169342041,-0.21525926887989044,0.9992359280586243,0.9990307092666626
side_person17.mp4,side,179,5967,30.0,848,478,12,right_shoulder,0.507893443107605,0.22733217477798462,0.15500508248806,0.9974082708358765,0.9991328120231628
side_person17.mp4,side,179,5967,30.0,848,478,13,left_elbow,0.42074447870254517,0.2317277491092682,-0.28270718455314636,0.9891456961631775,0.9993836879730225
side_person17.mp4,side,179,5967,30.0,848,478,14,right_elbow,0.43796417117118835,0.2627131938934326,0.19569280743598938,0.3552761971950531,0.9997252821922302
side_person17.mp4,side,179,5967,30.0,848,478,15,left_wrist,0.35308945178985596,0.23040668666362762,-0.2562792897224426,0.9771867990493774,0.9990381002426147
side_person17.mp4,side,179,5967,30.0,848,478,16,right_wrist,0.36181148886680603,0.2558976411819458,0.10968552529811859,0.47089165449142456,0.9995074272155762
side_person17.mp4,side,179,5967,30.0,848,478,17,left_pinky,0.3330319821834564,0.22772566974163055,-0.2985270023345947,0.9640645384788513,0.998963475227356
side_person17.mp4,side,179,5967,30.0,848,478,18,right_pinky,0.34894564747810364,0.25499776005744934,0.10900715738534927,0.46613940596580505,0.9993939399719238
side_person17.mp4,side,179,5967,30.0,848,478,19,left_index,0.3314189612865448,0.22369708120822906,-0.27535369992256165,0.9600375890731812,0.9988276362419128
side_person17.mp4,side,179,5967,30.0,848,478,20,right_index,0.3468197286128998,0.2520115077495575,0.07208025455474854,0.48266637325286865,0.9992812275886536
side_person17.mp4,side,179,5967,30.0,848,478,21,left_thumb,0.33929264545440674,0.22781895101070404,-0.2476869374513626,0.9375311732292175,0.9988856911659241
side_person17.mp4,side,179,5967,30.0,848,478,22,right_thumb,0.3501391112804413,0.2533121407032013,0.09007689356803894,0.5046539902687073,0.9993378520011902
side_person17.mp4,side,179,5967,30.0,848,478,23,left_hip,0.5302962064743042,0.4824755787849426,-0.11602160334587097,0.9984357357025146,0.9987745881080627
side_person17.mp4,side,179,5967,30.0,848,478,24,right_hip,0.5237043499946594,0.4831158518791199,0.11596567183732986,0.9964657425880432,0.9984285235404968
side_person17.mp4,side,179,5967,30.0,848,478,25,left_knee,0.5132389068603516,0.6773098111152649,-0.058897510170936584,0.918510377407074,0.9997325539588928
side_person17.mp4,side,179,5967,30.0,848,478,26,right_knee,0.5098362565040588,0.6628795266151428,0.20866957306861877,0.3016814589500427,0.9995143413543701
side_person17.mp4,side,179,5967,30.0,848,478,27,left_ankle,0.5093690752983093,0.8825221657752991,-0.005678691901266575,0.941968560218811,0.9987117052078247
side_person17.mp4,side,179,5967,30.0,848,478,28,right_ankle,0.5121299028396606,0.8366769552230835,0.3343261480331421,0.46288996934890747,0.9995145797729492
side_person17.mp4,side,179,5967,30.0,848,478,29,left_heel,0.5212813019752502,0.9175429344177246,-0.003977682441473007,0.9309998750686646,0.9973132014274597
side_person17.mp4,side,179,5967,30.0,848,478,30,right_heel,0.522400975227356,0.8700937032699585,0.3452757000923157,0.6329098343849182,0.9991253018379211
side_person17.mp4,side,179,5967,30.0,848,478,31,left_foot_index,0.46064552664756775,0.920630693435669,-0.0871138870716095,0.9181829690933228,0.9978759288787842
side_person17.mp4,side,179,5967,30.0,848,478,32,right_foot_index,0.4697591960430145,0.8560386300086975,0.29812532663345337,0.6341601014137268,0.9995020627975464
side_person17.mp4,side,180,6000,30.0,848,478,0,nose,0.47564971446990967,0.14282914996147156,-0.048555999994277954,0.9987979531288147,0.9993641972541809
side_person17.mp4,side,180,6000,30.0,848,478,1,left_eye_inner,0.48028308153152466,0.12275893241167068,-0.07058985531330109,0.9987520575523376,0.9991330504417419
side_person17.mp4,side,180,6000,30.0,848,478,2,left_eye,0.4817204475402832,0.12210574001073837,-0.07063296437263489,0.9987393617630005,0.9990755319595337
side_person17.mp4,side,180,6000,30.0,848,478,3,left_eye_outer,0.4832819104194641,0.12162860482931137,-0.07061107456684113,0.9990239143371582,0.9989672899246216
side_person17.mp4,side,180,6000,30.0,848,478,4,right_eye_inner,0.47987690567970276,0.12278157472610474,-0.035511553287506104,0.9985507726669312,0.999268114566803
side_person17.mp4,side,180,6000,30.0,848,478,5,right_eye,0.480997234582901,0.122061587870121,-0.035506926476955414,0.9984113574028015,0.9992910623550415
side_person17.mp4,side,180,6000,30.0,848,478,6,right_eye_outer,0.4822944402694702,0.12139507383108139,-0.035551443696022034,0.998913586139679,0.9992837309837341
side_person17.mp4,side,180,6000,30.0,848,478,7,left_ear,0.497589111328125,0.12660036981105804,-0.12142239511013031,0.9980127811431885,0.9988897442817688
side_person17.mp4,side,180,6000,30.0,848,478,8,right_ear,0.4962395131587982,0.12590806186199188,0.03512533754110336,0.9982330799102783,0.9992250204086304
side_person17.mp4,side,180,6000,30.0,848,478,9,mouth_left,0.4811856746673584,0.15822990238666534,-0.06380046904087067,0.9981383681297302,0.9994710087776184
side_person17.mp4,side,180,6000,30.0,848,478,10,mouth_right,0.4805220067501068,0.15950557589530945,-0.018134459853172302,0.9973204731941223,0.9995313882827759
side_person17.mp4,side,180,6000,30.0,848,478,11,left_shoulder,0.5115916728973389,0.20907090604305267,-0.21709398925304413,0.9992798566818237,0.9991046786308289
side_person17.mp4,side,180,6000,30.0,848,478,12,right_shoulder,0.5095147490501404,0.22867096960544586,0.15353265404701233,0.9975025653839111,0.9991132616996765
side_person17.mp4,side,180,6000,30.0,848,478,13,left_elbow,0.42143896222114563,0.23073044419288635,-0.2844448387622833,0.9892598390579224,0.9994156360626221
side_person17.mp4,side,180,6000,30.0,848,478,14,right_elbow,0.4385022222995758,0.261101096868515,0.19532400369644165,0.3599824905395508,0.9997157454490662
side_person17.mp4,side,180,6000,30.0,848,478,15,left_wrist,0.35366910696029663,0.22859716415405273,-0.2576152980327606,0.9768819808959961,0.9990037083625793
side_person17.mp4,side,180,6000,30.0,848,478,16,right_wrist,0.3629084527492523,0.25219598412513733,0.10987703502178192,0.4811163544654846,0.9994809031486511
side_person17.mp4,side,180,6000,30.0,848,478,17,left_pinky,0.33342868089675903,0.2270074039697647,-0.2988206148147583,0.9635657072067261,0.9989344477653503
side_person17.mp4,side,180,6000,30.0,848,478,18,right_pinky,0.3496265709400177,0.2517968416213989,0.1093321144580841,0.47397860884666443,0.999372661113739
side_person17.mp4,side,180,6000,30.0,848,478,19,left_index,0.333028107881546,0.22311311960220337,-0.2762191593647003,0.9595722556114197,0.998786985874176
side_person17.mp4,side,180,6000,30.0,848,478,20,right_index,0.3475774824619293,0.24899737536907196,0.07276811450719833,0.49092772603034973,0.9992541670799255
side_person17.mp4,side,180,6000,30.0,848,478,21,left_thumb,0.33937814831733704,0.2258685827255249,-0.2490556538105011,0.936900794506073,0.9988436698913574
side_person17.mp4,side,180,6000,30.0,848,478,22,right_thumb,0.3511231243610382,0.2501152455806732,0.09040850400924683,0.5125612616539001,0.9993090629577637
side_person17.mp4,side,180,6000,30.0,848,478,23,left_hip,0.5303506851196289,0.4854584336280823,-0.11595111340284348,0.9984565377235413,0.9989080429077148
side_person17.mp4,side,180,6000,30.0,848,478,24,right_hip,0.5233078002929688,0.48534074425697327,0.11591719835996628,0.9964619874954224,0.9984856247901917
side_person17.mp4,side,180,6000,30.0,848,478,25,left_knee,0.5140537619590759,0.6792241930961609,-0.060384780168533325,0.9149178266525269,0.9997408986091614
side_person17.mp4,side,180,6000,30.0,848,478,26,right_knee,0.508475661277771,0.6642598509788513,0.20843207836151123,0.2905764877796173,0.9995194673538208
side_person17.mp4,side,180,6000,30.0,848,478,27,left_ankle,0.5105900168418884,0.8805721402168274,-0.0007781932363286614,0.9433168172836304,0.9987891316413879
side_person17.mp4,side,180,6000,30.0,848,478,28,right_ankle,0.512401282787323,0.8347804546356201,0.3338867425918579,0.460489958524704,0.999529242515564
side_person17.mp4,side,180,6000,30.0,848,478,29,left_heel,0.5221176147460938,0.9163922071456909,0.0016661420231685042,0.9331820011138916,0.9974809288978577
side_person17.mp4,side,180,6000,30.0,848,478,30,right_heel,0.5225038528442383,0.8687232732772827,0.3448600769042969,0.6349171996116638,0.9991594552993774
side_person17.mp4,side,180,6000,30.0,848,478,31,left_foot_index,0.46079525351524353,0.9190047979354858,-0.07864878326654434,0.9212777614593506,0.9980350136756897
side_person17.mp4,side,180,6000,30.0,848,478,32,right_foot_index,0.4702446460723877,0.8550118207931519,0.2997768223285675,0.6411641836166382,0.9995294809341431
side_person17.mp4,side,181,6033,30.0,848,478,0,nose,0.4751471281051636,0.14188484847545624,-0.0442153736948967,0.9988062977790833,0.9994358420372009
side_person17.mp4,side,181,6033,30.0,848,478,1,left_eye_inner,0.4794531762599945,0.12206436693668365,-0.06682182103395462,0.9987596273422241,0.9991806149482727
side_person17.mp4,side,181,6033,30.0,848,478,2,left_eye,0.48084697127342224,0.12134657800197601,-0.06686578691005707,0.9987419247627258,0.9991121888160706
side_person17.mp4,side,181,6033,30.0,848,478,3,left_eye_outer,0.48236531019210815,0.12074854224920273,-0.06684380024671555,0.9990249276161194,0.9989904761314392
side_person17.mp4,side,181,6033,30.0,848,478,4,right_eye_inner,0.4791238605976105,0.12215251475572586,-0.031682126224040985,0.998555600643158,0.9993269443511963
side_person17.mp4,side,181,6033,30.0,848,478,5,right_eye,0.4802131652832031,0.12143223732709885,-0.03168043866753578,0.9984097480773926,0.9993519186973572
side_person17.mp4,side,181,6033,30.0,848,478,6,right_eye_outer,0.4815174341201782,0.12070474028587341,-0.031722936779260635,0.9989217519760132,0.9993428587913513
side_person17.mp4,side,181,6033,30.0,848,478,7,left_ear,0.49655961990356445,0.12526269257068634,-0.11956571787595749,0.9980265498161316,0.9989216327667236
side_person17.mp4,side,181,6033,30.0,848,478,8,right_ear,0.4956887662410736,0.12485482543706894,0.03716651350259781,0.998208224773407,0.9993118047714233
side_person17.mp4,side,181,6033,30.0,848,478,9,mouth_left,0.4807957708835602,0.15711520612239838,-0.06002428010106087,0.9981644153594971,0.9994968175888062
side_person17.mp4,side,181,6033,30.0,848,478,10,mouth_right,0.48029497265815735,0.1583171933889389,-0.014305595308542252,0.9973458051681519,0.9995684027671814
side_person17.mp4,side,181,6033,30.0,848,478,11,left_shoulder,0.5107596516609192,0.20907968282699585,-0.2153647243976593,0.9993204474449158,0.999114453792572
side_person17.mp4,side,181,6033,30.0,848,478,12,right_shoulder,0.5114396214485168,0.22883160412311554,0.1552075445652008,0.9976019859313965,0.9991368651390076
side_person17.mp4,side,181,6033,30.0,848,478,13,left_elbow,0.42081132531166077,0.2285929173231125,-0.2759205996990204,0.9892657995223999,0.9993502497673035
side_person17.mp4,side,181,6033,30.0,848,478,14,right_elbow,0.4391692876815796,0.2619037330150604,0.19441275298595428,0.3578314483165741,0.9996731281280518
side_person17.mp4,side,181,6033,30.0,848,478,15,left_wrist,0.3523203730583191,0.2279711216688156,-0.2405780553817749,0.9761187434196472,0.9986082911491394
side_person17.mp4,side,181,6033,30.0,848,478,16,right_wrist,0.3636084198951721,0.25237011909484863,0.11110110580921173,0.4801945090293884,0.9992907047271729
side_person17.mp4,side,181,6033,30.0,848,478,17,left_pinky,0.33210837841033936,0.22166785597801208,-0.27936848998069763,0.9624888300895691,0.9985525012016296
side_person17.mp4,side,181,6033,30.0,848,478,18,right_pinky,0.350055992603302,0.2511577010154724,0.11075745522975922,0.4720020294189453,0.9991716146469116
side_person17.mp4,side,181,6033,30.0,848,478,19,left_index,0.33174625039100647,0.21917836368083954,-0.2569001615047455,0.9584747552871704,0.9983402490615845
side_person17.mp4,side,181,6033,30.0,848,478,20,right_index,0.3478323817253113,0.24884144961833954,0.07481452822685242,0.48931142687797546,0.9990118741989136
side_person17.mp4,side,181,6033,30.0,848,478,21,left_thumb,0.3383465111255646,0.22482173144817352,-0.2317996621131897,0.9355228543281555,0.9983956217765808
side_person17.mp4,side,181,6033,30.0,848,478,22,right_thumb,0.3511599898338318,0.24999114871025085,0.09195461124181747,0.5109044909477234,0.9990560412406921
side_person17.mp4,side,181,6033,30.0,848,478,23,left_hip,0.5294751524925232,0.4870392084121704,-0.11588875949382782,0.9984782338142395,0.999031662940979
side_person17.mp4,side,181,6033,30.0,848,478,24,right_hip,0.5239245295524597,0.4867359399795532,0.11582691222429276,0.9964771270751953,0.9986693859100342
side_person17.mp4,side,181,6033,30.0,848,478,25,left_knee,0.513899028301239,0.6814489364624023,-0.061435870826244354,0.9113940000534058,0.99973064661026
side_person17.mp4,side,181,6033,30.0,848,478,26,right_knee,0.5081759691238403,0.665618360042572,0.20801883935928345,0.2792958915233612,0.9995260238647461
side_person17.mp4,side,181,6033,30.0,848,478,27,left_ankle,0.5116093754768372,0.8811669945716858,0.00017757428577169776,0.9442633390426636,0.9986593723297119
side_person17.mp4,side,181,6033,30.0,848,478,28,right_ankle,0.5121524333953857,0.8369553089141846,0.33287790417671204,0.4589904248714447,0.9995107650756836
side_person17.mp4,side,181,6033,30.0,848,478,29,left_heel,0.5228945016860962,0.9165846109390259,0.002620691666379571,0.9349306225776672,0.997149646282196
side_person17.mp4,side,181,6033,30.0,848,478,30,right_heel,0.5220175981521606,0.8681301474571228,0.3438105583190918,0.637378990650177,0.9991098046302795
side_person17.mp4,side,181,6033,30.0,848,478,31,left_foot_index,0.4612339437007904,0.9198476076126099,-0.0782664567232132,0.9239831566810608,0.9977839589118958
side_person17.mp4,side,181,6033,30.0,848,478,32,right_foot_index,0.4699290692806244,0.8558567762374878,0.29736119508743286,0.6483014822006226,0.9994818568229675
side_person17.mp4,side,182,6067,30.0,848,478,0,nose,0.4757244884967804,0.14210247993469238,-0.0414624847471714,0.9988464117050171,0.9995871186256409
side_person17.mp4,side,182,6067,30.0,848,478,1,left_eye_inner,0.4803309142589569,0.12214742600917816,-0.06403798609972,0.9988036751747131,0.9993959665298462
side_person17.mp4,side,182,6067,30.0,848,478,2,left_eye,0.4817136228084564,0.12146443873643875,-0.06407685577869415,0.9987814426422119,0.9993523955345154
side_person17.mp4,side,182,6067,30.0,848,478,3,left_eye_outer,0.48323217034339905,0.1209653839468956,-0.06405462324619293,0.9990555047988892,0.9992651343345642
side_person17.mp4,side,182,6067,30.0,848,478,4,right_eye_inner,0.48010388016700745,0.1223069354891777,-0.028908753767609596,0.9986008405685425,0.9994878768920898
side_person17.mp4,side,182,6067,30.0,848,478,5,right_eye,0.4812915027141571,0.12165361642837524,-0.02890164405107498,0.9984528422355652,0.9994966983795166
side_person17.mp4,side,182,6067,30.0,848,478,6,right_eye_outer,0.4826997220516205,0.12105927616357803,-0.028937112540006638,0.9989573955535889,0.9994785189628601
side_person17.mp4,side,182,6067,30.0,848,478,7,left_ear,0.49721354246139526,0.12602710723876953,-0.11622267961502075,0.998092770576477,0.9991956353187561
side_person17.mp4,side,182,6067,30.0,848,478,8,right_ear,0.4967414438724518,0.12589794397354126,0.04031037911772728,0.9982374310493469,0.9994158744812012
side_person17.mp4,side,182,6067,30.0,848,478,9,mouth_left,0.481227844953537,0.15724189579486847,-0.05697537213563919,0.9982272386550903,0.9995598196983337
side_person17.mp4,side,182,6067,30.0,848,478,10,mouth_right,0.48090115189552307,0.1585075855255127,-0.01131513062864542,0.9974299073219299,0.999609649181366
side_person17.mp4,side,182,6067,30.0,848,478,11,left_shoulder,0.5100817680358887,0.2094338834285736,-0.21170175075531006,0.9993603229522705,0.9991305470466614
side_person17.mp4,side,182,6067,30.0,848,478,12,right_shoulder,0.5124253034591675,0.2299814522266388,0.15729086101055145,0.9976991415023804,0.9990252256393433
side_person17.mp4,side,182,6067,30.0,848,478,13,left_elbow,0.4206118583679199,0.22984354197978973,-0.27265575528144836,0.989410936832428,0.9993603825569153
side_person17.mp4,side,182,6067,30.0,848,478,14,right_elbow,0.4397362172603607,0.2629148066043854,0.19282303750514984,0.3608717620372772,0.9996337890625
side_person17.mp4,side,182,6067,30.0,848,478,15,left_wrist,0.3517790138721466,0.22875189781188965,-0.23975130915641785,0.9759095311164856,0.99871826171875
side_person17.mp4,side,182,6067,30.0,848,478,16,right_wrist,0.3638465106487274,0.2533424496650696,0.10757432878017426,0.4834848940372467,0.9992266893386841
side_person17.mp4,side,182,6067,30.0,848,478,17,left_pinky,0.3314160406589508,0.22382426261901855,-0.28037288784980774,0.9620309472084045,0.9985938668251038
side_person17.mp4,side,182,6067,30.0,848,478,18,right_pinky,0.35071438550949097,0.25193774700164795,0.10686492174863815,0.4736573398113251,0.9990780353546143
side_person17.mp4,side,182,6067,30.0,848,478,19,left_index,0.33093729615211487,0.2205362170934677,-0.2567742168903351,0.9580135941505432,0.9984320998191833
side_person17.mp4,side,182,6067,30.0,848,478,20,right_index,0.34842896461486816,0.24970519542694092,0.07018599659204483,0.49120864272117615,0.9989103078842163
side_person17.mp4,side,182,6067,30.0,848,478,21,left_thumb,0.3382474184036255,0.22470854222774506,-0.23077455163002014,0.935126781463623,0.9984980821609497
side_person17.mp4,side,182,6067,30.0,848,478,22,right_thumb,0.3513689339160919,0.2511419951915741,0.08811978250741959,0.512908935546875,0.9989587068557739
side_person17.mp4,side,182,6067,30.0,848,478,23,left_hip,0.528981626033783,0.48690399527549744,-0.11575524508953094,0.9984658360481262,0.9986353516578674
side_person17.mp4,side,182,6067,30.0,848,478,24,right_hip,0.5243282318115234,0.4873024523258209,0.11569206416606903,0.9964266419410706,0.9981018900871277
side_person17.mp4,side,182,6067,30.0,848,478,25,left_knee,0.513392984867096,0.6829049587249756,-0.06195796653628349,0.908779501914978,0.9996036887168884
side_person17.mp4,side,182,6067,30.0,848,478,26,right_knee,0.5087433457374573,0.6668952107429504,0.20213723182678223,0.26855239272117615,0.9993392825126648
side_person17.mp4,side,182,6067,30.0,848,478,27,left_ankle,0.5114724040031433,0.8817214369773865,0.0006367575260810554,0.9445425271987915,0.9980555772781372
side_person17.mp4,side,182,6067,30.0,848,478,28,right_ankle,0.5118051767349243,0.8394756317138672,0.3247120678424835,0.4555501937866211,0.9992409944534302
side_person17.mp4,side,182,6067,30.0,848,478,29,left_heel,0.5227304697036743,0.9185705184936523,0.003069462953135371,0.9360157251358032,0.9960272312164307
side_person17.mp4,side,182,6067,30.0,848,478,30,right_heel,0.5212922096252441,0.8710733652114868,0.3357379734516144,0.6374046802520752,0.9985963702201843
side_person17.mp4,side,182,6067,30.0,848,478,31,left_foot_index,0.4610135555267334,0.9215851426124573,-0.07945380359888077,0.9253859519958496,0.9970717430114746
side_person17.mp4,side,182,6067,30.0,848,478,32,right_foot_index,0.4696674644947052,0.866977870464325,0.29535162448883057,0.6514373421669006,0.9991909861564636
side_person17.mp4,side,183,6100,30.0,848,478,0,nose,0.47566360235214233,0.14108923077583313,-0.03597370907664299,0.9988929033279419,0.9996795654296875
side_person17.mp4,side,183,6100,30.0,848,478,1,left_eye_inner,0.48037880659103394,0.12089508771896362,-0.0581696517765522,0.9988532662391663,0.9995015859603882
side_person17.mp4,side,183,6100,30.0,848,478,2,left_eye,0.481743723154068,0.12019751220941544,-0.058202825486660004,0.9988255500793457,0.9994582533836365
side_person17.mp4,side,183,6100,30.0,848,478,3,left_eye_outer,0.48325780034065247,0.11968172341585159,-0.05817853659391403,0.9990903735160828,0.9993758797645569
side_person17.mp4,side,183,6100,30.0,848,478,4,right_eye_inner,0.48011329770088196,0.12104460597038269,-0.023066218942403793,0.9986554384231567,0.9995885491371155
side_person17.mp4,side,183,6100,30.0,848,478,5,right_eye,0.4812609851360321,0.1203870177268982,-0.02305503748357296,0.998506486415863,0.9995964169502258
side_person17.mp4,side,183,6100,30.0,848,478,6,right_eye_outer,0.48265495896339417,0.11978775262832642,-0.023088788613677025,0.9989997744560242,0.9995841383934021
side_person17.mp4,side,183,6100,30.0,848,478,7,left_ear,0.49741068482398987,0.12501683831214905,-0.10966682434082031,0.9981626868247986,0.9992997646331787
side_person17.mp4,side,183,6100,30.0,848,478,8,right_ear,0.4968563914299011,0.12502217292785645,0.04659407585859299,0.9982876777648926,0.999534010887146
side_person17.mp4,side,183,6100,30.0,848,478,9,mouth_left,0.481214314699173,0.15653203427791595,-0.05135362222790718,0.9982939958572388,0.9996378421783447
side_person17.mp4,side,183,6100,30.0,848,478,10,mouth_right,0.4808717370033264,0.15772990882396698,-0.005767413415014744,0.9975255727767944,0.9996902942657471
side_person17.mp4,side,183,6100,30.0,848,478,11,left_shoulder,0.5103179216384888,0.209231436252594,-0.20596279203891754,0.9993951320648193,0.9991588592529297
side_person17.mp4,side,183,6100,30.0,848,478,12,right_shoulder,0.5122528076171875,0.23051147162914276,0.16228365898132324,0.9978070259094238,0.9992135763168335
side_person17.mp4,side,183,6100,30.0,848,478,13,left_elbow,0.420709490776062,0.2304954081773758,-0.26797372102737427,0.9895133376121521,0.9993813037872314
side_person17.mp4,side,183,6100,30.0,848,478,14,right_elbow,0.4397280812263489,0.2634897828102112,0.19656160473823547,0.3686700761318207,0.9996991157531738
side_person17.mp4,side,183,6100,30.0,848,478,15,left_wrist,0.3519262969493866,0.22962281107902527,-0.2351159304380417,0.9757170677185059,0.9988742470741272
side_person17.mp4,side,183,6100,30.0,848,478,16,right_wrist,0.36391082406044006,0.25391384959220886,0.11064387112855911,0.49226289987564087,0.999420166015625
side_person17.mp4,side,183,6100,30.0,848,478,17,left_pinky,0.3318314552307129,0.2251182645559311,-0.2756454646587372,0.9615293741226196,0.9987862706184387
side_person17.mp4,side,183,6100,30.0,848,478,18,right_pinky,0.3508586883544922,0.25250816345214844,0.11040090769529343,0.4801783561706543,0.9992910623550415
side_person17.mp4,side,183,6100,30.0,848,478,19,left_index,0.33217549324035645,0.22138510644435883,-0.251822292804718,0.9575195908546448,0.9986525774002075
side_person17.mp4,side,183,6100,30.0,848,478,20,right_index,0.34872451424598694,0.24987822771072388,0.07313590496778488,0.4979404807090759,0.9991746544837952
side_person17.mp4,side,183,6100,30.0,848,478,21,left_thumb,0.33822959661483765,0.22478783130645752,-0.22610923647880554,0.9347047209739685,0.9987058639526367
side_person17.mp4,side,183,6100,30.0,848,478,22,right_thumb,0.3517497181892395,0.25150036811828613,0.09103158116340637,0.5196908116340637,0.9992231130599976
side_person17.mp4,side,183,6100,30.0,848,478,23,left_hip,0.5294049978256226,0.48553454875946045,-0.11567791551351547,0.9984365105628967,0.9983609318733215
side_person17.mp4,side,183,6100,30.0,848,478,24,right_hip,0.5242964625358582,0.48701176047325134,0.11560646444559097,0.9963879585266113,0.9979167580604553
side_person17.mp4,side,183,6100,30.0,848,478,25,left_knee,0.5132203102111816,0.6835317611694336,-0.0620218925178051,0.90605229139328,0.9995550513267517
side_person17.mp4,side,183,6100,30.0,848,478,26,right_knee,0.5085076689720154,0.6673591732978821,0.19886574149131775,0.2602091133594513,0.9993345141410828
side_person17.mp4,side,183,6100,30.0,848,478,27,left_ankle,0.5110276937484741,0.8824273347854614,0.0005462464177981019,0.9447969794273376,0.9981167316436768
side_person17.mp4,side,183,6100,30.0,848,478,28,right_ankle,0.5116297006607056,0.8407248258590698,0.30489036440849304,0.4531633257865906,0.9992314577102661
side_person17.mp4,side,183,6100,30.0,848,478,29,left_heel,0.522584855556488,0.9194375872612,0.002937596756964922,0.9371253252029419,0.9961418509483337
side_person17.mp4,side,183,6100,30.0,848,478,30,right_heel,0.5208632946014404,0.8719987273216248,0.31387394666671753,0.6375952959060669,0.9985480904579163
side_person17.mp4,side,183,6100,30.0,848,478,31,left_foot_index,0.46034592390060425,0.9243780970573425,-0.07985682040452957,0.9266473054885864,0.997160792350769
side_person17.mp4,side,183,6100,30.0,848,478,32,right_foot_index,0.4696894884109497,0.8702938556671143,0.26134106516838074,0.6541152596473694,0.9991387128829956
side_person17.mp4,side,184,6133,30.0,848,478,0,nose,0.47594326734542847,0.14222753047943115,-0.025570515543222427,0.9989484548568726,0.9997748732566833
side_person17.mp4,side,184,6133,30.0,848,478,1,left_eye_inner,0.48064175248146057,0.12220709770917892,-0.047554463148117065,0.9989106059074402,0.9996284246444702
side_person17.mp4,side,184,6133,30.0,848,478,2,left_eye,0.4819984436035156,0.12141156941652298,-0.047583453357219696,0.9988775849342346,0.999588668346405
side_person17.mp4,side,184,6133,30.0,848,478,3,left_eye_outer,0.4835110306739807,0.12074960023164749,-0.0475555919110775,0.9991320967674255,0.9995155334472656
side_person17.mp4,side,184,6133,30.0,848,478,4,right_eye_inner,0.4804169535636902,0.1224285140633583,-0.012697051279246807,0.9987199306488037,0.9997043013572693
side_person17.mp4,side,184,6133,30.0,848,478,5,right_eye,0.4815894663333893,0.12172212451696396,-0.012689569033682346,0.998572826385498,0.9997101426124573
side_person17.mp4,side,184,6133,30.0,848,478,6,right_eye_outer,0.4829981029033661,0.12103550136089325,-0.012722919695079327,0.9990512132644653,0.9997010827064514
side_person17.mp4,side,184,6133,30.0,848,478,7,left_ear,0.497523695230484,0.1253250241279602,-0.09911948442459106,0.9982428550720215,0.9994303584098816
side_person17.mp4,side,184,6133,30.0,848,478,8,right_ear,0.49692535400390625,0.12561176717281342,0.05606713891029358,0.9983605742454529,0.9996583461761475
side_person17.mp4,side,184,6133,30.0,848,478,9,mouth_left,0.48144739866256714,0.15708589553833008,-0.040912926197052,0.9983674883842468,0.9997138381004333
side_person17.mp4,side,184,6133,30.0,848,478,10,mouth_right,0.48111459612846375,0.15826518833637238,0.00434866501018405,0.9976356029510498,0.9997658133506775
side_person17.mp4,side,184,6133,30.0,848,478,11,left_shoulder,0.5105252861976624,0.20865443348884583,-0.19585417211055756,0.9994288086891174,0.9992269277572632
side_person17.mp4,side,184,6133,30.0,848,478,12,right_shoulder,0.512449324131012,0.2306561917066574,0.16935841739177704,0.9979258179664612,0.9993602633476257
side_person17.mp4,side,184,6133,30.0,848,478,13,left_elbow,0.4207387864589691,0.23060832917690277,-0.26120859384536743,0.9896458983421326,0.9994896650314331
side_person17.mp4,side,184,6133,30.0,848,478,14,right_elbow,0.4397082030773163,0.26359230279922485,0.20319201052188873,0.3814000189304352,0.9997727274894714
side_person17.mp4,side,184,6133,30.0,848,478,15,left_wrist,0.3521713316440582,0.22873233258724213,-0.23204413056373596,0.9757068157196045,0.9990888833999634
side_person17.mp4,side,184,6133,30.0,848,478,16,right_wrist,0.3641669452190399,0.2552744150161743,0.11825467646121979,0.5057162046432495,0.9996001124382019
side_person17.mp4,side,184,6133,30.0,848,478,17,left_pinky,0.3322483003139496,0.22421596944332123,-0.2723952531814575,0.9612867832183838,0.9990004897117615
side_person17.mp4,side,184,6133,30.0,848,478,18,right_pinky,0.35150036215782166,0.25307872891426086,0.11873302608728409,0.49081355333328247,0.9994981288909912
side_person17.mp4,side,184,6133,30.0,848,478,19,left_index,0.33271870017051697,0.2209913730621338,-0.2478552907705307,0.9572553038597107,0.9988917708396912
side_person17.mp4,side,184,6133,30.0,848,478,20,right_index,0.34932902455329895,0.25007563829421997,0.08136224746704102,0.5086177587509155,0.999415397644043
side_person17.mp4,side,184,6133,30.0,848,478,21,left_thumb,0.3383617103099823,0.22413894534111023,-0.22285373508930206,0.9346457123756409,0.9989457726478577
side_person17.mp4,side,184,6133,30.0,848,478,22,right_thumb,0.352396696805954,0.25168848037719727,0.09875258803367615,0.5302853584289551,0.9994563460350037
side_person17.mp4,side,184,6133,30.0,848,478,23,left_hip,0.5291662216186523,0.4857146739959717,-0.11560985445976257,0.9984132647514343,0.9983024597167969
side_person17.mp4,side,184,6133,30.0,848,478,24,right_hip,0.5245299339294434,0.48663344979286194,0.11553950607776642,0.99637371301651,0.9979413151741028
side_person17.mp4,side,184,6133,30.0,848,478,25,left_knee,0.5120959281921387,0.686015248298645,-0.06213882192969322,0.9023945331573486,0.9995110034942627
side_person17.mp4,side,184,6133,30.0,848,478,26,right_knee,0.5100310444831848,0.669653594493866,0.18426357209682465,0.2529260218143463,0.9993259906768799
side_person17.mp4,side,184,6133,30.0,848,478,27,left_ankle,0.5096702575683594,0.8850171566009521,-7.971964805619791e-05,0.9443151950836182,0.9979252815246582
side_person17.mp4,side,184,6133,30.0,848,478,28,right_ankle,0.5118048787117004,0.841216504573822,0.27849891781806946,0.44930920004844666,0.9991840720176697
side_person17.mp4,side,184,6133,30.0,848,478,29,left_heel,0.5212199091911316,0.9214534163475037,0.002196692628785968,0.9375458359718323,0.9958046078681946
side_person17.mp4,side,184,6133,30.0,848,478,30,right_heel,0.5207659602165222,0.8721047639846802,0.28639912605285645,0.6372156739234924,0.9984582662582397
side_person17.mp4,side,184,6133,30.0,848,478,31,left_foot_index,0.4598928987979889,0.9244099855422974,-0.07970767468214035,0.9268301725387573,0.9970388412475586
side_person17.mp4,side,184,6133,30.0,848,478,32,right_foot_index,0.4700653553009033,0.8705651760101318,0.23211374878883362,0.6545377373695374,0.9990911483764648
side_person17.mp4,side,185,6167,30.0,848,478,0,nose,0.4759288430213928,0.1417723000049591,-0.02301497757434845,0.9990037679672241,0.9997944235801697
side_person17.mp4,side,185,6167,30.0,848,478,1,left_eye_inner,0.4805943965911865,0.12168412655591965,-0.04501984268426895,0.998967707157135,0.9996607303619385
side_person17.mp4,side,185,6167,30.0,848,478,2,left_eye,0.4819642901420593,0.12089280039072037,-0.0450507216155529,0.9989311099052429,0.9996235370635986
side_person17.mp4,side,185,6167,30.0,848,478,3,left_eye_outer,0.48348599672317505,0.12026174366474152,-0.0450250506401062,0.9991754293441772,0.9995549321174622
side_person17.mp4,side,185,6167,30.0,848,478,4,right_eye_inner,0.4803195893764496,0.12194031476974487,-0.01027257926762104,0.998786211013794,0.9997302889823914
side_person17.mp4,side,185,6167,30.0,848,478,5,right_eye,0.4814651906490326,0.12126220762729645,-0.010266341269016266,0.9986417293548584,0.9997355341911316
side_person17.mp4,side,185,6167,30.0,848,478,6,right_eye_outer,0.4828673005104065,0.12062318623065948,-0.01030012033879757,0.9991032481193542,0.9997276663780212
side_person17.mp4,side,185,6167,30.0,848,478,7,left_ear,0.4976736605167389,0.12506526708602905,-0.09687138348817825,0.998326301574707,0.999471127986908
side_person17.mp4,side,185,6167,30.0,848,478,8,right_ear,0.4971008598804474,0.12527218461036682,0.05793498456478119,0.9984385371208191,0.999685525894165
side_person17.mp4,side,185,6167,30.0,848,478,9,mouth_left,0.481615275144577,0.15681789815425873,-0.038418959826231,0.9984437227249146,0.9997352957725525
side_person17.mp4,side,185,6167,30.0,848,478,10,mouth_right,0.4812535345554352,0.15806446969509125,0.006737827323377132,0.9977459907531738,0.9997856020927429
side_person17.mp4,side,185,6167,30.0,848,478,11,left_shoulder,0.5110548138618469,0.20916040241718292,-0.1925574094057083,0.9994598627090454,0.9992759823799133
side_person17.mp4,side,185,6167,30.0,848,478,12,right_shoulder,0.5130101442337036,0.23143370449543,0.17143233120441437,0.9980342388153076,0.9994420409202576
side_person17.mp4,side,185,6167,30.0,848,478,13,left_elbow,0.4209384620189667,0.228784441947937,-0.2579052150249481,0.989787757396698,0.9995740056037903
side_person17.mp4,side,185,6167,30.0,848,478,14,right_elbow,0.44012245535850525,0.2638082802295685,0.20902234315872192,0.39346936345100403,0.9998142123222351
side_person17.mp4,side,185,6167,30.0,848,478,15,left_wrist,0.3530886769294739,0.22883306443691254,-0.2285795956850052,0.9757388830184937,0.9992306232452393
side_person17.mp4,side,185,6167,30.0,848,478,16,right_wrist,0.36490893363952637,0.25621265172958374,0.12840880453586578,0.5184821486473083,0.9996738433837891
side_person17.mp4,side,185,6167,30.0,848,478,17,left_pinky,0.3334309458732605,0.2235955446958542,-0.26764076948165894,0.9611395597457886,0.999180257320404
side_person17.mp4,side,185,6167,30.0,848,478,18,right_pinky,0.35239675641059875,0.2537219226360321,0.13012342154979706,0.5006743669509888,0.99959796667099
side_person17.mp4,side,185,6167,30.0,848,478,19,left_index,0.33373236656188965,0.21678638458251953,-0.24289201200008392,0.9571115374565125,0.99907386302948
side_person17.mp4,side,185,6167,30.0,848,478,20,right_index,0.35018935799598694,0.25068002939224243,0.09382153302431107,0.5186291337013245,0.999528169631958
side_person17.mp4,side,185,6167,30.0,848,478,21,left_thumb,0.33948567509651184,0.22399063408374786,-0.21932141482830048,0.9346808791160583,0.9991145730018616
side_person17.mp4,side,185,6167,30.0,848,478,22,right_thumb,0.3532101511955261,0.25242388248443604,0.10942789167165756,0.5400808453559875,0.9995624423027039
side_person17.mp4,side,185,6167,30.0,848,478,23,left_hip,0.5290936827659607,0.4853687584400177,-0.1153605729341507,0.9984148740768433,0.998542070388794
side_person17.mp4,side,185,6167,30.0,848,478,24,right_hip,0.5245153903961182,0.4864223003387451,0.11526583135128021,0.9964059591293335,0.9982557892799377
side_person17.mp4,side,185,6167,30.0,848,478,25,left_knee,0.5119931101799011,0.6863571405410767,-0.062499742954969406,0.9008933901786804,0.9996256828308105
side_person17.mp4,side,185,6167,30.0,848,478,26,right_knee,0.5098860263824463,0.669842541217804,0.17927449941635132,0.24853110313415527,0.9995089769363403
side_person17.mp4,side,185,6167,30.0,848,478,27,left_ankle,0.5095344185829163,0.8850902318954468,-0.0002933157084044069,0.9451315402984619,0.9985790252685547
side_person17.mp4,side,185,6167,30.0,848,478,28,right_ankle,0.5116621851921082,0.8416205644607544,0.27380308508872986,0.45170706510543823,0.9994383454322815
side_person17.mp4,side,185,6167,30.0,848,478,29,left_heel,0.5208957195281982,0.9214701652526855,0.0020174107048660517,0.9389415979385376,0.9970909357070923
side_person17.mp4,side,185,6167,30.0,848,478,30,right_heel,0.5205531716346741,0.8723592162132263,0.2817632257938385,0.6413924098014832,0.9989157915115356
side_person17.mp4,side,185,6167,30.0,848,478,31,left_foot_index,0.45985373854637146,0.9246222972869873,-0.07863885909318924,0.9285461902618408,0.997850775718689
side_person17.mp4,side,185,6167,30.0,848,478,32,right_foot_index,0.47005051374435425,0.8706415295600891,0.22896160185337067,0.6603683233261108,0.9993441700935364
side_person17.mp4,side,186,6200,30.0,848,478,0,nose,0.47579821944236755,0.1429813653230667,-0.026083607226610184,0.9990209341049194,0.9996647834777832
side_person17.mp4,side,186,6200,30.0,848,478,1,left_eye_inner,0.4803200960159302,0.12284208089113235,-0.048278968781232834,0.998982310295105,0.9994518160820007
side_person17.mp4,side,186,6200,30.0,848,478,2,left_eye,0.48171597719192505,0.12202128767967224,-0.048314373940229416,0.9989417195320129,0.9993911981582642
side_person17.mp4,side,186,6200,30.0,848,478,3,left_eye_outer,0.4832410216331482,0.12133189290761948,-0.04828912764787674,0.9991838932037354,0.9992862343788147
side_person17.mp4,side,186,6200,30.0,848,478,4,right_eye_inner,0.47998809814453125,0.12308548390865326,-0.013478148728609085,0.9988031983375549,0.9995673298835754
side_person17.mp4,side,186,6200,30.0,848,478,5,right_eye,0.48110613226890564,0.1223674863576889,-0.01347525417804718,0.9986575841903687,0.9995802044868469
side_person17.mp4,side,186,6200,30.0,848,478,6,right_eye_outer,0.4824645221233368,0.12166956067085266,-0.01351360883563757,0.9991214871406555,0.9995731711387634
side_person17.mp4,side,186,6200,30.0,848,478,7,left_ear,0.4975857734680176,0.12569238245487213,-0.10064376890659332,0.9983454346656799,0.9991706609725952
side_person17.mp4,side,186,6200,30.0,848,478,8,right_ear,0.49681225419044495,0.1259000152349472,0.054465536028146744,0.9984588623046875,0.9995238780975342
side_person17.mp4,side,186,6200,30.0,848,478,9,mouth_left,0.4815831482410431,0.15779565274715424,-0.041656263172626495,0.9984708428382874,0.9996460676193237
side_person17.mp4,side,186,6200,30.0,848,478,10,mouth_right,0.48113390803337097,0.15909968316555023,0.0035872093867510557,0.9977849125862122,0.999713122844696
side_person17.mp4,side,186,6200,30.0,848,478,11,left_shoulder,0.5114603638648987,0.20990090072155,-0.1961808055639267,0.9994871020317078,0.999177873134613
side_person17.mp4,side,186,6200,30.0,848,478,12,right_shoulder,0.5127274990081787,0.23118455708026886,0.16928471624851227,0.9981216788291931,0.99937504529953
side_person17.mp4,side,186,6200,30.0,848,478,13,left_elbow,0.4213445484638214,0.2290983945131302,-0.2617492079734802,0.9898993372917175,0.9995172023773193
side_person17.mp4,side,186,6200,30.0,848,478,14,right_elbow,0.44012507796287537,0.26343801617622375,0.20853613317012787,0.40250304341316223,0.9998158812522888
side_person17.mp4,side,186,6200,30.0,848,478,15,left_wrist,0.35349172353744507,0.2282179892063141,-0.23346126079559326,0.9759005308151245,0.9990732669830322
side_person17.mp4,side,186,6200,30.0,848,478,16,right_wrist,0.365349680185318,0.2566702365875244,0.12898312509059906,0.5302813053131104,0.9996566772460938
side_person17.mp4,side,186,6200,30.0,848,478,17,left_pinky,0.3331751823425293,0.22336897253990173,-0.27345210313796997,0.9613437652587891,0.9990195035934448
side_person17.mp4,side,186,6200,30.0,848,478,18,right_pinky,0.35251304507255554,0.25416380167007446,0.13093301653862,0.510441243648529,0.9995699524879456
side_person17.mp4,side,186,6200,30.0,848,478,19,left_index,0.3334455192089081,0.21880267560482025,-0.24897035956382751,0.9573349952697754,0.9988946318626404
side_person17.mp4,side,186,6200,30.0,848,478,20,right_index,0.3502517342567444,0.250853568315506,0.09476014226675034,0.5284591317176819,0.9994914531707764
side_person17.mp4,side,186,6200,30.0,848,478,21,left_thumb,0.3394981622695923,0.22407375276088715,-0.22434847056865692,0.9350215196609497,0.9989336133003235
side_person17.mp4,side,186,6200,30.0,848,478,22,right_thumb,0.3533777594566345,0.2524639666080475,0.11015702039003372,0.5494646430015564,0.9995325803756714
side_person17.mp4,side,186,6200,30.0,848,478,23,left_hip,0.5292454957962036,0.48612791299819946,-0.11499921977519989,0.9984095692634583,0.9985174536705017
side_person17.mp4,side,186,6200,30.0,848,478,24,right_hip,0.5246175527572632,0.48667827248573303,0.11488129198551178,0.9963945150375366,0.9981951117515564
side_person17.mp4,side,186,6200,30.0,848,478,25,left_knee,0.5118073225021362,0.6871591210365295,-0.06272377073764801,0.8983103036880493,0.9995920062065125
side_person17.mp4,side,186,6200,30.0,848,478,26,right_knee,0.5099397897720337,0.6710509657859802,0.1797427088022232,0.24262142181396484,0.9994171857833862
side_person17.mp4,side,186,6200,30.0,848,478,27,left_ankle,0.5094833970069885,0.885137140750885,0.00021636152814608067,0.9454942941665649,0.998360812664032
side_person17.mp4,side,186,6200,30.0,848,478,28,right_ankle,0.5115546584129333,0.8418238759040833,0.2807029187679291,0.45074009895324707,0.9993783235549927
side_person17.mp4,side,186,6200,30.0,848,478,29,left_heel,0.5208091735839844,0.9214692115783691,0.002629361115396023,0.9400665163993835,0.9965950846672058
side_person17.mp4,side,186,6200,30.0,848,478,30,right_heel,0.5204524397850037,0.8729169964790344,0.28938403725624084,0.6435061097145081,0.9988370537757874
side_person17.mp4,side,186,6200,30.0,848,478,31,left_foot_index,0.45965784788131714,0.924683153629303,-0.0775434747338295,0.9298368096351624,0.9975922107696533
side_person17.mp4,side,186,6200,30.0,848,478,32,right_foot_index,0.4700205326080322,0.8706390261650085,0.23690831661224365,0.6638281941413879,0.9993391633033752
side_person17.mp4,side,187,6233,30.0,848,478,0,nose,0.47564783692359924,0.1424047201871872,-0.0278229471296072,0.9990501403808594,0.9996861219406128
side_person17.mp4,side,187,6233,30.0,848,478,1,left_eye_inner,0.48009684681892395,0.12229985743761063,-0.04979083687067032,0.9990103244781494,0.9994788765907288
side_person17.mp4,side,187,6233,30.0,848,478,2,left_eye,0.48150235414505005,0.12153269350528717,-0.04982452467083931,0.9989656805992126,0.9994168281555176
side_person17.mp4,side,187,6233,30.0,848,478,3,left_eye_outer,0.483026921749115,0.12089940905570984,-0.04979811981320381,0.9992022514343262,0.9993118047714233
side_person17.mp4,side,187,6233,30.0,848,478,4,right_eye_inner,0.4797418713569641,0.12250437587499619,-0.01511061005294323,0.9988359212875366,0.9995930790901184
side_person17.mp4,side,187,6233,30.0,848,478,5,right_eye,0.48084506392478943,0.12181103974580765,-0.015108628198504448,0.9986925721168518,0.9996055960655212
side_person17.mp4,side,187,6233,30.0,848,478,6,right_eye_outer,0.48218467831611633,0.12113498896360397,-0.015145724639296532,0.9991505742073059,0.9995983242988586
side_person17.mp4,side,187,6233,30.0,848,478,7,left_ear,0.4974172115325928,0.12532180547714233,-0.10170909017324448,0.9983801245689392,0.9991889595985413
side_person17.mp4,side,187,6233,30.0,848,478,8,right_ear,0.49664270877838135,0.12532377243041992,0.05292849615216255,0.9984982013702393,0.9995461106300354
side_person17.mp4,side,187,6233,30.0,848,478,9,mouth_left,0.48150572180747986,0.15742641687393188,-0.04329888895153999,0.9985125660896301,0.9996494054794312
side_person17.mp4,side,187,6233,30.0,848,478,10,mouth_right,0.4810299277305603,0.15872058272361755,0.0018278550123795867,0.9978464841842651,0.9997186064720154
side_person17.mp4,side,187,6233,30.0,848,478,11,left_shoulder,0.5122154355049133,0.20956595242023468,-0.19679825007915497,0.9995090961456299,0.9990904331207275
side_person17.mp4,side,187,6233,30.0,848,478,12,right_shoulder,0.5124876499176025,0.2305690199136734,0.16751225292682648,0.9982022643089294,0.9993563294410706
side_person17.mp4,side,187,6233,30.0,848,478,13,left_elbow,0.42137789726257324,0.22932888567447662,-0.26242589950561523,0.9900054335594177,0.9994702935218811
side_person17.mp4,side,187,6233,30.0,848,478,14,right_elbow,0.4400123655796051,0.26410341262817383,0.205800399184227,0.41079357266426086,0.9997891783714294
side_person17.mp4,side,187,6233,30.0,848,478,15,left_wrist,0.3546382486820221,0.2287415713071823,-0.23588833212852478,0.9760597348213196,0.998984158039093
side_person17.mp4,side,187,6233,30.0,848,478,16,right_wrist,0.36614203453063965,0.25774291157722473,0.12426254153251648,0.5397850871086121,0.9996113181114197
side_person17.mp4,side,187,6233,30.0,848,478,17,left_pinky,0.33306610584259033,0.2200094312429428,-0.276212215423584,0.9615542888641357,0.998914361000061
side_person17.mp4,side,187,6233,30.0,848,478,18,right_pinky,0.3528440296649933,0.25515100359916687,0.12545177340507507,0.5184909701347351,0.9995225667953491
side_person17.mp4,side,187,6233,30.0,848,478,19,left_index,0.33318859338760376,0.21741558611392975,-0.2516624629497528,0.9575892090797424,0.9987873435020447
side_person17.mp4,side,187,6233,30.0,848,478,20,right_index,0.35057368874549866,0.25197139382362366,0.08890672028064728,0.5365875959396362,0.9994382262229919
side_person17.mp4,side,187,6233,30.0,848,478,21,left_thumb,0.3400655686855316,0.22460180521011353,-0.2267850786447525,0.935481607913971,0.998832643032074
side_person17.mp4,side,187,6233,30.0,848,478,22,right_thumb,0.35376042127609253,0.25356894731521606,0.1051931232213974,0.5572130084037781,0.9994753003120422
side_person17.mp4,side,187,6233,30.0,848,478,23,left_hip,0.5294604301452637,0.4856329560279846,-0.1148657351732254,0.9983939528465271,0.9983602166175842
side_person17.mp4,side,187,6233,30.0,848,478,24,right_hip,0.5246073007583618,0.4863584339618683,0.1147390753030777,0.9963833689689636,0.9981094598770142
side_person17.mp4,side,187,6233,30.0,848,478,25,left_knee,0.5116521120071411,0.687351644039154,-0.06470486521720886,0.8968973159790039,0.999560534954071
side_person17.mp4,side,187,6233,30.0,848,478,26,right_knee,0.5100368857383728,0.671305775642395,0.17849521338939667,0.2372659146785736,0.9994086027145386
side_person17.mp4,side,187,6233,30.0,848,478,27,left_ankle,0.509056568145752,0.8852213025093079,-0.0018861227435991168,0.9460482001304626,0.9983338713645935
side_person17.mp4,side,187,6233,30.0,848,478,28,right_ankle,0.5115115642547607,0.8422375321388245,0.2782577872276306,0.4514111280441284,0.9993515610694885
side_person17.mp4,side,187,6233,30.0,848,478,29,left_heel,0.5204286575317383,0.9214758276939392,0.0004782768664881587,0.9412146806716919,0.9965896606445312
side_person17.mp4,side,187,6233,30.0,848,478,30,right_heel,0.520385205745697,0.8732972741127014,0.28661832213401794,0.6460334658622742,0.998762845993042
side_person17.mp4,side,187,6233,30.0,848,478,31,left_foot_index,0.45934054255485535,0.9250216484069824,-0.0794375017285347,0.9311849474906921,0.997499406337738
side_person17.mp4,side,187,6233,30.0,848,478,32,right_foot_index,0.47014981508255005,0.8708964586257935,0.23321162164211273,0.6678287386894226,0.9992475509643555
side_person17.mp4,side,188,6267,30.0,848,478,0,nose,0.4758591055870056,0.14273498952388763,-0.025511380285024643,0.9990888833999634,0.9997736811637878
side_person17.mp4,side,188,6267,30.0,848,478,1,left_eye_inner,0.4803442358970642,0.12273922562599182,-0.04728008061647415,0.9990507364273071,0.9996198415756226
side_person17.mp4,side,188,6267,30.0,848,478,2,left_eye,0.4817422330379486,0.12197550386190414,-0.047311462461948395,0.999002993106842,0.9995775818824768
side_person17.mp4,side,188,6267,30.0,848,478,3,left_eye_outer,0.4832778573036194,0.12135165929794312,-0.0472869798541069,0.9992320537567139,0.9994981288909912
side_person17.mp4,side,188,6267,30.0,848,478,4,right_eye_inner,0.4799636900424957,0.12299241870641708,-0.012560384348034859,0.9988833665847778,0.9997013211250305
side_person17.mp4,side,188,6267,30.0,848,478,5,right_eye,0.48105260729789734,0.12232714891433716,-0.012556293979287148,0.9987426996231079,0.9997082352638245
side_person17.mp4,side,188,6267,30.0,848,478,6,right_eye_outer,0.48239046335220337,0.12167918682098389,-0.012591537088155746,0.9991890788078308,0.9997010231018066
side_person17.mp4,side,188,6267,30.0,848,478,7,left_ear,0.4977457523345947,0.1258755922317505,-0.0990436002612114,0.9984383583068848,0.9993946552276611
side_person17.mp4,side,188,6267,30.0,848,478,8,right_ear,0.4969075620174408,0.12598808109760284,0.05576687306165695,0.9985586404800415,0.9996558427810669
side_person17.mp4,side,188,6267,30.0,848,478,9,mouth_left,0.4817744493484497,0.15767532587051392,-0.040946830064058304,0.9985620379447937,0.9997051358222961
side_person17.mp4,side,188,6267,30.0,848,478,10,mouth_right,0.4812764823436737,0.15899518132209778,0.004232382867485285,0.9979251027107239,0.9997681975364685
side_person17.mp4,side,188,6267,30.0,848,478,11,left_shoulder,0.5122569799423218,0.2098338007926941,-0.19447529315948486,0.9995272755622864,0.9990730285644531
side_person17.mp4,side,188,6267,30.0,848,478,12,right_shoulder,0.5125629305839539,0.23105739057064056,0.16991782188415527,0.9982824921607971,0.9993948936462402
side_person17.mp4,side,188,6267,30.0,848,478,13,left_elbow,0.4213382303714752,0.22838237881660461,-0.26195892691612244,0.990128755569458,0.9994993209838867
side_person17.mp4,side,188,6267,30.0,848,478,14,right_elbow,0.44031578302383423,0.2645067274570465,0.20841830968856812,0.4209980368614197,0.9998007416725159
side_person17.mp4,side,188,6267,30.0,848,478,15,left_wrist,0.35469454526901245,0.2283412367105484,-0.23590710759162903,0.9760130047798157,0.9990776777267456
side_person17.mp4,side,188,6267,30.0,848,478,16,right_wrist,0.3666130006313324,0.25820666551589966,0.12599696218967438,0.549888014793396,0.9996521472930908
side_person17.mp4,side,188,6267,30.0,848,478,17,left_pinky,0.3328548073768616,0.21719050407409668,-0.276189386844635,0.9613405466079712,0.9990413784980774
side_person17.mp4,side,188,6267,30.0,848,478,18,right_pinky,0.3535386621952057,0.255477637052536,0.12752340734004974,0.5268106460571289,0.9995747208595276
side_person17.mp4,side,188,6267,30.0,848,478,19,left_index,0.3332845866680145,0.21561817824840546,-0.25086262822151184,0.9573599100112915,0.9989216327667236
side_person17.mp4,side,188,6267,30.0,848,478,20,right_index,0.3512832820415497,0.2524913549423218,0.09077059477567673,0.5450570583343506,0.9995051622390747
side_person17.mp4,side,188,6267,30.0,848,478,21,left_thumb,0.3401123285293579,0.22401060163974762,-0.2266072928905487,0.9353533387184143,0.9989591836929321
side_person17.mp4,side,188,6267,30.0,848,478,22,right_thumb,0.3543822467327118,0.2540649473667145,0.10687784850597382,0.5654656887054443,0.9995391368865967
side_person17.mp4,side,188,6267,30.0,848,478,23,left_hip,0.5295242667198181,0.48602113127708435,-0.11482608318328857,0.998364269733429,0.998091995716095
side_person17.mp4,side,188,6267,30.0,848,478,24,right_hip,0.5246803760528564,0.48657137155532837,0.11469922214746475,0.9963710904121399,0.997907280921936
side_person17.mp4,side,188,6267,30.0,848,478,25,left_knee,0.5110834240913391,0.6879280805587769,-0.06476697325706482,0.8953868746757507,0.9994010925292969
side_person17.mp4,side,188,6267,30.0,848,478,26,right_knee,0.5120372772216797,0.6768428087234497,0.17299270629882812,0.23341789841651917,0.999294638633728
side_person17.mp4,side,188,6267,30.0,848,478,27,left_ankle,0.5081146359443665,0.8862510323524475,0.0021250643767416477,0.9458971619606018,0.9978729486465454
side_person17.mp4,side,188,6267,30.0,848,478,28,right_ankle,0.5114415287971497,0.8436973690986633,0.26558974385261536,0.450827032327652,0.9991268515586853
side_person17.mp4,side,188,6267,30.0,848,478,29,left_heel,0.5192343592643738,0.9215707182884216,0.005147612653672695,0.9417662024497986,0.9958218336105347
side_person17.mp4,side,188,6267,30.0,848,478,30,right_heel,0.5203114748001099,0.8749945163726807,0.2732316553592682,0.6479290723800659,0.9983211159706116
side_person17.mp4,side,188,6267,30.0,848,478,31,left_foot_index,0.45892173051834106,0.9250797033309937,-0.07121492922306061,0.9312847852706909,0.9971011281013489
side_person17.mp4,side,188,6267,30.0,848,478,32,right_foot_index,0.4696776568889618,0.8730718493461609,0.21958425641059875,0.6686225533485413,0.9990103244781494
side_person17.mp4,side,189,6300,30.0,848,478,0,nose,0.475799024105072,0.1423046886920929,-0.04109319671988487,0.999102771282196,0.9995580315589905
side_person17.mp4,side,189,6300,30.0,848,478,1,left_eye_inner,0.48022758960723877,0.12220580875873566,-0.06296534091234207,0.9990615844726562,0.9992927312850952
side_person17.mp4,side,189,6300,30.0,848,478,2,left_eye,0.4816204905509949,0.12142816185951233,-0.06300042569637299,0.9990122318267822,0.9992252588272095
side_person17.mp4,side,189,6300,30.0,848,478,3,left_eye_outer,0.4831554591655731,0.12079000473022461,-0.0629807561635971,0.999234139919281,0.9991028308868408
side_person17.mp4,side,189,6300,30.0,848,478,4,right_eye_inner,0.4798552393913269,0.12239018082618713,-0.027823716402053833,0.998893141746521,0.9994208812713623
side_person17.mp4,side,189,6300,30.0,848,478,5,right_eye,0.4809527099132538,0.12167596817016602,-0.027811972424387932,0.9987547993659973,0.9994325041770935
side_person17.mp4,side,189,6300,30.0,848,478,6,right_eye_outer,0.48231062293052673,0.12097905576229095,-0.027838610112667084,0.9991989731788635,0.9994180202484131
side_person17.mp4,side,189,6300,30.0,848,478,7,left_ear,0.4976181983947754,0.12515603005886078,-0.11307788640260696,0.998460054397583,0.9989907145500183
side_person17.mp4,side,189,6300,30.0,848,478,8,right_ear,0.49679428339004517,0.12497488409280777,0.04361648112535477,0.9985703229904175,0.9993587136268616
side_person17.mp4,side,189,6300,30.0,848,478,9,mouth_left,0.4817242920398712,0.1576068252325058,-0.05597735196352005,0.9985874891281128,0.999517560005188
side_person17.mp4,side,189,6300,30.0,848,478,10,mouth_right,0.48120826482772827,0.1589069813489914,-0.010244130156934261,0.9979676008224487,0.9995962977409363
side_person17.mp4,side,189,6300,30.0,848,478,11,left_shoulder,0.5121985077857971,0.20962591469287872,-0.20760577917099,0.9995369911193848,0.9988000392913818
side_person17.mp4,side,189,6300,30.0,848,478,12,right_shoulder,0.5123998522758484,0.23054805397987366,0.16054502129554749,0.9983338117599487,0.9991220831871033
side_person17.mp4,side,189,6300,30.0,848,478,13,left_elbow,0.42053523659706116,0.22924239933490753,-0.27152636647224426,0.9902074933052063,0.9992045760154724
side_person17.mp4,side,189,6300,30.0,848,478,14,right_elbow,0.43832117319107056,0.2649901211261749,0.1922726035118103,0.42259681224823,0.9996569156646729
side_person17.mp4,side,189,6300,30.0,848,478,15,left_wrist,0.3504769802093506,0.22691397368907928,-0.24228475987911224,0.9758989214897156,0.9983066320419312
side_person17.mp4,side,189,6300,30.0,848,478,16,right_wrist,0.3656173348426819,0.2577376067638397,0.102585069835186,0.5500773787498474,0.9992068409919739
side_person17.mp4,side,189,6300,30.0,848,478,17,left_pinky,0.32975053787231445,0.2171839326620102,-0.2849145531654358,0.9612149596214294,0.9982277750968933
side_person17.mp4,side,189,6300,30.0,848,478,18,right_pinky,0.3515203893184662,0.2542167007923126,0.10137393325567245,0.5275484919548035,0.9990573525428772
side_person17.mp4,side,189,6300,30.0,848,478,19,left_index,0.33113500475883484,0.21578778326511383,-0.25951915979385376,0.9572803974151611,0.9980480670928955
side_person17.mp4,side,189,6300,30.0,848,478,20,right_index,0.3473365306854248,0.2511647343635559,0.06250975281000137,0.5462738275527954,0.9989124536514282
side_person17.mp4,side,189,6300,30.0,848,478,21,left_thumb,0.33634424209594727,0.2211332470178604,-0.23320715129375458,0.9354013800621033,0.9980825185775757
side_person17.mp4,side,189,6300,30.0,848,478,22,right_thumb,0.34994032979011536,0.2529528737068176,0.08223550021648407,0.5667650699615479,0.9989516735076904
side_person17.mp4,side,189,6300,30.0,848,478,23,left_hip,0.5296248197555542,0.48633354902267456,-0.11505605280399323,0.9982810616493225,0.9975208640098572
side_person17.mp4,side,189,6300,30.0,848,478,24,right_hip,0.5246350169181824,0.4867788255214691,0.11493253707885742,0.9962841272354126,0.9973487854003906
side_person17.mp4,side,189,6300,30.0,848,478,25,left_knee,0.5110184550285339,0.6879657506942749,-0.0647675022482872,0.8952427506446838,0.999177873134613
side_person17.mp4,side,189,6300,30.0,848,478,26,right_knee,0.5119287371635437,0.6774451732635498,0.17391562461853027,0.22957023978233337,0.9989975094795227
side_person17.mp4,side,189,6300,30.0,848,478,27,left_ankle,0.5077190399169922,0.8869518637657166,0.01609308086335659,0.9459478855133057,0.9972997307777405
side_person17.mp4,side,189,6300,30.0,848,478,28,right_ankle,0.5106690526008606,0.8509758710861206,0.27107110619544983,0.45386865735054016,0.9987175464630127
side_person17.mp4,side,189,6300,30.0,848,478,29,left_heel,0.5191464424133301,0.9217956066131592,0.020764155313372612,0.9422738552093506,0.9946759939193726
side_person17.mp4,side,189,6300,30.0,848,478,30,right_heel,0.5198968648910522,0.8845105767250061,0.2790626585483551,0.6510526537895203,0.9974411725997925
side_person17.mp4,side,189,6300,30.0,848,478,31,left_foot_index,0.45894888043403625,0.9257520437240601,-0.055679284036159515,0.9318474531173706,0.9960726499557495
side_person17.mp4,side,189,6300,30.0,848,478,32,right_foot_index,0.46848568320274353,0.8852315545082092,0.22147735953330994,0.6717759370803833,0.9983775615692139
side_person17.mp4,side,190,6333,30.0,848,478,0,nose,0.47575145959854126,0.14272849261760712,-0.0366334393620491,0.9991263747215271,0.9997515082359314
side_person17.mp4,side,190,6333,30.0,848,478,1,left_eye_inner,0.4801969826221466,0.12264744937419891,-0.058392032980918884,0.9990858435630798,0.9995961785316467
side_person17.mp4,side,190,6333,30.0,848,478,2,left_eye,0.48158520460128784,0.12186914682388306,-0.0584232434630394,0.9990332126617432,0.9995536208152771
side_person17.mp4,side,190,6333,30.0,848,478,3,left_eye_outer,0.4831234812736511,0.1212344691157341,-0.058397188782691956,0.9992516040802002,0.9994727969169617
side_person17.mp4,side,190,6333,30.0,848,478,4,right_eye_inner,0.4798160195350647,0.12285001575946808,-0.023523567244410515,0.9989193677902222,0.9996771812438965
side_person17.mp4,side,190,6333,30.0,848,478,5,right_eye,0.4809046685695648,0.12214525043964386,-0.023511938750743866,0.9987797737121582,0.9996825456619263
side_person17.mp4,side,190,6333,30.0,848,478,6,right_eye_outer,0.4822542071342468,0.12145885080099106,-0.023546483367681503,0.9992199540138245,0.999672532081604
side_person17.mp4,side,190,6333,30.0,848,478,7,left_ear,0.4976018965244293,0.12564121186733246,-0.10914293676614761,0.9984910488128662,0.999371349811554
side_person17.mp4,side,190,6333,30.0,848,478,8,right_ear,0.4967384338378906,0.12551634013652802,0.04654913395643234,0.9985982775688171,0.9996150732040405
side_person17.mp4,side,190,6333,30.0,848,478,9,mouth_left,0.4817042946815491,0.15796145796775818,-0.051747389137744904,0.9986183047294617,0.9996902942657471
side_person17.mp4,side,190,6333,30.0,848,478,10,mouth_right,0.48118770122528076,0.15927153825759888,-0.006315391510725021,0.9980098605155945,0.9997429251670837
side_person17.mp4,side,190,6333,30.0,848,478,11,left_shoulder,0.5123727917671204,0.20965571701526642,-0.20373065769672394,0.9995521306991577,0.9990870952606201
side_person17.mp4,side,190,6333,30.0,848,478,12,right_shoulder,0.5124231576919556,0.2307986170053482,0.16161330044269562,0.9983841180801392,0.9993178844451904
side_person17.mp4,side,190,6333,30.0,848,478,13,left_elbow,0.4207715690135956,0.22844627499580383,-0.270895391702652,0.9902744293212891,0.9994891881942749
side_person17.mp4,side,190,6333,30.0,848,478,14,right_elbow,0.4385822117328644,0.26506367325782776,0.19696497917175293,0.4323562979698181,0.9997754693031311
side_person17.mp4,side,190,6333,30.0,848,478,15,left_wrist,0.3534613847732544,0.22550919651985168,-0.2423052340745926,0.9758737087249756,0.9992117881774902
side_person17.mp4,side,190,6333,30.0,848,478,16,right_wrist,0.3656543493270874,0.2581065595149994,0.11241283267736435,0.5610655546188354,0.9996355772018433
side_person17.mp4,side,190,6333,30.0,848,478,17,left_pinky,0.3330678641796112,0.2167423516511917,-0.2848021984100342,0.9610102772712708,0.9991734623908997
side_person17.mp4,side,190,6333,30.0,848,478,18,right_pinky,0.35175424814224243,0.25467249751091003,0.11311965435743332,0.5365321040153503,0.9995566010475159
side_person17.mp4,side,190,6333,30.0,848,478,19,left_index,0.3327276408672333,0.21562117338180542,-0.2593904733657837,0.9570643901824951,0.9990696310997009
side_person17.mp4,side,190,6333,30.0,848,478,20,right_index,0.34808701276779175,0.2516827881336212,0.07568840682506561,0.5553521513938904,0.9994841814041138
side_person17.mp4,side,190,6333,30.0,848,478,21,left_thumb,0.34021562337875366,0.2221658080816269,-0.23323199152946472,0.9353021383285522,0.9991117119789124
side_person17.mp4,side,190,6333,30.0,848,478,22,right_thumb,0.35075971484184265,0.25344616174697876,0.09277697652578354,0.5757625699043274,0.9995179176330566
side_person17.mp4,side,190,6333,30.0,848,478,23,left_hip,0.5300973057746887,0.4865635633468628,-0.11502386629581451,0.9982583522796631,0.9978766441345215
side_person17.mp4,side,190,6333,30.0,848,478,24,right_hip,0.5246717929840088,0.4869856834411621,0.11489587277173996,0.9962636232376099,0.9976075887680054
side_person17.mp4,side,190,6333,30.0,848,478,25,left_knee,0.5114092826843262,0.6882838606834412,-0.06391012668609619,0.8944029211997986,0.9995020627975464
side_person17.mp4,side,190,6333,30.0,848,478,26,right_knee,0.5118296146392822,0.6774327158927917,0.17388327419757843,0.22743384540081024,0.999344527721405
side_person17.mp4,side,190,6333,30.0,848,478,27,left_ankle,0.5077816843986511,0.887143075466156,0.014182010665535927,0.9461337327957153,0.9981105327606201
side_person17.mp4,side,190,6333,30.0,848,478,28,right_ankle,0.5106386542320251,0.85042405128479,0.2697834372520447,0.4542206823825836,0.9992440938949585
side_person17.mp4,side,190,6333,30.0,848,478,29,left_heel,0.5191370844841003,0.9219399690628052,0.01841266080737114,0.9425691366195679,0.9962376356124878
side_person17.mp4,side,190,6333,30.0,848,478,30,right_heel,0.5198350548744202,0.883373498916626,0.2777028977870941,0.6534724831581116,0.9985669255256653
side_person17.mp4,side,190,6333,30.0,848,478,31,left_foot_index,0.45893701910972595,0.9257938861846924,-0.058323170989751816,0.9321854114532471,0.9973049163818359
side_person17.mp4,side,190,6333,30.0,848,478,32,right_foot_index,0.4680940508842468,0.8792303800582886,0.22348448634147644,0.6735029220581055,0.9991376399993896
side_person17.mp4,side,191,6367,30.0,848,478,0,nose,0.47535866498947144,0.14301510155200958,-0.047387298196554184,0.999108612537384,0.9995324611663818
side_person17.mp4,side,191,6367,30.0,848,478,1,left_eye_inner,0.4795411229133606,0.12303352355957031,-0.06985916942358017,0.9990661144256592,0.9992896318435669
side_person17.mp4,side,191,6367,30.0,848,478,2,left_eye,0.48098230361938477,0.12225228548049927,-0.06989637017250061,0.9990127086639404,0.9992319345474243
side_person17.mp4,side,191,6367,30.0,848,478,3,left_eye_outer,0.4825704097747803,0.12161526083946228,-0.06987892091274261,0.999229371547699,0.9991169571876526
side_person17.mp4,side,191,6367,30.0,848,478,4,right_eye_inner,0.4791014790534973,0.12324519455432892,-0.03398760035634041,0.998894214630127,0.9994046688079834
side_person17.mp4,side,191,6367,30.0,848,478,5,right_eye,0.4801828861236572,0.12254147231578827,-0.03396597504615784,0.9987526535987854,0.9994137287139893
side_person17.mp4,side,191,6367,30.0,848,478,6,right_eye_outer,0.4815015494823456,0.12185420095920563,-0.033995602279901505,0.9992028474807739,0.999397873878479
side_person17.mp4,side,191,6367,30.0,848,478,7,left_ear,0.4971464276313782,0.1259773075580597,-0.12183753401041031,0.9984751343727112,0.9990144968032837
side_person17.mp4,side,191,6367,30.0,848,478,8,right_ear,0.4960823059082031,0.12582702934741974,0.03814278170466423,0.9985776543617249,0.9993438124656677
side_person17.mp4,side,191,6367,30.0,848,478,9,mouth_left,0.48140472173690796,0.1582164168357849,-0.06286531686782837,0.9986054301261902,0.9995102882385254
side_person17.mp4,side,191,6367,30.0,848,478,10,mouth_right,0.4808240532875061,0.15953890979290009,-0.01617518812417984,0.9980024695396423,0.9995806813240051
side_person17.mp4,side,191,6367,30.0,848,478,11,left_shoulder,0.5123147368431091,0.20954158902168274,-0.2166825383901596,0.9995604157447815,0.9987807869911194
side_person17.mp4,side,191,6367,30.0,848,478,12,right_shoulder,0.5121240615844727,0.2302192598581314,0.15700149536132812,0.9984213709831238,0.9990755319595337
side_person17.mp4,side,191,6367,30.0,848,478,13,left_elbow,0.4204794466495514,0.22906436026096344,-0.28453782200813293,0.9903701543807983,0.9991840720176697
side_person17.mp4,side,191,6367,30.0,848,478,14,right_elbow,0.4383569061756134,0.2652868926525116,0.19177645444869995,0.43166419863700867,0.9996334314346313
side_person17.mp4,side,191,6367,30.0,848,478,15,left_wrist,0.35071298480033875,0.22571030259132385,-0.2549889087677002,0.9757774472236633,0.9983377456665039
side_person17.mp4,side,191,6367,30.0,848,478,16,right_wrist,0.36562153697013855,0.2583141624927521,0.10184431076049805,0.558901846408844,0.9991894364356995
side_person17.mp4,side,191,6367,30.0,848,478,17,left_pinky,0.33045944571495056,0.21730022132396698,-0.2994093894958496,0.9609049558639526,0.998304009437561
side_person17.mp4,side,191,6367,30.0,848,478,18,right_pinky,0.35160213708877563,0.2548128366470337,0.10105206072330475,0.5353536009788513,0.9990547299385071
side_person17.mp4,side,191,6367,30.0,848,478,19,left_index,0.33136770129203796,0.2161410003900528,-0.273381769657135,0.9569736123085022,0.9981356859207153
side_person17.mp4,side,191,6367,30.0,848,478,20,right_index,0.34806475043296814,0.25194305181503296,0.06206782907247543,0.5545937418937683,0.9989161491394043
side_person17.mp4,side,191,6367,30.0,848,478,21,left_thumb,0.3381778299808502,0.22280755639076233,-0.24572953581809998,0.9351536631584167,0.9981510043144226
side_person17.mp4,side,191,6367,30.0,848,478,22,right_thumb,0.3506729304790497,0.25361019372940063,0.08147519826889038,0.574988842010498,0.998954176902771
side_person17.mp4,side,191,6367,30.0,848,478,23,left_hip,0.5312375426292419,0.48684707283973694,-0.11551524698734283,0.998188316822052,0.9974555373191833
side_person17.mp4,side,191,6367,30.0,848,478,24,right_hip,0.5252901315689087,0.4873003363609314,0.11540040373802185,0.9961544275283813,0.9972100853919983
side_person17.mp4,side,191,6367,30.0,848,478,25,left_knee,0.5109888315200806,0.689445436000824,-0.06321629136800766,0.8938971161842346,0.9989114999771118
side_person17.mp4,side,191,6367,30.0,848,478,26,right_knee,0.5116404891014099,0.678023636341095,0.17537324130535126,0.22359821200370789,0.9986451268196106
side_person17.mp4,side,191,6367,30.0,848,478,27,left_ankle,0.5076743960380554,0.8882647156715393,0.024610549211502075,0.9454385638237,0.9964196681976318
side_person17.mp4,side,191,6367,30.0,848,478,28,right_ankle,0.5105822086334229,0.8541072010993958,0.2715211510658264,0.4531167149543762,0.9982385635375977
side_person17.mp4,side,191,6367,30.0,848,478,29,left_heel,0.5188268423080444,0.922112226486206,0.02978457883000374,0.9428947567939758,0.9931066632270813
side_person17.mp4,side,191,6367,30.0,848,478,30,right_heel,0.5197051167488098,0.8862034678459167,0.27910473942756653,0.6539925336837769,0.9966278672218323
side_person17.mp4,side,191,6367,30.0,848,478,31,left_foot_index,0.4590163230895996,0.9261212348937988,-0.04392636939883232,0.9315323829650879,0.9950543642044067
side_person17.mp4,side,191,6367,30.0,848,478,32,right_foot_index,0.4680072069168091,0.8858756422996521,0.22703558206558228,0.671623170375824,0.997980535030365
side_person17.mp4,side,192,6400,30.0,848,478,0,nose,0.4751608967781067,0.14333544671535492,-0.04605550318956375,0.999092161655426,0.999606192111969
side_person17.mp4,side,192,6400,30.0,848,478,1,left_eye_inner,0.47944918274879456,0.12331981211900711,-0.06839139759540558,0.9990519881248474,0.9994038343429565
side_person17.mp4,side,192,6400,30.0,848,478,2,left_eye,0.4808955788612366,0.12254341691732407,-0.06842776387929916,0.9989945888519287,0.9993579983711243
side_person17.mp4,side,192,6400,30.0,848,478,3,left_eye_outer,0.4824865758419037,0.1219080463051796,-0.0684092715382576,0.9992159008979797,0.9992620348930359
side_person17.mp4,side,192,6400,30.0,848,478,4,right_eye_inner,0.4789924621582031,0.12350986897945404,-0.0327393114566803,0.9988729357719421,0.9994969367980957
side_person17.mp4,side,192,6400,30.0,848,478,5,right_eye,0.48006337881088257,0.12280014157295227,-0.032721005380153656,0.9987254738807678,0.9995009899139404
side_person17.mp4,side,192,6400,30.0,848,478,6,right_eye_outer,0.48137494921684265,0.12210928648710251,-0.032751910388469696,0.9991899132728577,0.9994851350784302
side_person17.mp4,side,192,6400,30.0,848,478,7,left_ear,0.49705520272254944,0.12617824971675873,-0.12016560882329941,0.9984485507011414,0.999173104763031
side_person17.mp4,side,192,6400,30.0,848,478,8,right_ear,0.4958963990211487,0.1260802149772644,0.03881306201219559,0.9985529184341431,0.9994131326675415
side_person17.mp4,side,192,6400,30.0,848,478,9,mouth_left,0.48119741678237915,0.15853251516819,-0.06148410588502884,0.9985877871513367,0.9995805621147156
side_person17.mp4,side,192,6400,30.0,848,478,10,mouth_right,0.4806206226348877,0.1598455011844635,-0.01506034191697836,0.9979799389839172,0.9996335506439209
side_person17.mp4,side,192,6400,30.0,848,478,11,left_shoulder,0.5122674107551575,0.20960861444473267,-0.21510650217533112,0.9995723366737366,0.9990091323852539
side_person17.mp4,side,192,6400,30.0,848,478,12,right_shoulder,0.5119957327842712,0.2297585904598236,0.15718968212604523,0.9984551072120667,0.9991379976272583
side_person17.mp4,side,192,6400,30.0,848,478,13,left_elbow,0.4204557538032532,0.22937150299549103,-0.2835744321346283,0.9905042052268982,0.9993855953216553
side_person17.mp4,side,192,6400,30.0,848,478,14,right_elbow,0.438396692276001,0.2653272747993469,0.19190703332424164,0.43411770462989807,0.9996739625930786
side_person17.mp4,side,192,6400,30.0,848,478,15,left_wrist,0.3508315086364746,0.2260374277830124,-0.255336731672287,0.9760667681694031,0.9990181922912598
side_person17.mp4,side,192,6400,30.0,848,478,16,right_wrist,0.365703284740448,0.2589153051376343,0.10336489975452423,0.5623857378959656,0.9994288086891174
side_person17.mp4,side,192,6400,30.0,848,478,17,left_pinky,0.33036983013153076,0.21774674952030182,-0.29966288805007935,0.9612688422203064,0.9989520311355591
side_person17.mp4,side,192,6400,30.0,848,478,18,right_pinky,0.35194072127342224,0.2557116746902466,0.10285001993179321,0.5386084914207458,0.9993268251419067
side_person17.mp4,side,192,6400,30.0,848,478,19,left_index,0.33106091618537903,0.2163936048746109,-0.27318429946899414,0.9573816061019897,0.9988586902618408
side_person17.mp4,side,192,6400,30.0,848,478,20,right_index,0.34886467456817627,0.25330525636672974,0.06421957910060883,0.5580081343650818,0.9992290735244751
side_person17.mp4,side,192,6400,30.0,848,478,21,left_thumb,0.3379899561405182,0.22315974533557892,-0.24591590464115143,0.9357630014419556,0.9989063739776611
side_person17.mp4,side,192,6400,30.0,848,478,22,right_thumb,0.35154595971107483,0.25461480021476746,0.08319300413131714,0.5784333944320679,0.9992627501487732
side_person17.mp4,side,192,6400,30.0,848,478,23,left_hip,0.5327363610267639,0.48734819889068604,-0.11570732295513153,0.9981622695922852,0.997711181640625
side_person17.mp4,side,192,6400,30.0,848,478,24,right_hip,0.5260320901870728,0.4875986576080322,0.11559496074914932,0.9960948824882507,0.9972742199897766
side_person17.mp4,side,192,6400,30.0,848,478,25,left_knee,0.5104327201843262,0.6900762319564819,-0.05958126485347748,0.8922258019447327,0.9991092085838318
side_person17.mp4,side,192,6400,30.0,848,478,26,right_knee,0.5104326009750366,0.678017795085907,0.1795468032360077,0.2190840095281601,0.9987034797668457
side_person17.mp4,side,192,6400,30.0,848,478,27,left_ankle,0.507679283618927,0.8883383870124817,0.028516337275505066,0.9443470239639282,0.9968570470809937
side_person17.mp4,side,192,6400,30.0,848,478,28,right_ankle,0.5105577707290649,0.8533076643943787,0.281724214553833,0.4466100335121155,0.9983901977539062
side_person17.mp4,side,192,6400,30.0,848,478,29,left_heel,0.5188197493553162,0.9222248792648315,0.033437877893447876,0.9425607919692993,0.9940198659896851
side_person17.mp4,side,192,6400,30.0,848,478,30,right_heel,0.5193929076194763,0.8841556906700134,0.29037508368492126,0.6513304114341736,0.9970711469650269
side_person17.mp4,side,192,6400,30.0,848,478,31,left_foot_index,0.4598762094974518,0.9259220957756042,-0.040547311305999756,0.9302036166191101,0.9957717061042786
side_person17.mp4,side,192,6400,30.0,848,478,32,right_foot_index,0.4680213928222656,0.87701815366745,0.2376547008752823,0.6665252447128296,0.9983677268028259
side_person17.mp4,side,193,6433,30.0,848,478,0,nose,0.4740222990512848,0.14489851891994476,-0.04639202356338501,0.9990636110305786,0.9995782971382141
side_person17.mp4,side,193,6433,30.0,848,478,1,left_eye_inner,0.4779646098613739,0.12445865571498871,-0.06876051425933838,0.9990189075469971,0.9993739724159241
side_person17.mp4,side,193,6433,30.0,848,478,2,left_eye,0.47943997383117676,0.12368795275688171,-0.06879829615354538,0.9989627003669739,0.9993334412574768
side_person17.mp4,side,193,6433,30.0,848,478,3,left_eye_outer,0.4810636341571808,0.1230410635471344,-0.06878117471933365,0.9991885423660278,0.9992483258247375
side_person17.mp4,side,193,6433,30.0,848,478,4,right_eye_inner,0.47746849060058594,0.12455523014068604,-0.03289730101823807,0.998829185962677,0.9994584918022156
side_person17.mp4,side,193,6433,30.0,848,478,5,right_eye,0.4784897267818451,0.12379689514636993,-0.03287361189723015,0.9986770153045654,0.9994593262672424
side_person17.mp4,side,193,6433,30.0,848,478,6,right_eye_outer,0.4797435998916626,0.12304060906171799,-0.03290459141135216,0.9991575479507446,0.999441921710968
side_person17.mp4,side,193,6433,30.0,848,478,7,left_ear,0.49600949883461,0.12702907621860504,-0.1207205057144165,0.9984158277511597,0.9991933703422546
side_person17.mp4,side,193,6433,30.0,848,478,8,right_ear,0.4945596754550934,0.1265578269958496,0.03907541185617447,0.9984993934631348,0.9993694424629211
side_person17.mp4,side,193,6433,30.0,848,478,9,mouth_left,0.4802227020263672,0.16041719913482666,-0.06185071915388107,0.9985654354095459,0.9996050000190735
side_person17.mp4,side,193,6433,30.0,848,478,10,mouth_right,0.4796106815338135,0.1617611199617386,-0.015158875845372677,0.997940182685852,0.9996390342712402
side_person17.mp4,side,193,6433,30.0,848,478,11,left_shoulder,0.5122205018997192,0.20971077680587769,-0.21850791573524475,0.9995917081832886,0.9992133378982544
side_person17.mp4,side,193,6433,30.0,848,478,12,right_shoulder,0.5115934610366821,0.22988209128379822,0.15860846638679504,0.9984816908836365,0.9991304278373718
side_person17.mp4,side,193,6433,30.0,848,478,13,left_elbow,0.42043235898017883,0.2299230396747589,-0.2904655337333679,0.9907342195510864,0.9994358420372009
side_person17.mp4,side,193,6433,30.0,848,478,14,right_elbow,0.4381832480430603,0.26544979214668274,0.19583794474601746,0.43503785133361816,0.9996960163116455
side_person17.mp4,side,193,6433,30.0,848,478,15,left_wrist,0.3499748408794403,0.22749187052249908,-0.2676776945590973,0.9766519665718079,0.9989546537399292
side_person17.mp4,side,193,6433,30.0,848,478,16,right_wrist,0.36508527398109436,0.260972797870636,0.10536825656890869,0.5650843381881714,0.9993867874145508
side_person17.mp4,side,193,6433,30.0,848,478,17,left_pinky,0.32849642634391785,0.21887722611427307,-0.3138306438922882,0.9621089100837708,0.9988530874252319
side_person17.mp4,side,193,6433,30.0,848,478,18,right_pinky,0.35153597593307495,0.25708845257759094,0.1052679568529129,0.5414189696311951,0.999262273311615
side_person17.mp4,side,193,6433,30.0,848,478,19,left_index,0.32875141501426697,0.2171930968761444,-0.2865500748157501,0.9582483172416687,0.9987723231315613
side_person17.mp4,side,193,6433,30.0,848,478,20,right_index,0.348643034696579,0.2550399601459503,0.0648193284869194,0.5609362125396729,0.9991496801376343
side_person17.mp4,side,193,6433,30.0,848,478,21,left_thumb,0.33568274974823,0.2241009771823883,-0.25782617926597595,0.9368250370025635,0.9988151788711548
side_person17.mp4,side,193,6433,30.0,848,478,22,right_thumb,0.35144349932670593,0.25649186968803406,0.0845368504524231,0.5813701748847961,0.9991994500160217
side_person17.mp4,side,193,6433,30.0,848,478,23,left_hip,0.5352831482887268,0.4876552224159241,-0.11680632829666138,0.9981346130371094,0.9978860020637512
side_person17.mp4,side,193,6433,30.0,848,478,24,right_hip,0.5279181003570557,0.4879223108291626,0.11670684814453125,0.9959986805915833,0.9972372055053711
side_person17.mp4,side,193,6433,30.0,848,478,25,left_knee,0.5095567107200623,0.6909788846969604,-0.05587269365787506,0.8925012350082397,0.9991542100906372
side_person17.mp4,side,193,6433,30.0,848,478,26,right_knee,0.508176863193512,0.6788338422775269,0.18649311363697052,0.21669524908065796,0.9986692667007446
side_person17.mp4,side,193,6433,30.0,848,478,27,left_ankle,0.5076187252998352,0.8902625441551208,0.035818565636873245,0.9439945220947266,0.9967137575149536
side_person17.mp4,side,193,6433,30.0,848,478,28,right_ankle,0.5096800923347473,0.854137122631073,0.293946772813797,0.4440982937812805,0.9983766078948975
side_person17.mp4,side,193,6433,30.0,848,478,29,left_heel,0.5188143253326416,0.9237999320030212,0.04081776738166809,0.942503035068512,0.9935718774795532
side_person17.mp4,side,193,6433,30.0,848,478,30,right_heel,0.5188758969306946,0.8846375942230225,0.30308833718299866,0.6505927443504333,0.9969968795776367
side_person17.mp4,side,193,6433,30.0,848,478,31,left_foot_index,0.46081042289733887,0.9260026812553406,-0.03522058203816414,0.9296424388885498,0.9955255389213562
side_person17.mp4,side,193,6433,30.0,848,478,32,right_foot_index,0.4679647982120514,0.8784851431846619,0.24697630107402802,0.6643595695495605,0.9983160495758057
side_person17.mp4,side,194,6467,30.0,848,478,0,nose,0.47299471497535706,0.14706622064113617,-0.05292534455657005,0.998917281627655,0.9989915490150452
side_person17.mp4,side,194,6467,30.0,848,478,1,left_eye_inner,0.4769245684146881,0.12653349339962006,-0.07505838572978973,0.9988572597503662,0.9986189603805542
side_person17.mp4,side,194,6467,30.0,848,478,2,left_eye,0.4784395396709442,0.12577691674232483,-0.0750967413187027,0.9988020062446594,0.9985265731811523
side_person17.mp4,side,194,6467,30.0,848,478,3,left_eye_outer,0.48009824752807617,0.1251283437013626,-0.07507490366697311,0.9990506172180176,0.9983548521995544
side_person17.mp4,side,194,6467,30.0,848,478,4,right_eye_inner,0.4763544797897339,0.12652982771396637,-0.03934798017144203,0.9986289739608765,0.9988265633583069
side_person17.mp4,side,194,6467,30.0,848,478,5,right_eye,0.47735753655433655,0.12574146687984467,-0.03933829814195633,0.9984697699546814,0.9988546371459961
side_person17.mp4,side,194,6467,30.0,848,478,6,right_eye_outer,0.47859838604927063,0.12494567036628723,-0.03938429802656174,0.999016284942627,0.9988417029380798
side_person17.mp4,side,194,6467,30.0,848,478,7,left_ear,0.49528175592422485,0.12916092574596405,-0.1264808624982834,0.998149573802948,0.9982268214225769
side_person17.mp4,side,194,6467,30.0,848,478,8,right_ear,0.49369052052497864,0.12851281464099884,0.03271679952740669,0.9982430934906006,0.9986955523490906
side_person17.mp4,side,194,6467,30.0,848,478,9,mouth_left,0.4793607294559479,0.16253447532653809,-0.06839997321367264,0.9983866214752197,0.9991788268089294
side_person17.mp4,side,194,6467,30.0,848,478,10,mouth_right,0.47864845395088196,0.16385537385940552,-0.02186746895313263,0.9976699352264404,0.999245285987854
side_person17.mp4,side,194,6467,30.0,848,478,11,left_shoulder,0.5121561288833618,0.21040406823158264,-0.22280564904212952,0.9995916485786438,0.9986458420753479
side_person17.mp4,side,194,6467,30.0,848,478,12,right_shoulder,0.510446310043335,0.2302800714969635,0.15170809626579285,0.9984260201454163,0.998661994934082
side_person17.mp4,side,194,6467,30.0,848,478,13,left_elbow,0.42041435837745667,0.23297151923179626,-0.29620999097824097,0.990729570388794,0.999226450920105
side_person17.mp4,side,194,6467,30.0,848,478,14,right_elbow,0.43791308999061584,0.2666536569595337,0.18956317007541656,0.4343751072883606,0.9995641112327576
side_person17.mp4,side,194,6467,30.0,848,478,15,left_wrist,0.34977275133132935,0.23160061240196228,-0.28134745359420776,0.9768691658973694,0.9985650181770325
side_person17.mp4,side,194,6467,30.0,848,478,16,right_wrist,0.36368346214294434,0.26393723487854004,0.09957323968410492,0.5651734471321106,0.998981773853302
side_person17.mp4,side,194,6467,30.0,848,478,17,left_pinky,0.32779815793037415,0.22287745773792267,-0.3281030058860779,0.9625625610351562,0.9983829259872437
side_person17.mp4,side,194,6467,30.0,848,478,18,right_pinky,0.3501307964324951,0.25955528020858765,0.09966737031936646,0.5418297052383423,0.9987743496894836
side_person17.mp4,side,194,6467,30.0,848,478,19,left_index,0.3275170922279358,0.21972395479679108,-0.30161619186401367,0.9587056636810303,0.9982174038887024
side_person17.mp4,side,194,6467,30.0,848,478,20,right_index,0.3465286195278168,0.25723138451576233,0.05918262526392937,0.561436116695404,0.9985359907150269
side_person17.mp4,side,194,6467,30.0,848,478,21,left_thumb,0.3341282904148102,0.22568188607692719,-0.2720380127429962,0.9373175501823425,0.9983012080192566
side_person17.mp4,side,194,6467,30.0,848,478,22,right_thumb,0.3504798710346222,0.25893133878707886,0.07875528931617737,0.5823135375976562,0.9986063838005066
side_person17.mp4,side,194,6467,30.0,848,478,23,left_hip,0.5387276411056519,0.48859259486198425,-0.11682974547147751,0.9980786442756653,0.9978400468826294
side_person17.mp4,side,194,6467,30.0,848,478,24,right_hip,0.5291885733604431,0.48827439546585083,0.11673259735107422,0.9957735538482666,0.9971203804016113
side_person17.mp4,side,194,6467,30.0,848,478,25,left_knee,0.5098121166229248,0.6912482976913452,-0.058398570865392685,0.8912853002548218,0.9990938901901245
side_person17.mp4,side,194,6467,30.0,848,478,26,right_knee,0.5050517916679382,0.6777060031890869,0.1914471685886383,0.2092057317495346,0.9982122182846069
side_person17.mp4,side,194,6467,30.0,848,478,27,left_ankle,0.5077232718467712,0.8903449773788452,0.0271187461912632,0.9428528547286987,0.9960340857505798
side_person17.mp4,side,194,6467,30.0,848,478,28,right_ankle,0.5086959004402161,0.8529806733131409,0.30579692125320435,0.433197021484375,0.9979921579360962
side_person17.mp4,side,194,6467,30.0,848,478,29,left_heel,0.518809974193573,0.9248919486999512,0.03100314736366272,0.9413144588470459,0.9924390316009521
side_person17.mp4,side,194,6467,30.0,848,478,30,right_heel,0.5163799524307251,0.882235050201416,0.31555381417274475,0.6425484418869019,0.9966313242912292
side_person17.mp4,side,194,6467,30.0,848,478,31,left_foot_index,0.46261096000671387,0.9271349906921387,-0.04902605712413788,0.9282948970794678,0.9946356415748596
side_person17.mp4,side,194,6467,30.0,848,478,32,right_foot_index,0.4678754210472107,0.8780258893966675,0.26008719205856323,0.6566162705421448,0.9982287287712097
side_person17.mp4,side,195,6500,30.0,848,478,0,nose,0.47141414880752563,0.1511445790529251,-0.05722489580512047,0.9987843632698059,0.9989104270935059
side_person17.mp4,side,195,6500,30.0,848,478,1,left_eye_inner,0.47528186440467834,0.13060161471366882,-0.07902713865041733,0.9987162947654724,0.9985061287879944
side_person17.mp4,side,195,6500,30.0,848,478,2,left_eye,0.4767117500305176,0.12979690730571747,-0.07906078547239304,0.9986588358879089,0.9984083771705627
side_person17.mp4,side,195,6500,30.0,848,478,3,left_eye_outer,0.47829943895339966,0.12909579277038574,-0.07904013991355896,0.9989252686500549,0.998221218585968
side_person17.mp4,side,195,6500,30.0,848,478,4,right_eye_inner,0.47481587529182434,0.13064062595367432,-0.04335269331932068,0.9984527230262756,0.9987366795539856
side_person17.mp4,side,195,6500,30.0,848,478,5,right_eye,0.47582823038101196,0.12983675301074982,-0.043343961238861084,0.9982938170433044,0.9987683892250061
side_person17.mp4,side,195,6500,30.0,848,478,6,right_eye_outer,0.47709113359451294,0.12901321053504944,-0.04339033365249634,0.9988992214202881,0.9987523555755615
side_person17.mp4,side,195,6500,30.0,848,478,7,left_ear,0.4934510588645935,0.13284455239772797,-0.12978525459766388,0.9979003071784973,0.9980841875076294
side_person17.mp4,side,195,6500,30.0,848,478,8,right_ear,0.4921599328517914,0.1326206922531128,0.029147351160645485,0.9980286955833435,0.9986121654510498
side_person17.mp4,side,195,6500,30.0,848,478,9,mouth_left,0.47795090079307556,0.1661922186613083,-0.07254736870527267,0.9982054233551025,0.9990586638450623
side_person17.mp4,side,195,6500,30.0,848,478,10,mouth_right,0.47739148139953613,0.1674956977367401,-0.026090439409017563,0.9974343180656433,0.9991610050201416
side_person17.mp4,side,195,6500,30.0,848,478,11,left_shoulder,0.5103040933609009,0.2121623307466507,-0.22561708092689514,0.9995846152305603,0.998236894607544
side_person17.mp4,side,195,6500,30.0,848,478,12,right_shoulder,0.5102889537811279,0.2310808300971985,0.14775754511356354,0.998376190662384,0.9984768033027649
side_person17.mp4,side,195,6500,30.0,848,478,13,left_elbow,0.418293297290802,0.23782746493816376,-0.2975007891654968,0.9906870722770691,0.9990008473396301
side_person17.mp4,side,195,6500,30.0,848,478,14,right_elbow,0.4379108250141144,0.26953959465026855,0.1821211725473404,0.43127527832984924,0.999455988407135
side_person17.mp4,side,195,6500,30.0,848,478,15,left_wrist,0.3471461236476898,0.23728767037391663,-0.2812008857727051,0.9769098162651062,0.9981182813644409
side_person17.mp4,side,195,6500,30.0,848,478,16,right_wrist,0.3624982237815857,0.2676791548728943,0.08795006573200226,0.5604357123374939,0.9986782670021057
side_person17.mp4,side,195,6500,30.0,848,478,17,left_pinky,0.3250238299369812,0.22681824862957,-0.32880333065986633,0.9627092480659485,0.9978945851325989
side_person17.mp4,side,195,6500,30.0,848,478,18,right_pinky,0.3497496545314789,0.26344093680381775,0.08720457553863525,0.5380567908287048,0.9984203577041626
side_person17.mp4,side,195,6500,30.0,848,478,19,left_index,0.324849933385849,0.2230547070503235,-0.3017916679382324,0.9588218331336975,0.997697651386261
side_person17.mp4,side,195,6500,30.0,848,478,20,right_index,0.3465202748775482,0.26178428530693054,0.04620550572872162,0.5576685667037964,0.998144268989563
side_person17.mp4,side,195,6500,30.0,848,478,21,left_thumb,0.33119720220565796,0.22900529205799103,-0.27181416749954224,0.9373820424079895,0.9978122711181641
side_person17.mp4,side,195,6500,30.0,848,478,22,right_thumb,0.3501674234867096,0.2635394036769867,0.06692983210086823,0.5791142582893372,0.9982070922851562
side_person17.mp4,side,195,6500,30.0,848,478,23,left_hip,0.5406562685966492,0.4898878037929535,-0.11727474629878998,0.9979394674301147,0.9966427087783813
side_person17.mp4,side,195,6500,30.0,848,478,24,right_hip,0.5320945382118225,0.4884573221206665,0.1171882227063179,0.9954289793968201,0.9960221648216248
side_person17.mp4,side,195,6500,30.0,848,478,25,left_knee,0.5100622177124023,0.6925988793373108,-0.05503580719232559,0.8903894424438477,0.9982341527938843
side_person17.mp4,side,195,6500,30.0,848,478,26,right_knee,0.5051224231719971,0.6776496171951294,0.19181424379348755,0.2017168551683426,0.9970898628234863
side_person17.mp4,side,195,6500,30.0,848,478,27,left_ankle,0.5073845982551575,0.8908584713935852,0.041059594601392746,0.9404566884040833,0.992854654788971
side_person17.mp4,side,195,6500,30.0,848,478,28,right_ankle,0.508499264717102,0.8526248335838318,0.30575618147850037,0.4205879271030426,0.996198832988739
side_person17.mp4,side,195,6500,30.0,848,478,29,left_heel,0.5187142491340637,0.92708420753479,0.04648946225643158,0.9390022158622742,0.9873982667922974
side_person17.mp4,side,195,6500,30.0,848,478,30,right_heel,0.5154137015342712,0.8819231986999512,0.31540682911872864,0.6328901648521423,0.9936941266059875
side_person17.mp4,side,195,6500,30.0,848,478,31,left_foot_index,0.4620020091533661,0.9262458682060242,-0.029074693098664284,0.9250929951667786,0.9918063879013062
side_person17.mp4,side,195,6500,30.0,848,478,32,right_foot_index,0.46673232316970825,0.8773624300956726,0.258405476808548,0.6450111269950867,0.9967933297157288
side_person17.mp4,side,196,6533,30.0,848,478,0,nose,0.46931350231170654,0.15827074646949768,-0.08982190489768982,0.998643159866333,0.9989268183708191
side_person17.mp4,side,196,6533,30.0,848,478,1,left_eye_inner,0.47307825088500977,0.13713718950748444,-0.11189355701208115,0.9985853433609009,0.998708963394165
side_person17.mp4,side,196,6533,30.0,848,478,2,left_eye,0.47451528906822205,0.13630567491054535,-0.11192396283149719,0.998540461063385,0.9986600875854492
side_person17.mp4,side,196,6533,30.0,848,478,3,left_eye_outer,0.47613653540611267,0.1356014907360077,-0.11190995573997498,0.9988195300102234,0.9985501170158386
side_person17.mp4,side,196,6533,30.0,848,478,4,right_eye_inner,0.47264498472213745,0.1371975690126419,-0.07584372907876968,0.9982783794403076,0.9988338351249695
side_person17.mp4,side,196,6533,30.0,848,478,5,right_eye,0.47370967268943787,0.13636568188667297,-0.07583010941743851,0.9981213212013245,0.998853325843811
side_person17.mp4,side,196,6533,30.0,848,478,6,right_eye_outer,0.4750545918941498,0.135503888130188,-0.07587162405252457,0.9987705945968628,0.9988297820091248
side_person17.mp4,side,196,6533,30.0,848,478,7,left_ear,0.4913080632686615,0.13895007967948914,-0.16124065220355988,0.9977009296417236,0.9984814524650574
side_person17.mp4,side,196,6533,30.0,848,478,8,right_ear,0.4901010990142822,0.13868187367916107,-0.0004575058410409838,0.9977840781211853,0.9986774325370789
side_person17.mp4,side,196,6533,30.0,848,478,9,mouth_left,0.47611096501350403,0.17315804958343506,-0.1045440286397934,0.9980738759040833,0.999136745929718
side_person17.mp4,side,196,6533,30.0,848,478,10,mouth_right,0.47560930252075195,0.17446762323379517,-0.05753035098314285,0.997202455997467,0.9991666078567505
side_person17.mp4,side,196,6533,30.0,848,478,11,left_shoulder,0.5098652839660645,0.21608738601207733,-0.25262176990509033,0.9995834231376648,0.9985692501068115
side_person17.mp4,side,196,6533,30.0,848,478,12,right_shoulder,0.5090176463127136,0.23460406064987183,0.12293204665184021,0.9982526898384094,0.9983152151107788
side_person17.mp4,side,196,6533,30.0,848,478,13,left_elbow,0.41829925775527954,0.24601386487483978,-0.3248872458934784,0.9907196164131165,0.9990690350532532
side_person17.mp4,side,196,6533,30.0,848,478,14,right_elbow,0.4377710521221161,0.2752147912979126,0.1589319258928299,0.42277806997299194,0.9993230104446411
side_person17.mp4,side,196,6533,30.0,848,478,15,left_wrist,0.3465934693813324,0.2439466267824173,-0.3096180558204651,0.9768348932266235,0.9982903599739075
side_person17.mp4,side,196,6533,30.0,848,478,16,right_wrist,0.36150434613227844,0.27228957414627075,0.05904144048690796,0.5499420762062073,0.9984861016273499
side_person17.mp4,side,196,6533,30.0,848,478,17,left_pinky,0.3232358992099762,0.23212486505508423,-0.35995203256607056,0.9626433849334717,0.9981318116188049
side_person17.mp4,side,196,6533,30.0,848,478,18,right_pinky,0.3491751253604889,0.2686880826950073,0.055879849940538406,0.5295409560203552,0.9982951283454895
side_person17.mp4,side,196,6533,30.0,848,478,19,left_index,0.32341840863227844,0.2282550185918808,-0.3336978554725647,0.9587494730949402,0.997962236404419
side_person17.mp4,side,196,6533,30.0,848,478,20,right_index,0.346311092376709,0.267582505941391,0.014143354259431362,0.5493193864822388,0.9979872703552246
side_person17.mp4,side,196,6533,30.0,848,478,21,left_thumb,0.33024561405181885,0.23528407514095306,-0.3007947504520416,0.9369778633117676,0.9980453252792358
side_person17.mp4,side,196,6533,30.0,848,478,22,right_thumb,0.34966760873794556,0.2692839801311493,0.03738110139966011,0.5712255835533142,0.9980385899543762
side_person17.mp4,side,196,6533,30.0,848,478,23,left_hip,0.5442029237747192,0.49147582054138184,-0.11819115281105042,0.9978961944580078,0.9977551102638245
side_person17.mp4,side,196,6533,30.0,848,478,24,right_hip,0.5341490507125854,0.4888238310813904,0.11812419444322586,0.9950956702232361,0.9967255592346191
side_person17.mp4,side,196,6533,30.0,848,478,25,left_knee,0.5117231607437134,0.6926084160804749,-0.05038471892476082,0.8922073841094971,0.9992469549179077
side_person17.mp4,side,196,6533,30.0,848,478,26,right_knee,0.5037043690681458,0.6727190613746643,0.21494127810001373,0.19699016213417053,0.9981487989425659
side_person17.mp4,side,196,6533,30.0,848,478,27,left_ankle,0.5064238905906677,0.8909489512443542,0.043997589498758316,0.9412803649902344,0.9966268539428711
side_person17.mp4,side,196,6533,30.0,848,478,28,right_ankle,0.5058776140213013,0.8502806425094604,0.3492821455001831,0.4147859513759613,0.998222291469574
side_person17.mp4,side,196,6533,30.0,848,478,29,left_heel,0.5183345675468445,0.9273465275764465,0.04872310534119606,0.9393098950386047,0.9935925602912903
side_person17.mp4,side,196,6533,30.0,848,478,30,right_heel,0.5154385566711426,0.8830979466438293,0.3609580993652344,0.629185140132904,0.997139573097229
side_person17.mp4,side,196,6533,30.0,848,478,31,left_foot_index,0.4607783854007721,0.9257698655128479,-0.03247123211622238,0.9256688952445984,0.9953945279121399
side_person17.mp4,side,196,6533,30.0,848,478,32,right_foot_index,0.4646885097026825,0.8738824129104614,0.30505040287971497,0.6420823931694031,0.9985843896865845
side_person17.mp4,side,197,6567,30.0,848,478,0,nose,0.4674006402492523,0.1676672250032425,-0.07588249444961548,0.9985435605049133,0.9991369843482971
side_person17.mp4,side,197,6567,30.0,848,478,1,left_eye_inner,0.4707077443599701,0.14632149040699005,-0.09804249554872513,0.9984827041625977,0.998924195766449
side_person17.mp4,side,197,6567,30.0,848,478,2,left_eye,0.4721796214580536,0.14538626372814178,-0.09807214885950089,0.9984501004219055,0.9988904595375061
side_person17.mp4,side,197,6567,30.0,848,478,3,left_eye_outer,0.4737919569015503,0.14456786215305328,-0.09805312007665634,0.9987406730651855,0.9987918734550476
side_person17.mp4,side,197,6567,30.0,848,478,4,right_eye_inner,0.47024625539779663,0.14637111127376556,-0.06229257211089134,0.9981470108032227,0.9990346431732178
side_person17.mp4,side,197,6567,30.0,848,478,5,right_eye,0.47130268812179565,0.14542952179908752,-0.062284570187330246,0.9979904294013977,0.9990437626838684
side_person17.mp4,side,197,6567,30.0,848,478,6,right_eye_outer,0.47259244322776794,0.14447073638439178,-0.06232433766126633,0.9986716508865356,0.9990251064300537
side_person17.mp4,side,197,6567,30.0,848,478,7,left_ear,0.4892493784427643,0.14680351316928864,-0.14862266182899475,0.9975780844688416,0.9986907839775085
side_person17.mp4,side,197,6567,30.0,848,478,8,right_ear,0.4877295196056366,0.1464260071516037,0.010711047798395157,0.997637927532196,0.9988635778427124
side_person17.mp4,side,197,6567,30.0,848,478,9,mouth_left,0.4743019938468933,0.18261368572711945,-0.09086891263723373,0.997978687286377,0.9992086291313171
side_person17.mp4,side,197,6567,30.0,848,478,10,mouth_right,0.4736801087856293,0.18384140729904175,-0.04430471733212471,0.9970139265060425,0.9992285966873169
side_person17.mp4,side,197,6567,30.0,848,478,11,left_shoulder,0.5093666911125183,0.22323913872241974,-0.24315926432609558,0.9995798468589783,0.998285710811615
side_person17.mp4,side,197,6567,30.0,848,478,12,right_shoulder,0.5076653957366943,0.24172493815422058,0.13220073282718658,0.9981573224067688,0.9981257319450378
side_person17.mp4,side,197,6567,30.0,848,478,13,left_elbow,0.41820767521858215,0.2554616928100586,-0.3142089247703552,0.9907241463661194,0.9989124536514282
side_person17.mp4,side,197,6567,30.0,848,478,14,right_elbow,0.4370235800743103,0.28168022632598877,0.16773684322834015,0.421802282333374,0.9992966651916504
side_person17.mp4,side,197,6567,30.0,848,478,15,left_wrist,0.34553879499435425,0.2521158754825592,-0.3028852343559265,0.9768890142440796,0.9978572726249695
side_person17.mp4,side,197,6567,30.0,848,478,16,right_wrist,0.3615345358848572,0.2810305655002594,0.07377922534942627,0.5487728118896484,0.9983878135681152
side_person17.mp4,side,197,6567,30.0,848,478,17,left_pinky,0.32335755228996277,0.24330031871795654,-0.3520841896533966,0.962708055973053,0.9975932240486145
side_person17.mp4,side,197,6567,30.0,848,478,18,right_pinky,0.34903842210769653,0.27827903628349304,0.07211465388536453,0.5291889309883118,0.9980884194374084
side_person17.mp4,side,197,6567,30.0,848,478,19,left_index,0.3233499228954315,0.23930250108242035,-0.32513856887817383,0.9587239623069763,0.9974868297576904
side_person17.mp4,side,197,6567,30.0,848,478,20,right_index,0.3459888994693756,0.2766086161136627,0.03163280338048935,0.5492883324623108,0.9977885484695435
side_person17.mp4,side,197,6567,30.0,848,478,21,left_thumb,0.3300859332084656,0.24522235989570618,-0.2939569056034088,0.9367349147796631,0.9975977540016174
side_person17.mp4,side,197,6567,30.0,848,478,22,right_thumb,0.34948745369911194,0.2772848308086395,0.05276574566960335,0.5715815424919128,0.9979081153869629
side_person17.mp4,side,197,6567,30.0,848,478,23,left_hip,0.5474662780761719,0.49382397532463074,-0.11762575805187225,0.9977829456329346,0.9965925812721252
side_person17.mp4,side,197,6567,30.0,848,478,24,right_hip,0.5363617539405823,0.49213752150535583,0.11758875101804733,0.9947405457496643,0.995520830154419
side_person17.mp4,side,197,6567,30.0,848,478,25,left_knee,0.5135504603385925,0.6934574246406555,-0.06630232185125351,0.892952024936676,0.9982059001922607
side_person17.mp4,side,197,6567,30.0,848,478,26,right_knee,0.5010555982589722,0.6730380058288574,0.17464220523834229,0.1986808031797409,0.9967918992042542
side_person17.mp4,side,197,6567,30.0,848,478,27,left_ankle,0.505387008190155,0.8913489580154419,0.016645226627588272,0.9406079053878784,0.9903951287269592
side_person17.mp4,side,197,6567,30.0,848,478,28,right_ankle,0.5044335722923279,0.8507043719291687,0.2714252769947052,0.41186216473579407,0.9957045912742615
side_person17.mp4,side,197,6567,30.0,848,478,29,left_heel,0.5163739919662476,0.928463876247406,0.019676461815834045,0.9378219246864319,0.9826148748397827
side_person17.mp4,side,197,6567,30.0,848,478,30,right_heel,0.5117084980010986,0.883524477481842,0.27887165546417236,0.6272650361061096,0.9929260015487671
side_person17.mp4,side,197,6567,30.0,848,478,31,left_foot_index,0.46073117852211,0.9253865480422974,-0.06384816020727158,0.923434317111969,0.987711489200592
side_person17.mp4,side,197,6567,30.0,848,478,32,right_foot_index,0.46358051896095276,0.8754117488861084,0.21800345182418823,0.6361295580863953,0.9956479668617249
side_person17.mp4,side,198,6600,30.0,848,478,0,nose,0.46555861830711365,0.17928695678710938,-0.07556197047233582,0.9984704256057739,0.9991415739059448
side_person17.mp4,side,198,6600,30.0,848,478,1,left_eye_inner,0.4681631028652191,0.15747493505477905,-0.09562759846448898,0.998406171798706,0.9989499449729919
side_person17.mp4,side,198,6600,30.0,848,478,2,left_eye,0.4695713222026825,0.15642957389354706,-0.09563130885362625,0.9983844757080078,0.9989283680915833
side_person17.mp4,side,198,6600,30.0,848,478,3,left_eye_outer,0.4711056053638458,0.1554679423570633,-0.09558726102113724,0.9986884593963623,0.9988351464271545
side_person17.mp4,side,198,6600,30.0,848,478,4,right_eye_inner,0.46784231066703796,0.1574660688638687,-0.061622124165296555,0.9980536103248596,0.9990395903587341
side_person17.mp4,side,198,6600,30.0,848,478,5,right_eye,0.46892714500427246,0.1563844382762909,-0.061656653881073,0.997893214225769,0.9990445971488953
side_person17.mp4,side,198,6600,30.0,848,478,6,right_eye_outer,0.47022390365600586,0.15523654222488403,-0.061678458005189896,0.9986001253128052,0.9990279674530029
side_person17.mp4,side,198,6600,30.0,848,478,7,left_ear,0.48634350299835205,0.15649168193340302,-0.14341266453266144,0.9975010752677917,0.9987714886665344
side_person17.mp4,side,198,6600,30.0,848,478,8,right_ear,0.4851476550102234,0.15564636886119843,0.011212579905986786,0.9975494742393494,0.9989101886749268
side_person17.mp4,side,198,6600,30.0,848,478,9,mouth_left,0.472514271736145,0.1938377469778061,-0.08822949975728989,0.9979209899902344,0.9992233514785767
side_person17.mp4,side,198,6600,30.0,848,478,10,mouth_right,0.4720398485660553,0.19496886432170868,-0.04394826292991638,0.9968764781951904,0.9992364645004272
side_person17.mp4,side,198,6600,30.0,848,478,11,left_shoulder,0.5087488293647766,0.23190785944461823,-0.24010537564754486,0.9995801448822021,0.9985264539718628
side_person17.mp4,side,198,6600,30.0,848,478,12,right_shoulder,0.5075535178184509,0.24867810308933258,0.1323763132095337,0.9980869889259338,0.9982225298881531
side_person17.mp4,side,198,6600,30.0,848,478,13,left_elbow,0.41801995038986206,0.2634054124355316,-0.30898037552833557,0.9906493425369263,0.9990218877792358
side_person17.mp4,side,198,6600,30.0,848,478,14,right_elbow,0.43693557381629944,0.2864392399787903,0.17671097815036774,0.41502541303634644,0.9993342757225037
side_person17.mp4,side,198,6600,30.0,848,478,15,left_wrist,0.3440273106098175,0.260122686624527,-0.29507625102996826,0.9761841893196106,0.9980286955833435
side_person17.mp4,side,198,6600,30.0,848,478,16,right_wrist,0.3618626594543457,0.28789108991622925,0.07539370656013489,0.540216863155365,0.9983718991279602
side_person17.mp4,side,198,6600,30.0,848,478,17,left_pinky,0.32333120703697205,0.2550566494464874,-0.34291359782218933,0.9615674018859863,0.9978193044662476
side_person17.mp4,side,198,6600,30.0,848,478,18,right_pinky,0.34925132989883423,0.28571122884750366,0.07251585274934769,0.5223622918128967,0.9980700612068176
side_person17.mp4,side,198,6600,30.0,848,478,19,left_index,0.3230420649051666,0.25064635276794434,-0.31651875376701355,0.9573880434036255,0.9977401494979858
side_person17.mp4,side,198,6600,30.0,848,478,20,right_index,0.3467852771282196,0.28388166427612305,0.03275902196764946,0.5430052876472473,0.9977524876594543
side_person17.mp4,side,198,6600,30.0,848,478,21,left_thumb,0.3298569917678833,0.2554086446762085,-0.28608378767967224,0.9346048831939697,0.9978323578834534
side_person17.mp4,side,198,6600,30.0,848,478,22,right_thumb,0.3499637544155121,0.2851962745189667,0.054069411009550095,0.5655328631401062,0.9978790283203125
side_person17.mp4,side,198,6600,30.0,848,478,23,left_hip,0.5504647493362427,0.49915704131126404,-0.11696561425924301,0.9978104829788208,0.9981034994125366
side_person17.mp4,side,198,6600,30.0,848,478,24,right_hip,0.5377191305160522,0.49925488233566284,0.11694011837244034,0.9947527050971985,0.9971883893013
side_person17.mp4,side,198,6600,30.0,848,478,25,left_knee,0.5180091261863708,0.6970116496086121,-0.07079892605543137,0.8924471139907837,0.9985517859458923
side_person17.mp4,side,198,6600,30.0,848,478,26,right_knee,0.4974575340747833,0.6746183037757874,0.16378538310527802,0.2030870020389557,0.9973375201225281
side_person17.mp4,side,198,6600,30.0,848,478,27,left_ankle,0.5053696036338806,0.8932477831840515,0.0068985531106591225,0.9397640824317932,0.9910017848014832
side_person17.mp4,side,198,6600,30.0,848,478,28,right_ankle,0.5031586289405823,0.8548527359962463,0.2647821009159088,0.41172051429748535,0.9966352581977844
side_person17.mp4,side,198,6600,30.0,848,478,29,left_heel,0.5159180164337158,0.9299287796020508,0.009643666446208954,0.9354504346847534,0.984115481376648
side_person17.mp4,side,198,6600,30.0,848,478,30,right_heel,0.5091203451156616,0.8848508596420288,0.2730741500854492,0.6274972558021545,0.9946979284286499
side_person17.mp4,side,198,6600,30.0,848,478,31,left_foot_index,0.4610649645328522,0.9253587126731873,-0.07121685892343521,0.9211437106132507,0.9876911640167236
side_person17.mp4,side,198,6600,30.0,848,478,32,right_foot_index,0.46264511346817017,0.8831488490104675,0.21730048954486847,0.632211446762085,0.9964145421981812
side_person17.mp4,side,199,6633,30.0,848,478,0,nose,0.46382057666778564,0.19054798781871796,-0.07297813892364502,0.9983701705932617,0.9987120628356934
side_person17.mp4,side,199,6633,30.0,848,478,1,left_eye_inner,0.4658950865268707,0.16858945786952972,-0.09443944692611694,0.9982808232307434,0.9984538555145264
side_person17.mp4,side,199,6633,30.0,848,478,2,left_eye,0.46727943420410156,0.167398601770401,-0.09448041021823883,0.9982722997665405,0.9984400868415833
side_person17.mp4,side,199,6633,30.0,848,478,3,left_eye_outer,0.46885374188423157,0.166278675198555,-0.09446892887353897,0.9986063241958618,0.9983360171318054
side_person17.mp4,side,199,6633,30.0,848,478,4,right_eye_inner,0.4656132161617279,0.16867947578430176,-0.05926907807588577,0.9978947043418884,0.9985412359237671
side_person17.mp4,side,199,6633,30.0,848,478,5,right_eye,0.4667172431945801,0.16748732328414917,-0.059259526431560516,0.9977263808250427,0.9985424280166626
side_person17.mp4,side,199,6633,30.0,848,478,6,right_eye_outer,0.4680602252483368,0.1662464737892151,-0.059298403561115265,0.9984826445579529,0.9985174536705017
side_person17.mp4,side,199,6633,30.0,848,478,7,left_ear,0.48381081223487854,0.16662229597568512,-0.14365379512310028,0.9973434805870056,0.9982890486717224
side_person17.mp4,side,199,6633,30.0,848,478,8,right_ear,0.4826708137989044,0.16600240767002106,0.014134703204035759,0.9973740577697754,0.9983287453651428
side_person17.mp4,side,199,6633,30.0,848,478,9,mouth_left,0.47091081738471985,0.2053491622209549,-0.08734520524740219,0.9978227615356445,0.9988571405410767
side_person17.mp4,side,199,6633,30.0,848,478,10,mouth_right,0.47040802240371704,0.20638516545295715,-0.041487328708171844,0.9966340661048889,0.9987947940826416
side_person17.mp4,side,199,6633,30.0,848,478,11,left_shoulder,0.5079376101493835,0.24253134429454803,-0.23644691705703735,0.9995661377906799,0.9978760480880737
side_person17.mp4,side,199,6633,30.0,848,478,12,right_shoulder,0.5066004991531372,0.2584744989871979,0.13331986963748932,0.9979435801506042,0.9972777962684631
side_person17.mp4,side,199,6633,30.0,848,478,13,left_elbow,0.41770637035369873,0.2715078592300415,-0.3102096915245056,0.9905741810798645,0.9987637996673584
side_person17.mp4,side,199,6633,30.0,848,478,14,right_elbow,0.4357610046863556,0.2933192551136017,0.17459392547607422,0.4109956920146942,0.9991866946220398
side_person17.mp4,side,199,6633,30.0,848,478,15,left_wrist,0.34272873401641846,0.2696218490600586,-0.2899835705757141,0.9758389592170715,0.9974966645240784
side_person17.mp4,side,199,6633,30.0,848,478,16,right_wrist,0.361651748418808,0.2945300340652466,0.07875598222017288,0.5330021977424622,0.9978036284446716
side_person17.mp4,side,199,6633,30.0,848,478,17,left_pinky,0.3225666284561157,0.2654589116573334,-0.33699870109558105,0.9609135389328003,0.9971737861633301
side_person17.mp4,side,199,6633,30.0,848,478,18,right_pinky,0.3488960266113281,0.29079747200012207,0.07654891908168793,0.516283392906189,0.9973583817481995
side_person17.mp4,side,199,6633,30.0,848,478,19,left_index,0.32208818197250366,0.26061326265335083,-0.310637503862381,0.9566317796707153,0.9971568584442139
side_person17.mp4,side,199,6633,30.0,848,478,20,right_index,0.34615272283554077,0.29009830951690674,0.037377115339040756,0.5372223854064941,0.9969135522842407
side_person17.mp4,side,199,6633,30.0,848,478,21,left_thumb,0.32888859510421753,0.26495328545570374,-0.2809261381626129,0.9333368539810181,0.9972713589668274
side_person17.mp4,side,199,6633,30.0,848,478,22,right_thumb,0.34913790225982666,0.29151639342308044,0.05791621655225754,0.5597675442695618,0.9970766305923462
side_person17.mp4,side,199,6633,30.0,848,478,23,left_hip,0.5533195734024048,0.5079319477081299,-0.11424566060304642,0.9977537989616394,0.9973607659339905
side_person17.mp4,side,199,6633,30.0,848,478,24,right_hip,0.5389063954353333,0.5081004500389099,0.11423284560441971,0.9946554899215698,0.996300458908081
side_person17.mp4,side,199,6633,30.0,848,478,25,left_knee,0.5184381604194641,0.7073069214820862,-0.06450339406728745,0.8928684592247009,0.9977589845657349
side_person17.mp4,side,199,6633,30.0,848,478,26,right_knee,0.49319401383399963,0.6796325445175171,0.15473270416259766,0.21484312415122986,0.996505856513977
side_person17.mp4,side,199,6633,30.0,848,478,27,left_ankle,0.5056624412536621,0.8978790640830994,0.028643768280744553,0.9389191269874573,0.9899489879608154
side_person17.mp4,side,199,6633,30.0,848,478,28,right_ankle,0.5004176497459412,0.8643478155136108,0.26745912432670593,0.41975316405296326,0.9966524243354797
side_person17.mp4,side,199,6633,30.0,848,478,29,left_heel,0.5155661702156067,0.9320253133773804,0.03303919732570648,0.9324640035629272,0.9832609295845032
side_person17.mp4,side,199,6633,30.0,848,478,30,right_heel,0.5059914588928223,0.890794575214386,0.27683764696121216,0.6322790384292603,0.9947697520256042
side_person17.mp4,side,199,6633,30.0,848,478,31,left_foot_index,0.4625365138053894,0.9257281422615051,-0.04632912948727608,0.9190513491630554,0.9873179793357849
side_person17.mp4,side,199,6633,30.0,848,478,32,right_foot_index,0.4623037874698639,0.8928775191307068,0.22137469053268433,0.6342834234237671,0.9961832165718079
side_person17.mp4,side,200,6667,30.0,848,478,0,nose,0.46143531799316406,0.20220302045345306,-0.08345392346382141,0.9982763528823853,0.9979110360145569
side_person17.mp4,side,200,6667,30.0,848,478,1,left_eye_inner,0.4632646143436432,0.1808304339647293,-0.1050417497754097,0.99815833568573,0.9976376295089722
side_person17.mp4,side,200,6667,30.0,848,478,2,left_eye,0.46454358100891113,0.17959946393966675,-0.10510452836751938,0.9981634020805359,0.9976339340209961
side_person17.mp4,side,200,6667,30.0,848,478,3,left_eye_outer,0.46602654457092285,0.17832475900650024,-0.10512017458677292,0.9985284209251404,0.9975347518920898
side_person17.mp4,side,200,6667,30.0,848,478,4,right_eye_inner,0.4631618559360504,0.18087337911128998,-0.06944990903139114,0.9977350234985352,0.9977506995201111
side_person17.mp4,side,200,6667,30.0,848,478,5,right_eye,0.4643102288246155,0.17963050305843353,-0.06942659616470337,0.9975754618644714,0.9977813363075256
side_person17.mp4,side,200,6667,30.0,848,478,6,right_eye_outer,0.4657091498374939,0.17820259928703308,-0.06947120279073715,0.9983807802200317,0.9977699518203735
side_person17.mp4,side,200,6667,30.0,848,478,7,left_ear,0.480715274810791,0.17789602279663086,-0.1530514806509018,0.997185230255127,0.9976624250411987
side_person17.mp4,side,200,6667,30.0,848,478,8,right_ear,0.4799213111400604,0.1770748794078827,0.005991304758936167,0.9972342848777771,0.9977288842201233
side_person17.mp4,side,200,6667,30.0,848,478,9,mouth_left,0.46875467896461487,0.2173319160938263,-0.09788773953914642,0.9977336525917053,0.9984196424484253
side_person17.mp4,side,200,6667,30.0,848,478,10,mouth_right,0.46835261583328247,0.21863017976284027,-0.05143389105796814,0.9964020848274231,0.9983001351356506
side_person17.mp4,side,200,6667,30.0,848,478,11,left_shoulder,0.5065783858299255,0.25062325596809387,-0.24226588010787964,0.9995433688163757,0.9974156618118286
side_person17.mp4,side,200,6667,30.0,848,478,12,right_shoulder,0.5043724179267883,0.2677949368953705,0.12387721985578537,0.9978139996528625,0.997062623500824
side_person17.mp4,side,200,6667,30.0,848,478,13,left_elbow,0.41721639037132263,0.2853582799434662,-0.31562793254852295,0.9899731874465942,0.9982331991195679
side_person17.mp4,side,200,6667,30.0,848,478,14,right_elbow,0.43393224477767944,0.3071693480014801,0.15730737149715424,0.40396106243133545,0.998925507068634
side_person17.mp4,side,200,6667,30.0,848,478,15,left_wrist,0.33650606870651245,0.27740195393562317,-0.28939345479011536,0.9747570157051086,0.9958749413490295
side_person17.mp4,side,200,6667,30.0,848,478,16,right_wrist,0.360516756772995,0.3019546866416931,0.06325127184391022,0.5182856917381287,0.9962431192398071
side_person17.mp4,side,200,6667,30.0,848,478,17,left_pinky,0.31856170296669006,0.27357304096221924,-0.33678022027015686,0.9596052169799805,0.9953905344009399
side_person17.mp4,side,200,6667,30.0,848,478,18,right_pinky,0.3460081219673157,0.2980133295059204,0.05933959037065506,0.5040370225906372,0.9954837560653687
side_person17.mp4,side,200,6667,30.0,848,478,19,left_index,0.3194649815559387,0.26867496967315674,-0.3105798363685608,0.9551883935928345,0.9954099059104919
side_person17.mp4,side,200,6667,30.0,848,478,20,right_index,0.3449093699455261,0.2974008619785309,0.02095450460910797,0.5249138474464417,0.9946411848068237
side_person17.mp4,side,200,6667,30.0,848,478,21,left_thumb,0.32623234391212463,0.27304184436798096,-0.28060638904571533,0.9310469627380371,0.9955295920372009
side_person17.mp4,side,200,6667,30.0,848,478,22,right_thumb,0.34756025671958923,0.2988555133342743,0.04246187210083008,0.5477612018585205,0.9948851466178894
side_person17.mp4,side,200,6667,30.0,848,478,23,left_hip,0.556414008140564,0.5154361724853516,-0.11267263442277908,0.9977238774299622,0.9976688027381897
side_person17.mp4,side,200,6667,30.0,848,478,24,right_hip,0.540269136428833,0.5149816870689392,0.11267409473657608,0.9946085810661316,0.9967678785324097
side_person17.mp4,side,200,6667,30.0,848,478,25,left_knee,0.5181706547737122,0.7192114591598511,-0.05426608398556709,0.8942267894744873,0.9977684020996094
side_person17.mp4,side,200,6667,30.0,848,478,26,right_knee,0.4908658266067505,0.685366690158844,0.1580764353275299,0.22753503918647766,0.9961839318275452
side_person17.mp4,side,200,6667,30.0,848,478,27,left_ankle,0.5068058967590332,0.899357259273529,0.053813379257917404,0.9386736750602722,0.990259051322937
side_person17.mp4,side,200,6667,30.0,848,478,28,right_ankle,0.5005025267601013,0.8667605519294739,0.2753150761127472,0.4289854168891907,0.9969537258148193
side_person17.mp4,side,200,6667,30.0,848,478,29,left_heel,0.5155819654464722,0.9318991303443909,0.059990715235471725,0.9293044209480286,0.9843050837516785
side_person17.mp4,side,200,6667,30.0,848,478,30,right_heel,0.5066477060317993,0.8937469720840454,0.28836590051651,0.6358693838119507,0.9954084753990173
side_person17.mp4,side,200,6667,30.0,848,478,31,left_foot_index,0.46275657415390015,0.9258891344070435,-0.01731698028743267,0.9178470969200134,0.9872259497642517
side_person17.mp4,side,200,6667,30.0,848,478,32,right_foot_index,0.46218937635421753,0.9004873037338257,0.23567813634872437,0.6380942463874817,0.9963253140449524
side_person17.mp4,side,201,6700,30.0,848,478,0,nose,0.46058622002601624,0.21183614432811737,-0.08485238254070282,0.9982662796974182,0.9984772801399231
side_person17.mp4,side,201,6700,30.0,848,478,1,left_eye_inner,0.46242251992225647,0.19060218334197998,-0.1060851663351059,0.9981306791305542,0.9982668161392212
side_person17.mp4,side,201,6700,30.0,848,478,2,left_eye,0.4636908173561096,0.18946446478366852,-0.10614427179098129,0.9981424808502197,0.9982494115829468
side_person17.mp4,side,201,6700,30.0,848,478,3,left_eye_outer,0.4651024043560028,0.18837855756282806,-0.10616050660610199,0.9985209703445435,0.9981743097305298
side_person17.mp4,side,201,6700,30.0,848,478,4,right_eye_inner,0.46228864789009094,0.190581813454628,-0.07090111821889877,0.9977038502693176,0.9983559250831604
side_person17.mp4,side,201,6700,30.0,848,478,5,right_eye,0.4633987843990326,0.18941260874271393,-0.07088232785463333,0.9975524544715881,0.9983627200126648
side_person17.mp4,side,201,6700,30.0,848,478,6,right_eye_outer,0.46472737193107605,0.1880936473608017,-0.07092920690774918,0.9983618259429932,0.9983384609222412
side_person17.mp4,side,201,6700,30.0,848,478,7,left_ear,0.4796636700630188,0.18857645988464355,-0.15341530740261078,0.9971411228179932,0.9980878233909607
side_person17.mp4,side,201,6700,30.0,848,478,8,right_ear,0.4786701202392578,0.18746839463710785,0.00354029075242579,0.9972434639930725,0.9981858134269714
side_person17.mp4,side,201,6700,30.0,848,478,9,mouth_left,0.4677159786224365,0.2268933355808258,-0.0991889014840126,0.9977180361747742,0.9986163377761841
side_person17.mp4,side,201,6700,30.0,848,478,10,mouth_right,0.46731337904930115,0.22828415036201477,-0.053287699818611145,0.9962984323501587,0.9985235333442688
side_person17.mp4,side,201,6700,30.0,848,478,11,left_shoulder,0.506104588508606,0.26037779450416565,-0.24122489988803864,0.9995263814926147,0.9974319338798523
side_person17.mp4,side,201,6700,30.0,848,478,12,right_shoulder,0.5024672746658325,0.2756417691707611,0.11822465062141418,0.9976969957351685,0.9972723126411438
side_person17.mp4,side,201,6700,30.0,848,478,13,left_elbow,0.4171423017978668,0.2953281104564667,-0.3188551366329193,0.9896891117095947,0.9987534284591675
side_person17.mp4,side,201,6700,30.0,848,478,14,right_elbow,0.43211743235588074,0.31357836723327637,0.1489698737859726,0.40086492896080017,0.9992091059684753
side_person17.mp4,side,201,6700,30.0,848,478,15,left_wrist,0.33702296018600464,0.2849400043487549,-0.30027660727500916,0.9747503399848938,0.997238039970398
side_person17.mp4,side,201,6700,30.0,848,478,16,right_wrist,0.35957643389701843,0.3077252209186554,0.056080885231494904,0.5102617740631104,0.9972593784332275
side_person17.mp4,side,201,6700,30.0,848,478,17,left_pinky,0.3189113140106201,0.28370144963264465,-0.3488684296607971,0.9598174691200256,0.9966301321983337
side_person17.mp4,side,201,6700,30.0,848,478,18,right_pinky,0.3447055220603943,0.3061968684196472,0.05208683758974075,0.4979102313518524,0.9966171383857727
side_person17.mp4,side,201,6700,30.0,848,478,19,left_index,0.31961920857429504,0.2783198654651642,-0.3221942186355591,0.9553930759429932,0.9966709017753601
side_person17.mp4,side,201,6700,30.0,848,478,20,right_index,0.34413596987724304,0.30525025725364685,0.013956142589449883,0.5184525847434998,0.9959624409675598
side_person17.mp4,side,201,6700,30.0,848,478,21,left_thumb,0.326384961605072,0.2814672291278839,-0.29173535108566284,0.9312050938606262,0.996840238571167
side_person17.mp4,side,201,6700,30.0,848,478,22,right_thumb,0.34643515944480896,0.3052619993686676,0.03548099100589752,0.5418844223022461,0.9962390661239624
side_person17.mp4,side,201,6700,30.0,848,478,23,left_hip,0.5587562918663025,0.5223880410194397,-0.11176317185163498,0.997795581817627,0.9984264373779297
side_person17.mp4,side,201,6700,30.0,848,478,24,right_hip,0.5408719182014465,0.5215606689453125,0.11176858842372894,0.9947606921195984,0.9980446100234985
side_person17.mp4,side,201,6700,30.0,848,478,25,left_knee,0.5170138478279114,0.7248445153236389,-0.06354094296693802,0.89708012342453,0.9982592463493347
side_person17.mp4,side,201,6700,30.0,848,478,26,right_knee,0.4877942204475403,0.6869271993637085,0.14124755561351776,0.2427341490983963,0.9971135854721069
side_person17.mp4,side,201,6700,30.0,848,478,27,left_ankle,0.5070608854293823,0.9014862775802612,0.044410936534404755,0.939883291721344,0.992009162902832
side_person17.mp4,side,201,6700,30.0,848,478,28,right_ankle,0.5005217790603638,0.8657903075218201,0.2660541832447052,0.43809688091278076,0.9979053735733032
side_person17.mp4,side,201,6700,30.0,848,478,29,left_heel,0.5160491466522217,0.9310526847839355,0.05215122923254967,0.9289907813072205,0.9876486659049988
side_person17.mp4,side,201,6700,30.0,848,478,30,right_heel,0.5071716904640198,0.8937773108482361,0.27791380882263184,0.6412332653999329,0.9969143867492676
side_person17.mp4,side,201,6700,30.0,848,478,31,left_foot_index,0.46264976263046265,0.9271988868713379,-0.025482317432761192,0.9180611371994019,0.9891389012336731
side_person17.mp4,side,201,6700,30.0,848,478,32,right_foot_index,0.4618425965309143,0.8998953700065613,0.23096907138824463,0.6411439180374146,0.9972374439239502
side_person17.mp4,side,202,6733,30.0,848,478,0,nose,0.4593592584133148,0.22444532811641693,-0.09172564744949341,0.9982160329818726,0.9975141286849976
side_person17.mp4,side,202,6733,30.0,848,478,1,left_eye_inner,0.4609321653842926,0.20351602137088776,-0.11367326974868774,0.9980407357215881,0.9972165822982788
side_person17.mp4,side,202,6733,30.0,848,478,2,left_eye,0.46217113733291626,0.20229221880435944,-0.11372452229261398,0.9980628490447998,0.9971739053726196
side_person17.mp4,side,202,6733,30.0,848,478,3,left_eye_outer,0.4635540246963501,0.2010895013809204,-0.11373838037252426,0.9984691143035889,0.997048556804657
side_person17.mp4,side,202,6733,30.0,848,478,4,right_eye_inner,0.4608400762081146,0.20348909497261047,-0.07844027131795883,0.9976012706756592,0.9974381923675537
side_person17.mp4,side,202,6733,30.0,848,478,5,right_eye,0.4619489312171936,0.20222285389900208,-0.07843029499053955,0.9974576234817505,0.9974874258041382
side_person17.mp4,side,202,6733,30.0,848,478,6,right_eye_outer,0.463249146938324,0.2008236199617386,-0.07848240435123444,0.9982948303222656,0.9974839687347412
side_person17.mp4,side,202,6733,30.0,848,478,7,left_ear,0.4778919816017151,0.20030494034290314,-0.1626604050397873,0.9970113039016724,0.9968435764312744
side_person17.mp4,side,202,6733,30.0,848,478,8,right_ear,0.4769989252090454,0.19956235587596893,-0.005455872975289822,0.9971877336502075,0.9973418116569519
side_person17.mp4,side,202,6733,30.0,848,478,9,mouth_left,0.4666026830673218,0.23882956802845,-0.10652819275856018,0.9976436495780945,0.9976845979690552
side_person17.mp4,side,202,6733,30.0,848,478,10,mouth_right,0.4662175476551056,0.2398502230644226,-0.06052891165018082,0.9961094260215759,0.99764084815979
side_person17.mp4,side,202,6733,30.0,848,478,11,left_shoulder,0.5046132802963257,0.2729945778846741,-0.248158261179924,0.9994845986366272,0.9957263469696045
side_person17.mp4,side,202,6733,30.0,848,478,12,right_shoulder,0.5016049146652222,0.2856428921222687,0.10792731493711472,0.9975439310073853,0.9963292479515076
side_person17.mp4,side,202,6733,30.0,848,478,13,left_elbow,0.41639235615730286,0.30499181151390076,-0.32848912477493286,0.9892683625221252,0.9981471300125122
side_person17.mp4,side,202,6733,30.0,848,478,14,right_elbow,0.43005090951919556,0.3198991119861603,0.1364484429359436,0.3948453664779663,0.9989538192749023
side_person17.mp4,side,202,6733,30.0,848,478,15,left_wrist,0.3344469964504242,0.2943178713321686,-0.3085613548755646,0.9743043780326843,0.9952834248542786
side_person17.mp4,side,202,6733,30.0,848,478,16,right_wrist,0.3588881194591522,0.3157458007335663,0.04788042604923248,0.4975079596042633,0.9958477020263672
side_person17.mp4,side,202,6733,30.0,848,478,17,left_pinky,0.31730917096138,0.29122841358184814,-0.35684236884117126,0.9594630599021912,0.9942910671234131
side_person17.mp4,side,202,6733,30.0,848,478,18,right_pinky,0.34412455558776855,0.31433960795402527,0.0441487617790699,0.4867555499076843,0.9948228597640991
side_person17.mp4,side,202,6733,30.0,848,478,19,left_index,0.31833428144454956,0.2857955992221832,-0.33039790391921997,0.9549469351768494,0.9942261576652527
side_person17.mp4,side,202,6733,30.0,848,478,20,right_index,0.3436630666255951,0.3132334351539612,0.006188101135194302,0.5069106221199036,0.9936850666999817
side_person17.mp4,side,202,6733,30.0,848,478,21,left_thumb,0.3248806595802307,0.2899915874004364,-0.30025485157966614,0.9304622411727905,0.9944778680801392
side_person17.mp4,side,202,6733,30.0,848,478,22,right_thumb,0.34548309445381165,0.3130101263523102,0.027403440326452255,0.5312797427177429,0.9940833449363708
side_person17.mp4,side,202,6733,30.0,848,478,23,left_hip,0.5602872967720032,0.5303667783737183,-0.11074449121952057,0.9978153705596924,0.9976882934570312
side_person17.mp4,side,202,6733,30.0,848,478,24,right_hip,0.5422178506851196,0.529072105884552,0.1107512041926384,0.9948555827140808,0.9972931742668152
side_person17.mp4,side,202,6733,30.0,848,478,25,left_knee,0.5160337090492249,0.7287094593048096,-0.06429009884595871,0.9009733200073242,0.9974244832992554
side_person17.mp4,side,202,6733,30.0,848,478,26,right_knee,0.485455721616745,0.6871828436851501,0.1337997019290924,0.2631489038467407,0.9959027171134949
side_person17.mp4,side,202,6733,30.0,848,478,27,left_ankle,0.5071172118186951,0.9061416387557983,0.03989984467625618,0.9414086937904358,0.9862515330314636
side_person17.mp4,side,202,6733,30.0,848,478,28,right_ankle,0.496751606464386,0.8656995296478271,0.2601955533027649,0.45031705498695374,0.9967204928398132
side_person17.mp4,side,202,6733,30.0,848,478,29,left_heel,0.515819251537323,0.931056022644043,0.0461423359811306,0.9275789856910706,0.9791454076766968
side_person17.mp4,side,202,6733,30.0,848,478,30,right_heel,0.5054922103881836,0.8971105217933655,0.2717120349407196,0.6471025347709656,0.9951009154319763
side_person17.mp4,side,202,6733,30.0,848,478,31,left_foot_index,0.46222490072250366,0.9290624260902405,-0.03109404817223549,0.9185994267463684,0.9821072220802307
side_person17.mp4,side,202,6733,30.0,848,478,32,right_foot_index,0.46024230122566223,0.9025495648384094,0.22360339760780334,0.645652711391449,0.9954438209533691
side_person17.mp4,side,203,6767,30.0,848,478,0,nose,0.4583336114883423,0.2360967993736267,-0.09859830886125565,0.9981645345687866,0.9972540736198425
side_person17.mp4,side,203,6767,30.0,848,478,1,left_eye_inner,0.45970991253852844,0.21556530892848969,-0.12072304636240005,0.9979462623596191,0.9969981908798218
side_person17.mp4,side,203,6767,30.0,848,478,2,left_eye,0.46091344952583313,0.21443332731723785,-0.12077076733112335,0.9979773759841919,0.9969559907913208
side_person17.mp4,side,203,6767,30.0,848,478,3,left_eye_outer,0.46224072575569153,0.2133442610502243,-0.12078584730625153,0.9984168410301208,0.9968568086624146
side_person17.mp4,side,203,6767,30.0,848,478,4,right_eye_inner,0.4596540927886963,0.21540793776512146,-0.08555919677019119,0.9974948167800903,0.9972098469734192
side_person17.mp4,side,203,6767,30.0,848,478,5,right_eye,0.46075162291526794,0.21416032314300537,-0.08556073904037476,0.9973456263542175,0.9972568154335022
side_person17.mp4,side,203,6767,30.0,848,478,6,right_eye_outer,0.46202802658081055,0.2128123939037323,-0.08561336994171143,0.9982114434242249,0.997252881526947
side_person17.mp4,side,203,6767,30.0,848,478,7,left_ear,0.4765377640724182,0.21228426694869995,-0.17026720941066742,0.9968613386154175,0.9965113997459412
side_person17.mp4,side,203,6767,30.0,848,478,8,right_ear,0.4758390486240387,0.21123214066028595,-0.013414877466857433,0.9970999360084534,0.9971097111701965
side_person17.mp4,side,203,6767,30.0,848,478,9,mouth_left,0.4655851721763611,0.24971847236156464,-0.11356576532125473,0.9975149035453796,0.9972787499427795
side_person17.mp4,side,203,6767,30.0,848,478,10,mouth_right,0.46526584029197693,0.25080275535583496,-0.06767627596855164,0.9958196878433228,0.9972057938575745
side_person17.mp4,side,203,6767,30.0,848,478,11,left_shoulder,0.5035836100578308,0.28466394543647766,-0.2548629641532898,0.9994250535964966,0.9948400855064392
side_person17.mp4,side,203,6767,30.0,848,478,12,right_shoulder,0.5016918778419495,0.29391586780548096,0.09920519590377808,0.997346818447113,0.9962136149406433
side_person17.mp4,side,203,6767,30.0,848,478,13,left_elbow,0.4162711799144745,0.3159692585468292,-0.3334904909133911,0.9888026118278503,0.9980620741844177
side_person17.mp4,side,203,6767,30.0,848,478,14,right_elbow,0.4294129014015198,0.32689303159713745,0.12636305391788483,0.3879249095916748,0.9990854263305664
side_person17.mp4,side,203,6767,30.0,848,478,15,left_wrist,0.3354317545890808,0.3072546124458313,-0.31219813227653503,0.9740260243415833,0.9947078227996826
side_person17.mp4,side,203,6767,30.0,848,478,16,right_wrist,0.35855570435523987,0.3236124515533447,0.04145258665084839,0.4848671853542328,0.9956141710281372
side_person17.mp4,side,203,6767,30.0,848,478,17,left_pinky,0.3177247941493988,0.3039529621601105,-0.3594755530357361,0.959384024143219,0.9933140873908997
side_person17.mp4,side,203,6767,30.0,848,478,18,right_pinky,0.34386393427848816,0.322378009557724,0.0372886136174202,0.4754270911216736,0.9942386150360107
side_person17.mp4,side,203,6767,30.0,848,478,19,left_index,0.3185713291168213,0.2982179820537567,-0.3349367082118988,0.9548574090003967,0.993120551109314
side_person17.mp4,side,203,6767,30.0,848,478,20,right_index,0.3433857560157776,0.3203892409801483,0.0008476349757984281,0.49500489234924316,0.9929169416427612
side_person17.mp4,side,203,6767,30.0,848,478,21,left_thumb,0.3251422643661499,0.3026711046695709,-0.3045409619808197,0.930286169052124,0.993517279624939
side_person17.mp4,side,203,6767,30.0,848,478,22,right_thumb,0.3452986478805542,0.3219618499279022,0.021532738581299782,0.5202344059944153,0.9935463070869446
side_person17.mp4,side,203,6767,30.0,848,478,23,left_hip,0.5617910623550415,0.5393262505531311,-0.10993320494890213,0.997856616973877,0.9981732368469238
side_person17.mp4,side,203,6767,30.0,848,478,24,right_hip,0.5436386466026306,0.5359104871749878,0.10993797332048416,0.9950309991836548,0.9982324242591858
side_person17.mp4,side,203,6767,30.0,848,478,25,left_knee,0.5133101940155029,0.7311956286430359,-0.06770798563957214,0.9049175977706909,0.9970791339874268
side_person17.mp4,side,203,6767,30.0,848,478,26,right_knee,0.48325106501579285,0.6868756413459778,0.12712016701698303,0.285330593585968,0.996538519859314
side_person17.mp4,side,203,6767,30.0,848,478,27,left_ankle,0.5074409246444702,0.9058089256286621,0.037596624344587326,0.9425902366638184,0.9863924384117126
side_person17.mp4,side,203,6767,30.0,848,478,28,right_ankle,0.49659794569015503,0.8652122616767883,0.2571696937084198,0.46268314123153687,0.9973695278167725
side_person17.mp4,side,203,6767,30.0,848,478,29,left_heel,0.5163090825080872,0.9308997988700867,0.043657369911670685,0.9263027906417847,0.9809362888336182
side_person17.mp4,side,203,6767,30.0,848,478,30,right_heel,0.5058503746986389,0.8966192007064819,0.2691281735897064,0.6528399586677551,0.9961100220680237
side_person17.mp4,side,203,6767,30.0,848,478,31,left_foot_index,0.46214863657951355,0.9291977286338806,-0.0270818043500185,0.9189122915267944,0.9834297895431519
side_person17.mp4,side,203,6767,30.0,848,478,32,right_foot_index,0.4603104889392853,0.9007049798965454,0.22527454793453217,0.6491063237190247,0.9959891438484192
side_person17.mp4,side,204,6800,30.0,848,478,0,nose,0.45774978399276733,0.25037574768066406,-0.0917380154132843,0.9980456829071045,0.9957606196403503
side_person17.mp4,side,204,6800,30.0,848,478,1,left_eye_inner,0.45869240164756775,0.22976373136043549,-0.11372079700231552,0.9978033304214478,0.9955099821090698
side_person17.mp4,side,204,6800,30.0,848,478,2,left_eye,0.4598831236362457,0.22854435443878174,-0.1137688085436821,0.9978359341621399,0.9954566955566406
side_person17.mp4,side,204,6800,30.0,848,478,3,left_eye_outer,0.4612676501274109,0.227369025349617,-0.11377846449613571,0.9983285069465637,0.9953150749206543
side_person17.mp4,side,204,6800,30.0,848,478,4,right_eye_inner,0.45852890610694885,0.22976794838905334,-0.07849928736686707,0.9973335862159729,0.9957348704338074
side_person17.mp4,side,204,6800,30.0,848,478,5,right_eye,0.4595545530319214,0.2284887582063675,-0.07849614322185516,0.9971672892570496,0.9957836866378784
side_person17.mp4,side,204,6800,30.0,848,478,6,right_eye_outer,0.46081626415252686,0.22712990641593933,-0.07854651659727097,0.9980936050415039,0.9957505464553833
side_person17.mp4,side,204,6800,30.0,848,478,7,left_ear,0.47515761852264404,0.22543610632419586,-0.16334661841392517,0.996586799621582,0.9947460889816284
side_person17.mp4,side,204,6800,30.0,848,478,8,right_ear,0.4742676317691803,0.2246793955564499,-0.006581339053809643,0.9969439506530762,0.9954110980033875
side_person17.mp4,side,204,6800,30.0,848,478,9,mouth_left,0.4651855528354645,0.2632420063018799,-0.10674554109573364,0.9972549080848694,0.995608389377594
side_person17.mp4,side,204,6800,30.0,848,478,10,mouth_right,0.46483802795410156,0.2639569640159607,-0.0608806312084198,0.9953535199165344,0.9954506754875183
side_person17.mp4,side,204,6800,30.0,848,478,11,left_shoulder,0.5020299553871155,0.2964547276496887,-0.2506246268749237,0.9993287324905396,0.9921088814735413
side_person17.mp4,side,204,6800,30.0,848,478,12,right_shoulder,0.5018181800842285,0.3033072054386139,0.10478358715772629,0.9970129728317261,0.9934830069541931
side_person17.mp4,side,204,6800,30.0,848,478,13,left_elbow,0.4154287874698639,0.329524427652359,-0.32803577184677124,0.9884932637214661,0.9975270628929138
side_person17.mp4,side,204,6800,30.0,848,478,14,right_elbow,0.42927831411361694,0.336618036031723,0.12939195334911346,0.37655308842658997,0.998407781124115
side_person17.mp4,side,204,6800,30.0,848,478,15,left_wrist,0.33555081486701965,0.3205748498439789,-0.3076806366443634,0.9740515351295471,0.9927915334701538
side_person17.mp4,side,204,6800,30.0,848,478,16,right_wrist,0.3586069643497467,0.3349072337150574,0.042720597237348557,0.4650264382362366,0.9916163086891174
side_person17.mp4,side,204,6800,30.0,848,478,17,left_pinky,0.31712329387664795,0.31700599193573,-0.355155885219574,0.9596388936042786,0.9905607104301453
side_person17.mp4,side,204,6800,30.0,848,478,18,right_pinky,0.34376418590545654,0.3326282799243927,0.038603536784648895,0.45758679509162903,0.9895597696304321
side_person17.mp4,side,204,6800,30.0,848,478,19,left_index,0.31781306862831116,0.3109797537326813,-0.3299700915813446,0.9551430344581604,0.9901986122131348
side_person17.mp4,side,204,6800,30.0,848,478,20,right_index,0.3437562584877014,0.33946484327316284,0.0021901216823607683,0.4763796925544739,0.9871073365211487
side_person17.mp4,side,204,6800,30.0,848,478,21,left_thumb,0.32450392842292786,0.31496530771255493,-0.29977062344551086,0.9306461215019226,0.9908369779586792
side_person17.mp4,side,204,6800,30.0,848,478,22,right_thumb,0.3452793061733246,0.3328712582588196,0.022933529689908028,0.5022104382514954,0.987984299659729
side_person17.mp4,side,204,6800,30.0,848,478,23,left_hip,0.5627598166465759,0.5471289753913879,-0.10895691812038422,0.997837483882904,0.9972931742668152
side_person17.mp4,side,204,6800,30.0,848,478,24,right_hip,0.5456174612045288,0.5426139831542969,0.10897520929574966,0.995072603225708,0.9973793029785156
side_person17.mp4,side,204,6800,30.0,848,478,25,left_knee,0.506495475769043,0.7328786253929138,-0.0684170052409172,0.9079516530036926,0.9946315288543701
side_person17.mp4,side,204,6800,30.0,848,478,26,right_knee,0.4819624423980713,0.6917252540588379,0.12465378642082214,0.2992101013660431,0.9940425753593445
side_person17.mp4,side,204,6800,30.0,848,478,27,left_ankle,0.507401704788208,0.9062687754631042,0.03641625493764877,0.9425961375236511,0.9829102158546448
side_person17.mp4,side,204,6800,30.0,848,478,28,right_ankle,0.49705180525779724,0.8691245317459106,0.2498358190059662,0.46986642479896545,0.99610435962677
side_person17.mp4,side,204,6800,30.0,848,478,29,left_heel,0.5162604451179504,0.9315453171730042,0.04271361604332924,0.9255521893501282,0.9779135584831238
side_person17.mp4,side,204,6800,30.0,848,478,30,right_heel,0.5068997144699097,0.9027114510536194,0.26125916838645935,0.6548724174499512,0.994464099407196
side_person17.mp4,side,204,6800,30.0,848,478,31,left_foot_index,0.46155837178230286,0.9294763803482056,-0.021153850480914116,0.9181426167488098,0.9814483523368835
side_person17.mp4,side,204,6800,30.0,848,478,32,right_foot_index,0.4606003761291504,0.9013489484786987,0.21800348162651062,0.6481413841247559,0.9946718811988831
side_person17.mp4,side,205,6833,30.0,848,478,0,nose,0.45736730098724365,0.26199471950531006,-0.09284964203834534,0.9980152249336243,0.9955061674118042
side_person17.mp4,side,205,6833,30.0,848,478,1,left_eye_inner,0.4579851031303406,0.24182800948619843,-0.11428169906139374,0.9977672100067139,0.9950962662696838
side_person17.mp4,side,205,6833,30.0,848,478,2,left_eye,0.4591192305088043,0.240722194314003,-0.11431854963302612,0.9977976679801941,0.9950481057167053
side_person17.mp4,side,205,6833,30.0,848,478,3,left_eye_outer,0.4604693651199341,0.23962630331516266,-0.11433187872171402,0.9983119368553162,0.9949040412902832
side_person17.mp4,side,205,6833,30.0,848,478,4,right_eye_inner,0.45785602927207947,0.24167129397392273,-0.07996004819869995,0.9972972273826599,0.9953458905220032
side_person17.mp4,side,205,6833,30.0,848,478,5,right_eye,0.45887255668640137,0.24039499461650848,-0.07997054606676102,0.9971253275871277,0.9954078793525696
side_person17.mp4,side,205,6833,30.0,848,478,6,right_eye_outer,0.4601426124572754,0.23899155855178833,-0.0800166204571724,0.9980627298355103,0.9953674077987671
side_person17.mp4,side,205,6833,30.0,848,478,7,left_ear,0.4740353226661682,0.23778867721557617,-0.16249364614486694,0.9964779019355774,0.9942803382873535
side_person17.mp4,side,205,6833,30.0,848,478,8,right_ear,0.4732414782047272,0.2366243451833725,-0.010091222822666168,0.9969114065170288,0.9951283931732178
side_person17.mp4,side,205,6833,30.0,848,478,9,mouth_left,0.46493369340896606,0.27462828159332275,-0.10743942856788635,0.9970827102661133,0.9949513673782349
side_person17.mp4,side,205,6833,30.0,848,478,10,mouth_right,0.4646320343017578,0.2752184569835663,-0.06287820637226105,0.9951078295707703,0.9948074221611023
side_person17.mp4,side,205,6833,30.0,848,478,11,left_shoulder,0.5005196928977966,0.31162288784980774,-0.2482142150402069,0.9992024898529053,0.9901756644248962
side_person17.mp4,side,205,6833,30.0,848,478,12,right_shoulder,0.5019500851631165,0.3144616484642029,0.09906543791294098,0.9967624545097351,0.9932170510292053
side_person17.mp4,side,205,6833,30.0,848,478,13,left_elbow,0.4152063727378845,0.3447677493095398,-0.3254588842391968,0.9879389405250549,0.9968377351760864
side_person17.mp4,side,205,6833,30.0,848,478,14,right_elbow,0.42879170179367065,0.3480031192302704,0.12107028067111969,0.36864015460014343,0.9983142614364624
side_person17.mp4,side,205,6833,30.0,848,478,15,left_wrist,0.3363839387893677,0.3346641957759857,-0.2965126931667328,0.9740796685218811,0.9910043478012085
side_person17.mp4,side,205,6833,30.0,848,478,16,right_wrist,0.3585294783115387,0.3447665274143219,0.03824557736515999,0.4499098062515259,0.9900280833244324
side_person17.mp4,side,205,6833,30.0,848,478,17,left_pinky,0.3173644244670868,0.33141884207725525,-0.34179985523223877,0.9599958658218384,0.9877326488494873
side_person17.mp4,side,205,6833,30.0,848,478,18,right_pinky,0.3438577353954315,0.34803223609924316,0.034515708684921265,0.44403141736984253,0.9867950081825256
side_person17.mp4,side,205,6833,30.0,848,478,19,left_index,0.3178147077560425,0.3242945075035095,-0.3196161985397339,0.9555752277374268,0.9873282313346863
side_person17.mp4,side,205,6833,30.0,848,478,20,right_index,0.3437865972518921,0.3486669957637787,-0.0007431276608258486,0.46204137802124023,0.983957052230835
side_person17.mp4,side,205,6833,30.0,848,478,21,left_thumb,0.32461005449295044,0.32755541801452637,-0.28969481587409973,0.9313498139381409,0.9884383082389832
side_person17.mp4,side,205,6833,30.0,848,478,22,right_thumb,0.3447946608066559,0.3418349027633667,0.019139690324664116,0.48853418231010437,0.9853339195251465
side_person17.mp4,side,205,6833,30.0,848,478,23,left_hip,0.5636076927185059,0.5555674433708191,-0.10777507722377777,0.9977651238441467,0.9968974590301514
side_person17.mp4,side,205,6833,30.0,848,478,24,right_hip,0.547711193561554,0.5486923456192017,0.1078108474612236,0.9951044917106628,0.9974232912063599
side_person17.mp4,side,205,6833,30.0,848,478,25,left_knee,0.5018036365509033,0.7352476119995117,-0.07329341024160385,0.9108443856239319,0.9922885298728943
side_person17.mp4,side,205,6833,30.0,848,478,26,right_knee,0.4814436137676239,0.6922879815101624,0.11692048609256744,0.3108278512954712,0.9928021430969238
side_person17.mp4,side,205,6833,30.0,848,478,27,left_ankle,0.5070905089378357,0.9059403538703918,0.031869202852249146,0.941709578037262,0.9783352017402649
side_person17.mp4,side,205,6833,30.0,848,478,28,right_ankle,0.49765917658805847,0.8757611513137817,0.2363220453262329,0.47293350100517273,0.9943641424179077
side_person17.mp4,side,205,6833,30.0,848,478,29,left_heel,0.516226053237915,0.9321980476379395,0.039842065423727036,0.9242292642593384,0.9729862809181213
side_person17.mp4,side,205,6833,30.0,848,478,30,right_heel,0.5082191824913025,0.9078547358512878,0.24713610112667084,0.6530563235282898,0.9920179843902588
side_person17.mp4,side,205,6833,30.0,848,478,31,left_foot_index,0.46158716082572937,0.9292251467704773,-0.020127389580011368,0.9159409403800964,0.9771909713745117
side_person17.mp4,side,205,6833,30.0,848,478,32,right_foot_index,0.4609123170375824,0.9059730172157288,0.20677529275417328,0.6423656940460205,0.9921476244926453
side_person17.mp4,side,206,6867,30.0,848,478,0,nose,0.45685631036758423,0.2732008993625641,-0.07856252789497375,0.9978201985359192,0.9893639087677002
side_person17.mp4,side,206,6867,30.0,848,478,1,left_eye_inner,0.4574809968471527,0.2534814476966858,-0.1010185182094574,0.9975802898406982,0.990012526512146
side_person17.mp4,side,206,6867,30.0,848,478,2,left_eye,0.458604633808136,0.2523876428604126,-0.10107287764549255,0.9976284503936768,0.9903364181518555
side_person17.mp4,side,206,6867,30.0,848,478,3,left_eye_outer,0.4598766565322876,0.25133016705513,-0.10111752897500992,0.9982177019119263,0.9905340671539307
side_person17.mp4,side,206,6867,30.0,848,478,4,right_eye_inner,0.45734211802482605,0.2532040774822235,-0.06698809564113617,0.9970705509185791,0.9894425868988037
side_person17.mp4,side,206,6867,30.0,848,478,5,right_eye,0.45833125710487366,0.2519356906414032,-0.06700798124074936,0.99686199426651,0.9893105030059814
side_person17.mp4,side,206,6867,30.0,848,478,6,right_eye_outer,0.45952239632606506,0.25054484605789185,-0.06705456972122192,0.9978656768798828,0.9890680909156799
side_person17.mp4,side,206,6867,30.0,848,478,7,left_ear,0.4733395576477051,0.2499353587627411,-0.1534269154071808,0.99619460105896,0.9902967810630798
side_person17.mp4,side,206,6867,30.0,848,478,8,right_ear,0.47263339161872864,0.24862055480480194,-0.004005368798971176,0.9966489672660828,0.9886221289634705
side_person17.mp4,side,206,6867,30.0,848,478,9,mouth_left,0.4643791615962982,0.2860570549964905,-0.09454116225242615,0.9965749382972717,0.9898097515106201
side_person17.mp4,side,206,6867,30.0,848,478,10,mouth_right,0.4641014337539673,0.28670790791511536,-0.050598420202732086,0.9942157864570618,0.9878844618797302
side_person17.mp4,side,206,6867,30.0,848,478,11,left_shoulder,0.49960431456565857,0.3241330683231354,-0.2387319952249527,0.9990513324737549,0.9862645268440247
side_person17.mp4,side,206,6867,30.0,848,478,12,right_shoulder,0.501910388469696,0.3257204592227936,0.10569649189710617,0.9961906671524048,0.9860607385635376
side_person17.mp4,side,206,6867,30.0,848,478,13,left_elbow,0.4152175486087799,0.35949957370758057,-0.2939024269580841,0.9869888424873352,0.995751142501831
side_person17.mp4,side,206,6867,30.0,848,478,14,right_elbow,0.4293517470359802,0.3622037172317505,0.14431162178516388,0.3453420102596283,0.9967979788780212
side_person17.mp4,side,206,6867,30.0,848,478,15,left_wrist,0.336710661649704,0.3472703695297241,-0.23845921456813812,0.9738867878913879,0.9861811995506287
side_person17.mp4,side,206,6867,30.0,848,478,16,right_wrist,0.3693521320819855,0.3706240653991699,0.08457440882921219,0.4234953820705414,0.9824972748756409
side_person17.mp4,side,206,6867,30.0,848,478,17,left_pinky,0.3168867826461792,0.34374403953552246,-0.2779616713523865,0.9602207541465759,0.9803600907325745
side_person17.mp4,side,206,6867,30.0,848,478,18,right_pinky,0.35789260268211365,0.3537222445011139,0.0835181325674057,0.42057666182518005,0.9775004982948303
side_person17.mp4,side,206,6867,30.0,848,478,19,left_index,0.3175790309906006,0.33674538135528564,-0.25737619400024414,0.9559527635574341,0.9795292019844055
side_person17.mp4,side,206,6867,30.0,848,478,20,right_index,0.3559247851371765,0.35220053791999817,0.05311807245016098,0.4374828040599823,0.9737260341644287
side_person17.mp4,side,206,6867,30.0,848,478,21,left_thumb,0.32448726892471313,0.3403439521789551,-0.2309686839580536,0.9319027066230774,0.981741726398468
side_person17.mp4,side,206,6867,30.0,848,478,22,right_thumb,0.3577519953250885,0.36001452803611755,0.0679982453584671,0.4633665084838867,0.9759175777435303
side_person17.mp4,side,206,6867,30.0,848,478,23,left_hip,0.5651641488075256,0.5651918649673462,-0.10716146230697632,0.9977765679359436,0.9975771307945251
side_person17.mp4,side,206,6867,30.0,848,478,24,right_hip,0.5491209030151367,0.5575255751609802,0.10721345245838165,0.9952518939971924,0.9978227615356445
side_person17.mp4,side,206,6867,30.0,848,478,25,left_knee,0.49557724595069885,0.7372368574142456,-0.07002300769090652,0.9138429164886475,0.9911952018737793
side_person17.mp4,side,206,6867,30.0,848,478,26,right_knee,0.4793170690536499,0.6931477785110474,0.12270605564117432,0.32706525921821594,0.9922863245010376
side_person17.mp4,side,206,6867,30.0,848,478,27,left_ankle,0.5067052841186523,0.9048147201538086,0.048379912972450256,0.9411048293113708,0.981122612953186
side_person17.mp4,side,206,6867,30.0,848,478,28,right_ankle,0.4979117512702942,0.8750834465026855,0.24553091824054718,0.480849951505661,0.9944754242897034
side_person17.mp4,side,206,6867,30.0,848,478,29,left_heel,0.5162237882614136,0.9311951398849487,0.059472762048244476,0.9238950610160828,0.9783332347869873
side_person17.mp4,side,206,6867,30.0,848,478,30,right_heel,0.5083053708076477,0.9065825939178467,0.256808876991272,0.6533018350601196,0.99250328540802
side_person17.mp4,side,206,6867,30.0,848,478,31,left_foot_index,0.4628022611141205,0.9292111396789551,0.026095779612660408,0.9150418043136597,0.9799671769142151
side_person17.mp4,side,206,6867,30.0,848,478,32,right_foot_index,0.4616420567035675,0.9088143706321716,0.22379426658153534,0.6401739120483398,0.9914347529411316
side_person17.mp4,side,207,6900,30.0,848,478,0,nose,0.45566242933273315,0.2858366072177887,-0.06682437658309937,0.9978219866752625,0.9929091930389404
side_person17.mp4,side,207,6900,30.0,848,478,1,left_eye_inner,0.4561630189418793,0.26608648896217346,-0.08975699543952942,0.9975831508636475,0.9930984377861023
side_person17.mp4,side,207,6900,30.0,848,478,2,left_eye,0.45722973346710205,0.2649776041507721,-0.08981076627969742,0.9976378083229065,0.9933318495750427
side_person17.mp4,side,207,6900,30.0,848,478,3,left_eye_outer,0.45841342210769653,0.2637935280799866,-0.08985992521047592,0.9982423782348633,0.9934427738189697
side_person17.mp4,side,207,6900,30.0,848,478,4,right_eye_inner,0.4561443030834198,0.26572489738464355,-0.05561525747179985,0.9970664978027344,0.9926647543907166
side_person17.mp4,side,207,6900,30.0,848,478,5,right_eye,0.45719197392463684,0.26434803009033203,-0.05562867224216461,0.9968549013137817,0.9925212264060974
side_person17.mp4,side,207,6900,30.0,848,478,6,right_eye_outer,0.458392858505249,0.26280561089515686,-0.05566241219639778,0.9978525042533875,0.9922794103622437
side_person17.mp4,side,207,6900,30.0,848,478,7,left_ear,0.47117650508880615,0.2620793581008911,-0.1432647556066513,0.9962026476860046,0.9934248924255371
side_person17.mp4,side,207,6900,30.0,848,478,8,right_ear,0.47113266587257385,0.2604122459888458,0.007056865841150284,0.9966593384742737,0.9919112324714661
side_person17.mp4,side,207,6900,30.0,848,478,9,mouth_left,0.4633127748966217,0.2981555759906769,-0.08315416425466537,0.9964636564254761,0.993141233921051
side_person17.mp4,side,207,6900,30.0,848,478,10,mouth_right,0.46315231919288635,0.2987827658653259,-0.039002012461423874,0.994013249874115,0.9917870163917542
side_person17.mp4,side,207,6900,30.0,848,478,11,left_shoulder,0.49677062034606934,0.33583131432533264,-0.2310275137424469,0.9989994764328003,0.9911216497421265
side_person17.mp4,side,207,6900,30.0,848,478,12,right_shoulder,0.501457691192627,0.33806487917900085,0.1190522238612175,0.9959676861763,0.9899601936340332
side_person17.mp4,side,207,6900,30.0,848,478,13,left_elbow,0.4125964939594269,0.37109503149986267,-0.2809605598449707,0.9864617586135864,0.9966819882392883
side_person17.mp4,side,207,6900,30.0,848,478,14,right_elbow,0.4295887351036072,0.37447261810302734,0.15632227063179016,0.3255035877227783,0.9972547888755798
side_person17.mp4,side,207,6900,30.0,848,478,15,left_wrist,0.33488035202026367,0.36004558205604553,-0.21779035031795502,0.9741102457046509,0.9892920255661011
side_person17.mp4,side,207,6900,30.0,848,478,16,right_wrist,0.37065523862838745,0.38773027062416077,0.09548747539520264,0.400772362947464,0.98370760679245
side_person17.mp4,side,207,6900,30.0,848,478,17,left_pinky,0.3145183026790619,0.35591310262680054,-0.25629857182502747,0.9609286785125732,0.9843571782112122
side_person17.mp4,side,207,6900,30.0,848,478,18,right_pinky,0.35938557982444763,0.36710941791534424,0.09541966766119003,0.40048930048942566,0.9787217974662781
side_person17.mp4,side,207,6900,30.0,848,478,19,left_index,0.31460854411125183,0.3488028943538666,-0.23445171117782593,0.956811249256134,0.9837342500686646
side_person17.mp4,side,207,6900,30.0,848,478,20,right_index,0.3571076989173889,0.36461248993873596,0.06432870030403137,0.4164341390132904,0.9753283262252808
side_person17.mp4,side,207,6900,30.0,848,478,21,left_thumb,0.32169023156166077,0.35247424244880676,-0.2096043825149536,0.9331855177879333,0.9855915307998657
side_person17.mp4,side,207,6900,30.0,848,478,22,right_thumb,0.3591192364692688,0.37553924322128296,0.07871147245168686,0.4418698251247406,0.9772119522094727
side_person17.mp4,side,207,6900,30.0,848,478,23,left_hip,0.5656753778457642,0.5740758180618286,-0.10727272182703018,0.9978509545326233,0.9983482360839844
side_person17.mp4,side,207,6900,30.0,848,478,24,right_hip,0.5498112440109253,0.5652878284454346,0.10732719302177429,0.9954883456230164,0.9984548091888428
side_person17.mp4,side,207,6900,30.0,848,478,25,left_knee,0.48986437916755676,0.7397602200508118,-0.07372459769248962,0.9183444976806641,0.9933987855911255
side_person17.mp4,side,207,6900,30.0,848,478,26,right_knee,0.47580230236053467,0.6932188272476196,0.11873091757297516,0.3449394702911377,0.993925154209137
side_person17.mp4,side,207,6900,30.0,848,478,27,left_ankle,0.5061343312263489,0.9048404097557068,0.04528947174549103,0.9421557188034058,0.9825646281242371
side_person17.mp4,side,207,6900,30.0,848,478,28,right_ankle,0.49717482924461365,0.8763097524642944,0.2394469529390335,0.49164098501205444,0.9944217801094055
side_person17.mp4,side,207,6900,30.0,848,478,29,left_heel,0.5161253809928894,0.9304570555686951,0.05363720282912254,0.9244434833526611,0.9798004031181335
side_person17.mp4,side,207,6900,30.0,848,478,30,right_heel,0.5081189274787903,0.9064000844955444,0.25114282965660095,0.6559023857116699,0.9924057126045227
side_person17.mp4,side,207,6900,30.0,848,478,31,left_foot_index,0.4627673029899597,0.9294589161872864,0.021010860800743103,0.9161564111709595,0.9792765378952026
side_person17.mp4,side,207,6900,30.0,848,478,32,right_foot_index,0.4611867070198059,0.9131337404251099,0.22416020929813385,0.6407452821731567,0.9900863766670227
side_person17.mp4,side,208,6933,30.0,848,478,0,nose,0.4543217420578003,0.2987290918827057,-0.04302371293306351,0.9978554844856262,0.9955820441246033
side_person17.mp4,side,208,6933,30.0,848,478,1,left_eye_inner,0.4546651542186737,0.279069185256958,-0.06625121831893921,0.9976193308830261,0.9958692193031311
side_person17.mp4,side,208,6933,30.0,848,478,2,left_eye,0.4557601511478424,0.277901291847229,-0.06631142646074295,0.9976829886436462,0.9960533380508423
side_person17.mp4,side,208,6933,30.0,848,478,3,left_eye_outer,0.45696279406547546,0.2767495810985565,-0.06636225432157516,0.9982918500900269,0.996177077293396
side_person17.mp4,side,208,6933,30.0,848,478,4,right_eye_inner,0.45448529720306396,0.27890545129776,-0.03234046697616577,0.9971010684967041,0.9954538345336914
side_person17.mp4,side,208,6933,30.0,848,478,5,right_eye,0.455416738986969,0.2776382267475128,-0.032338887453079224,0.9968860745429993,0.9952436089515686
side_person17.mp4,side,208,6933,30.0,848,478,6,right_eye_outer,0.4565204977989197,0.2762284576892853,-0.03236619383096695,0.997864305973053,0.9949826002120972
side_person17.mp4,side,208,6933,30.0,848,478,7,left_ear,0.4699849784374237,0.27441859245300293,-0.12254849076271057,0.9962778091430664,0.9960991144180298
side_person17.mp4,side,208,6933,30.0,848,478,8,right_ear,0.46960172057151794,0.2729497253894806,0.027774270623922348,0.9967350959777832,0.9943060278892517
side_person17.mp4,side,208,6933,30.0,848,478,9,mouth_left,0.46205073595046997,0.3107326030731201,-0.060429543256759644,0.9964435696601868,0.9956188797950745
side_person17.mp4,side,208,6933,30.0,848,478,10,mouth_right,0.4617481529712677,0.311503142118454,-0.016444513574242592,0.9939408898353577,0.994559109210968
side_person17.mp4,side,208,6933,30.0,848,478,11,left_shoulder,0.49423813819885254,0.34586301445961,-0.21350374817848206,0.9990085363388062,0.9944735169410706
side_person17.mp4,side,208,6933,30.0,848,478,12,right_shoulder,0.5008856058120728,0.3467946946620941,0.1376183182001114,0.995763897895813,0.9909522533416748
side_person17.mp4,side,208,6933,30.0,848,478,13,left_elbow,0.4121575951576233,0.38342195749282837,-0.2701804041862488,0.9866544604301453,0.9980005621910095
side_person17.mp4,side,208,6933,30.0,848,478,14,right_elbow,0.42963242530822754,0.38710758090019226,0.17925108969211578,0.3046131730079651,0.9972203969955444
side_person17.mp4,side,208,6933,30.0,848,478,15,left_wrist,0.3331805467605591,0.3738607168197632,-0.2128671258687973,0.974994421005249,0.992435872554779
side_person17.mp4,side,208,6933,30.0,848,478,16,right_wrist,0.3794719874858856,0.3879678547382355,0.12219655513763428,0.3762660622596741,0.9857236742973328
side_person17.mp4,side,208,6933,30.0,848,478,17,left_pinky,0.31180402636528015,0.3691987693309784,-0.2505452632904053,0.9624324440956116,0.9879779815673828
side_person17.mp4,side,208,6933,30.0,848,478,18,right_pinky,0.3687029480934143,0.38059699535369873,0.12349871546030045,0.37833893299102783,0.9818682670593262
side_person17.mp4,side,208,6933,30.0,848,478,19,left_index,0.3117024302482605,0.361349493265152,-0.22823619842529297,0.9584824442863464,0.9874451160430908
side_person17.mp4,side,208,6933,30.0,848,478,20,right_index,0.36876577138900757,0.3777908980846405,0.09423113614320755,0.3932035267353058,0.9796726703643799
side_person17.mp4,side,208,6933,30.0,848,478,21,left_thumb,0.3192833662033081,0.3652292788028717,-0.20448355376720428,0.9355871677398682,0.9891953468322754
side_person17.mp4,side,208,6933,30.0,848,478,22,right_thumb,0.36743271350860596,0.38466721773147583,0.10635709017515182,0.4179995357990265,0.9812356233596802
side_person17.mp4,side,208,6933,30.0,848,478,23,left_hip,0.5662020444869995,0.5807933211326599,-0.10690324008464813,0.9979842305183411,0.9990467429161072
side_person17.mp4,side,208,6933,30.0,848,478,24,right_hip,0.5505313277244568,0.5708328485488892,0.10696930438280106,0.9957757592201233,0.998906135559082
side_person17.mp4,side,208,6933,30.0,848,478,25,left_knee,0.48723891377449036,0.7406497001647949,-0.07953322678804398,0.9224866628646851,0.9960209727287292
side_person17.mp4,side,208,6933,30.0,848,478,26,right_knee,0.4736587703227997,0.6946060061454773,0.11032374948263168,0.3617607057094574,0.9957242012023926
side_person17.mp4,side,208,6933,30.0,848,478,27,left_ankle,0.5061366558074951,0.9048103094100952,0.03167494013905525,0.9434657692909241,0.9866961240768433
side_person17.mp4,side,208,6933,30.0,848,478,28,right_ankle,0.49732571840286255,0.8755486607551575,0.2237432897090912,0.5020474791526794,0.9958009123802185
side_person17.mp4,side,208,6933,30.0,848,478,29,left_heel,0.5161508321762085,0.9288579821586609,0.04321756958961487,0.9256492257118225,0.9841631650924683
side_person17.mp4,side,208,6933,30.0,848,478,30,right_heel,0.5082610249519348,0.9063582420349121,0.23494349420070648,0.6609922051429749,0.9944618344306946
side_person17.mp4,side,208,6933,30.0,848,478,31,left_foot_index,0.46382540464401245,0.9297411441802979,0.013154201209545135,0.9174615144729614,0.9818843007087708
side_person17.mp4,side,208,6933,30.0,848,478,32,right_foot_index,0.4610680937767029,0.9170858860015869,0.21532589197158813,0.6423872709274292,0.9916810393333435
side_person17.mp4,side,209,6967,30.0,848,478,0,nose,0.4534634053707123,0.3085329830646515,-0.048933640122413635,0.9979178309440613,0.9958996176719666
side_person17.mp4,side,209,6967,30.0,848,478,1,left_eye_inner,0.45384860038757324,0.2894514799118042,-0.07152514159679413,0.9976743459701538,0.9961018562316895
side_person17.mp4,side,209,6967,30.0,848,478,2,left_eye,0.4549328088760376,0.2884528934955597,-0.07158398628234863,0.9977431893348694,0.9962150454521179
side_person17.mp4,side,209,6967,30.0,848,478,3,left_eye_outer,0.4561048448085785,0.28752028942108154,-0.07162629067897797,0.998346209526062,0.9963006973266602
side_person17.mp4,side,209,6967,30.0,848,478,4,right_eye_inner,0.4536975622177124,0.28925618529319763,-0.03775612637400627,0.9971662759780884,0.9958484172821045
side_person17.mp4,side,209,6967,30.0,848,478,5,right_eye,0.4546261131763458,0.2881251871585846,-0.03775719925761223,0.9969517588615417,0.9956954717636108
side_person17.mp4,side,209,6967,30.0,848,478,6,right_eye_outer,0.455705463886261,0.28690797090530396,-0.03778969123959541,0.9978988766670227,0.9954873919487
side_person17.mp4,side,209,6967,30.0,848,478,7,left_ear,0.4688912630081177,0.2855519950389862,-0.125406414270401,0.9963590502738953,0.9960008263587952
side_person17.mp4,side,209,6967,30.0,848,478,8,right_ear,0.4685654044151306,0.28418058156967163,0.024356449022889137,0.9968364238739014,0.9947474598884583
side_person17.mp4,side,209,6967,30.0,848,478,9,mouth_left,0.46097463369369507,0.3210583031177521,-0.06559251248836517,0.9964739084243774,0.9955576062202454
side_person17.mp4,side,209,6967,30.0,848,478,10,mouth_right,0.4607158303260803,0.3217581808567047,-0.021803436800837517,0.9939755797386169,0.9947795867919922
side_person17.mp4,side,209,6967,30.0,848,478,11,left_shoulder,0.4928082227706909,0.36041200160980225,-0.21624553203582764,0.9990161657333374,0.9940495491027832
side_person17.mp4,side,209,6967,30.0,848,478,12,right_shoulder,0.5002217292785645,0.36117011308670044,0.13477551937103271,0.9956318140029907,0.9916591048240662
side_person17.mp4,side,209,6967,30.0,848,478,13,left_elbow,0.4115152955055237,0.39502474665641785,-0.27800506353378296,0.9868512153625488,0.9980785846710205
side_person17.mp4,side,209,6967,30.0,848,478,14,right_elbow,0.4294658899307251,0.3993307948112488,0.17316395044326782,0.28765442967414856,0.9976423382759094
side_person17.mp4,side,209,6967,30.0,848,478,15,left_wrist,0.33098530769348145,0.385827898979187,-0.2308809459209442,0.9760074615478516,0.9937871694564819
side_person17.mp4,side,209,6967,30.0,848,478,16,right_wrist,0.3775697350502014,0.41608843207359314,0.10999841243028641,0.3572663366794586,0.9872272610664368
side_person17.mp4,side,209,6967,30.0,848,478,17,left_pinky,0.3099212050437927,0.3822345733642578,-0.2705438733100891,0.9640533924102783,0.9900742173194885
side_person17.mp4,side,209,6967,30.0,848,478,18,right_pinky,0.3670900762081146,0.3992190957069397,0.11014574766159058,0.36125847697257996,0.9838244915008545
side_person17.mp4,side,209,6967,30.0,848,478,19,left_index,0.3096850514411926,0.37477707862854004,-0.24763894081115723,0.9602758288383484,0.98969966173172
side_person17.mp4,side,209,6967,30.0,848,478,20,right_index,0.3655138313770294,0.3960348069667816,0.07964514940977097,0.37526482343673706,0.9817173480987549
side_person17.mp4,side,209,6967,30.0,848,478,21,left_thumb,0.3168480098247528,0.3782341480255127,-0.22256186604499817,0.938161313533783,0.9911229610443115
side_person17.mp4,side,209,6967,30.0,848,478,22,right_thumb,0.3659988045692444,0.4060543179512024,0.09347658604383469,0.3997897505760193,0.9832106828689575
side_person17.mp4,side,209,6967,30.0,848,478,23,left_hip,0.5668123364448547,0.5897745490074158,-0.10651446878910065,0.9981096386909485,0.9990038275718689
side_person17.mp4,side,209,6967,30.0,848,478,24,right_hip,0.5504322648048401,0.5792881846427917,0.10658181458711624,0.9960597157478333,0.9990333318710327
side_person17.mp4,side,209,6967,30.0,848,478,25,left_knee,0.48572924733161926,0.7436419725418091,-0.07777570188045502,0.9265524744987488,0.9963000416755676
side_person17.mp4,side,209,6967,30.0,848,478,26,right_knee,0.4705231189727783,0.6984462738037109,0.10657493770122528,0.3798545002937317,0.9966192245483398
side_person17.mp4,side,209,6967,30.0,848,478,27,left_ankle,0.506094217300415,0.9047266244888306,0.03449351340532303,0.9451946020126343,0.9892290830612183
side_person17.mp4,side,209,6967,30.0,848,478,28,right_ankle,0.4962690770626068,0.8760608434677124,0.22775378823280334,0.5147489905357361,0.9971966743469238
side_person17.mp4,side,209,6967,30.0,848,478,29,left_heel,0.5160757899284363,0.9274033904075623,0.04683050513267517,0.9276928305625916,0.9874333739280701
side_person17.mp4,side,209,6967,30.0,848,478,30,right_heel,0.508198618888855,0.9064521193504333,0.23974862694740295,0.6691569089889526,0.9962589740753174
side_person17.mp4,side,209,6967,30.0,848,478,31,left_foot_index,0.46509236097335815,0.9297999143600464,0.023935774341225624,0.9195316433906555,0.9854708909988403
side_person17.mp4,side,209,6967,30.0,848,478,32,right_foot_index,0.4608668088912964,0.9203295707702637,0.2172299325466156,0.6470110416412354,0.9940860271453857
side_person17.mp4,side,210,7000,30.0,848,478,0,nose,0.45280805230140686,0.320720911026001,-0.052089791744947433,0.9979351758956909,0.9951515197753906
side_person17.mp4,side,210,7000,30.0,848,478,1,left_eye_inner,0.4533495008945465,0.3015521168708801,-0.07447083294391632,0.9976944327354431,0.9954597353935242
side_person17.mp4,side,210,7000,30.0,848,478,2,left_eye,0.4544234871864319,0.3006047010421753,-0.07452701032161713,0.997769296169281,0.995597779750824
side_person17.mp4,side,210,7000,30.0,848,478,3,left_eye_outer,0.4555690288543701,0.29973992705345154,-0.0745663121342659,0.998375415802002,0.9957147240638733
side_person17.mp4,side,210,7000,30.0,848,478,4,right_eye_inner,0.45321789383888245,0.3013656437397003,-0.04085211455821991,0.9971925020217896,0.9951404333114624
side_person17.mp4,side,210,7000,30.0,848,478,5,right_eye,0.45414817333221436,0.3002855181694031,-0.04085322469472885,0.9969712495803833,0.9949548840522766
side_person17.mp4,side,210,7000,30.0,848,478,6,right_eye_outer,0.45523107051849365,0.2991234064102173,-0.040886033326387405,0.9979015588760376,0.9946866035461426
side_person17.mp4,side,210,7000,30.0,848,478,7,left_ear,0.4683181345462799,0.29813891649246216,-0.12765181064605713,0.9963736534118652,0.995337724685669
side_person17.mp4,side,210,7000,30.0,848,478,8,right_ear,0.46802663803100586,0.2967582643032074,0.021752845495939255,0.9968875646591187,0.9937288761138916
side_person17.mp4,side,210,7000,30.0,848,478,9,mouth_left,0.46013206243515015,0.33337438106536865,-0.06847009807825089,0.9964144825935364,0.9945316314697266
side_person17.mp4,side,210,7000,30.0,848,478,10,mouth_right,0.45992904901504517,0.3340630829334259,-0.024891387671232224,0.9938629865646362,0.9935317635536194
side_person17.mp4,side,210,7000,30.0,848,478,11,left_shoulder,0.49155354499816895,0.37372639775276184,-0.21791048347949982,0.9989989995956421,0.9932229518890381
side_person17.mp4,side,210,7000,30.0,848,478,12,right_shoulder,0.499300479888916,0.37282389402389526,0.1326896697282791,0.9953924417495728,0.989352285861969
side_person17.mp4,side,210,7000,30.0,848,478,13,left_elbow,0.41069474816322327,0.4070146381855011,-0.28014156222343445,0.9869685173034668,0.9980443716049194
side_person17.mp4,side,210,7000,30.0,848,478,14,right_elbow,0.4288717210292816,0.4092148542404175,0.16988268494606018,0.27006933093070984,0.9971433281898499
side_person17.mp4,side,210,7000,30.0,848,478,15,left_wrist,0.32999321818351746,0.39922812581062317,-0.2339969426393509,0.976982593536377,0.9938135147094727
side_person17.mp4,side,210,7000,30.0,848,478,16,right_wrist,0.377593457698822,0.43052706122398376,0.1074400469660759,0.33710888028144836,0.9861618280410767
side_person17.mp4,side,210,7000,30.0,848,478,17,left_pinky,0.30895304679870605,0.39621466398239136,-0.2740221917629242,0.965584397315979,0.9900708794593811
side_person17.mp4,side,210,7000,30.0,848,478,18,right_pinky,0.36740630865097046,0.4122842252254486,0.10788842290639877,0.3428930342197418,0.9833067059516907
side_person17.mp4,side,210,7000,30.0,848,478,19,left_index,0.30791571736335754,0.3882613182067871,-0.25076109170913696,0.9619784355163574,0.9896314740180969
side_person17.mp4,side,210,7000,30.0,848,478,20,right_index,0.3650037348270416,0.4094378352165222,0.07735875993967056,0.3560122847557068,0.9809184074401855
side_person17.mp4,side,210,7000,30.0,848,478,21,left_thumb,0.31549257040023804,0.39085912704467773,-0.22556570172309875,0.9405882954597473,0.9910838603973389
side_person17.mp4,side,210,7000,30.0,848,478,22,right_thumb,0.3661554157733917,0.42001721262931824,0.09105703234672546,0.3801533579826355,0.9822242856025696
side_person17.mp4,side,210,7000,30.0,848,478,23,left_hip,0.5667496919631958,0.5986801981925964,-0.10625118017196655,0.9981949925422668,0.9986920952796936
side_person17.mp4,side,210,7000,30.0,848,478,24,right_hip,0.5511367917060852,0.5866667032241821,0.10631884634494781,0.9962792992591858,0.9987277388572693
side_person17.mp4,side,210,7000,30.0,848,478,25,left_knee,0.48266926407814026,0.7436457872390747,-0.07307348400354385,0.9295458793640137,0.9957257509231567
side_person17.mp4,side,210,7000,30.0,848,478,26,right_knee,0.4700528383255005,0.7037312388420105,0.10955972224473953,0.3938243091106415,0.9960895776748657
side_person17.mp4,side,210,7000,30.0,848,478,27,left_ankle,0.5055176615715027,0.9046610593795776,0.04863904416561127,0.9461421966552734,0.9898271560668945
side_person17.mp4,side,210,7000,30.0,848,478,28,right_ankle,0.4963418245315552,0.8783522248268127,0.23314864933490753,0.5244148373603821,0.9971526861190796
side_person17.mp4,side,210,7000,30.0,848,478,29,left_heel,0.5160061120986938,0.927400529384613,0.0613982155919075,0.9292661547660828,0.9885402321815491
side_person17.mp4,side,210,7000,30.0,848,478,30,right_heel,0.5084567070007324,0.9082871079444885,0.24520400166511536,0.675292432308197,0.9962778687477112
side_person17.mp4,side,210,7000,30.0,848,478,31,left_foot_index,0.46501031517982483,0.9297304749488831,0.03978651762008667,0.9206276535987854,0.9875353574752808
side_person17.mp4,side,210,7000,30.0,848,478,32,right_foot_index,0.4609123170375824,0.9196958541870117,0.223152756690979,0.6495034098625183,0.9947482943534851
side_person17.mp4,side,211,7033,30.0,848,478,0,nose,0.4521470069885254,0.33060798048973083,-0.06442006677389145,0.9979296326637268,0.9947696328163147
side_person17.mp4,side,211,7033,30.0,848,478,1,left_eye_inner,0.4528958201408386,0.3118607997894287,-0.08681674301624298,0.9976882934570312,0.9951893091201782
side_person17.mp4,side,211,7033,30.0,848,478,2,left_eye,0.454002320766449,0.31094032526016235,-0.08686742186546326,0.9977748990058899,0.9953653812408447
side_person17.mp4,side,211,7033,30.0,848,478,3,left_eye_outer,0.45518481731414795,0.3100986182689667,-0.0869169756770134,0.9983848929405212,0.9955300688743591
side_person17.mp4,side,211,7033,30.0,848,478,4,right_eye_inner,0.45269012451171875,0.3116617500782013,-0.05336994677782059,0.997189462184906,0.994843602180481
side_person17.mp4,side,211,7033,30.0,848,478,5,right_eye,0.45364823937416077,0.3105398714542389,-0.053383175283670425,0.9969660639762878,0.9946764707565308
side_person17.mp4,side,211,7033,30.0,848,478,6,right_eye_outer,0.4547661244869232,0.30933937430381775,-0.05341027304530144,0.997870683670044,0.9944519400596619
side_person17.mp4,side,211,7033,30.0,848,478,7,left_ear,0.4679267108440399,0.30910971760749817,-0.1394970417022705,0.9963526129722595,0.995080828666687
side_person17.mp4,side,211,7033,30.0,848,478,8,right_ear,0.46757277846336365,0.30750587582588196,0.009022282436490059,0.996916651725769,0.9936634302139282
side_person17.mp4,side,211,7033,30.0,848,478,9,mouth_left,0.4593685567378998,0.34381771087646484,-0.0808393582701683,0.9963708519935608,0.9946579337120056
side_person17.mp4,side,211,7033,30.0,848,478,10,mouth_right,0.4590926170349121,0.3446216583251953,-0.037533875554800034,0.9937828779220581,0.9937149882316589
side_person17.mp4,side,211,7033,30.0,848,478,11,left_shoulder,0.49177172780036926,0.3881171941757202,-0.2284121811389923,0.9989596605300903,0.9923668503761292
side_person17.mp4,side,211,7033,30.0,848,478,12,right_shoulder,0.4974382519721985,0.3844529390335083,0.12108873575925827,0.9951622486114502,0.99136883020401
side_person17.mp4,side,211,7033,30.0,848,478,13,left_elbow,0.4107462465763092,0.42049869894981384,-0.28213298320770264,0.9863488674163818,0.9975209832191467
side_person17.mp4,side,211,7033,30.0,848,478,14,right_elbow,0.42822346091270447,0.42118552327156067,0.16668248176574707,0.25513777136802673,0.9973421692848206
side_person17.mp4,side,211,7033,30.0,848,478,15,left_wrist,0.3300873041152954,0.41227278113365173,-0.23927773535251617,0.9770073294639587,0.9932039976119995
side_person17.mp4,side,211,7033,30.0,848,478,16,right_wrist,0.3779947757720947,0.43915316462516785,0.10240904241800308,0.3201870322227478,0.9878416657447815
side_person17.mp4,side,211,7033,30.0,848,478,17,left_pinky,0.3085508644580841,0.40891033411026,-0.2795054316520691,0.9658862352371216,0.9892533421516418
side_person17.mp4,side,211,7033,30.0,848,478,18,right_pinky,0.3688817322254181,0.41674548387527466,0.10204394161701202,0.32809361815452576,0.9848918914794922
side_person17.mp4,side,211,7033,30.0,848,478,19,left_index,0.3067615032196045,0.4001607894897461,-0.2573804557323456,0.9623850584030151,0.9888784885406494
side_person17.mp4,side,211,7033,30.0,848,478,20,right_index,0.3692708909511566,0.41229087114334106,0.07160098105669022,0.3405507802963257,0.9829962849617004
side_person17.mp4,side,211,7033,30.0,848,478,21,left_thumb,0.3156055510044098,0.40220436453819275,-0.23129500448703766,0.9411925077438354,0.9902712106704712
side_person17.mp4,side,211,7033,30.0,848,478,22,right_thumb,0.3673192858695984,0.4300650358200073,0.08598469197750092,0.3645237386226654,0.9844567179679871
side_person17.mp4,side,211,7033,30.0,848,478,23,left_hip,0.567271888256073,0.6102355718612671,-0.10645823925733566,0.9982767105102539,0.9986608028411865
side_person17.mp4,side,211,7033,30.0,848,478,24,right_hip,0.5511627793312073,0.5956137180328369,0.10653167963027954,0.9964967966079712,0.9988335967063904
side_person17.mp4,side,211,7033,30.0,848,478,25,left_knee,0.4809568226337433,0.7453764081001282,-0.07168366760015488,0.9310908913612366,0.9966210126876831
side_person17.mp4,side,211,7033,30.0,848,478,26,right_knee,0.46646252274513245,0.7029063105583191,0.11357270181179047,0.40271851420402527,0.9968721270561218
side_person17.mp4,side,211,7033,30.0,848,478,27,left_ankle,0.5052992105484009,0.9052433371543884,0.06164465844631195,0.9461560845375061,0.9896042346954346
side_person17.mp4,side,211,7033,30.0,848,478,28,right_ankle,0.4967822730541229,0.8827909231185913,0.2432647943496704,0.5256467461585999,0.9973419308662415
side_person17.mp4,side,211,7033,30.0,848,478,29,left_heel,0.5161355137825012,0.9278996586799622,0.07558079808950424,0.9289795160293579,0.9885278940200806
side_person17.mp4,side,211,7033,30.0,848,478,30,right_heel,0.5092462301254272,0.9108369946479797,0.2575541138648987,0.6752018928527832,0.9966803789138794
side_person17.mp4,side,211,7033,30.0,848,478,31,left_foot_index,0.46486011147499084,0.9297559261322021,0.05741531401872635,0.9203828573226929,0.9872683882713318
side_person17.mp4,side,211,7033,30.0,848,478,32,right_foot_index,0.4609251916408539,0.921089231967926,0.2483675628900528,0.6463255286216736,0.9950719475746155
side_person17.mp4,side,212,7067,30.0,848,478,0,nose,0.4509546458721161,0.3455082178115845,-0.09515509754419327,0.9979062080383301,0.9957630634307861
side_person17.mp4,side,212,7067,30.0,848,478,1,left_eye_inner,0.4512471854686737,0.3262903690338135,-0.11760881543159485,0.9976625442504883,0.9961109757423401
side_person17.mp4,side,212,7067,30.0,848,478,2,left_eye,0.4523216485977173,0.325300008058548,-0.11766959726810455,0.997765064239502,0.9962676167488098
side_person17.mp4,side,212,7067,30.0,848,478,3,left_eye_outer,0.4534521996974945,0.32442134618759155,-0.11772637814283371,0.9983850717544556,0.9964478015899658
side_person17.mp4,side,212,7067,30.0,848,478,4,right_eye_inner,0.4510301947593689,0.32606416940689087,-0.08489274233579636,0.9971569776535034,0.9957375526428223
side_person17.mp4,side,212,7067,30.0,848,478,5,right_eye,0.4519422650337219,0.32490473985671997,-0.08491264283657074,0.9969335794448853,0.995561957359314
side_person17.mp4,side,212,7067,30.0,848,478,6,right_eye_outer,0.45300549268722534,0.32366853952407837,-0.08494434505701065,0.9978209733963013,0.9953237175941467
side_person17.mp4,side,212,7067,30.0,848,478,7,left_ear,0.46596959233283997,0.3227860927581787,-0.16947007179260254,0.9962625503540039,0.9959648847579956
side_person17.mp4,side,212,7067,30.0,848,478,8,right_ear,0.4659375548362732,0.3211738169193268,-0.02457713894546032,0.9969011545181274,0.9946032166481018
side_person17.mp4,side,212,7067,30.0,848,478,9,mouth_left,0.45841947197914124,0.35881564021110535,-0.11064593493938446,0.9962834119796753,0.9955751895904541
side_person17.mp4,side,212,7067,30.0,848,478,10,mouth_right,0.4581557810306549,0.3595958650112152,-0.06827452778816223,0.9935884475708008,0.9947564601898193
side_person17.mp4,side,212,7067,30.0,848,478,11,left_shoulder,0.49150270223617554,0.4022943675518036,-0.25100088119506836,0.99892258644104,0.9944196343421936
side_person17.mp4,side,212,7067,30.0,848,478,12,right_shoulder,0.49669474363327026,0.39502251148223877,0.08709075301885605,0.9949790835380554,0.9933630228042603
side_person17.mp4,side,212,7067,30.0,848,478,13,left_elbow,0.410418838262558,0.43430280685424805,-0.30906787514686584,0.9858871102333069,0.9984292387962341
side_person17.mp4,side,212,7067,30.0,848,478,14,right_elbow,0.42798787355422974,0.43382278084754944,0.12965233623981476,0.24360916018486023,0.9979648590087891
side_person17.mp4,side,212,7067,30.0,848,478,15,left_wrist,0.32898664474487305,0.4239753484725952,-0.26900026202201843,0.977495551109314,0.9952204823493958
side_person17.mp4,side,212,7067,30.0,848,478,16,right_wrist,0.37771862745285034,0.43730542063713074,0.07271184027194977,0.307056725025177,0.9896557331085205
side_person17.mp4,side,212,7067,30.0,848,478,17,left_pinky,0.30661195516586304,0.42085912823677063,-0.3114131689071655,0.9667760729789734,0.9923350214958191
side_person17.mp4,side,212,7067,30.0,848,478,18,right_pinky,0.3673805296421051,0.4345571994781494,0.07055483013391495,0.3171848952770233,0.9877298474311829
side_person17.mp4,side,212,7067,30.0,848,478,19,left_index,0.3062452971935272,0.4119676947593689,-0.2914756238460541,0.9634300470352173,0.9921838641166687
side_person17.mp4,side,212,7067,30.0,848,478,20,right_index,0.36697497963905334,0.4329618513584137,0.04060482978820801,0.3292924463748932,0.9858871102333069
side_person17.mp4,side,212,7067,30.0,848,478,21,left_thumb,0.31418395042419434,0.4140762388706207,-0.26244810223579407,0.9426398873329163,0.9931209683418274
side_person17.mp4,side,212,7067,30.0,848,478,22,right_thumb,0.36618953943252563,0.44489243626594543,0.05665695294737816,0.35319972038269043,0.9873743653297424
side_person17.mp4,side,212,7067,30.0,848,478,23,left_hip,0.5672469139099121,0.6205645799636841,-0.1059071347117424,0.9983640909194946,0.9990137815475464
side_person17.mp4,side,212,7067,30.0,848,478,24,right_hip,0.550909161567688,0.6023194193840027,0.105979323387146,0.9967041015625,0.9991542100906372
side_person17.mp4,side,212,7067,30.0,848,478,25,left_knee,0.4785330891609192,0.7481896281242371,-0.05632951855659485,0.9318018555641174,0.9979162812232971
side_person17.mp4,side,212,7067,30.0,848,478,26,right_knee,0.46576711535453796,0.7027316689491272,0.12054704874753952,0.4146551191806793,0.9979835748672485
side_person17.mp4,side,212,7067,30.0,848,478,27,left_ankle,0.5039768218994141,0.9060181379318237,0.09551329165697098,0.9456526637077332,0.9945684671401978
side_person17.mp4,side,212,7067,30.0,848,478,28,right_ankle,0.49689725041389465,0.8823710083961487,0.2713565230369568,0.5294557809829712,0.998672366142273
side_person17.mp4,side,212,7067,30.0,848,478,29,left_heel,0.5162512063980103,0.929894208908081,0.11084365844726562,0.9285650849342346,0.9939715266227722
side_person17.mp4,side,212,7067,30.0,848,478,30,right_heel,0.5092700123786926,0.9107469320297241,0.2872474193572998,0.677530825138092,0.9983643889427185
side_person17.mp4,side,212,7067,30.0,848,478,31,left_foot_index,0.46477484703063965,0.9294735789299011,0.09494615346193314,0.920011579990387,0.9934632778167725
side_person17.mp4,side,212,7067,30.0,848,478,32,right_foot_index,0.4609377384185791,0.920109212398529,0.2836343050003052,0.6480766534805298,0.9977200627326965
side_person17.mp4,side,213,7100,30.0,848,478,0,nose,0.450585275888443,0.3547995388507843,-0.1208484098315239,0.998018205165863,0.9970576763153076
side_person17.mp4,side,213,7100,30.0,848,478,1,left_eye_inner,0.4510818123817444,0.3358553647994995,-0.141562357544899,0.9977788329124451,0.9970013499259949
side_person17.mp4,side,213,7100,30.0,848,478,2,left_eye,0.4521856904029846,0.3349967300891876,-0.1416110396385193,0.9978786706924438,0.9970453381538391
side_person17.mp4,side,213,7100,30.0,848,478,3,left_eye_outer,0.45334550738334656,0.33427780866622925,-0.14167381823062897,0.9984683394432068,0.9971179962158203
side_person17.mp4,side,213,7100,30.0,848,478,4,right_eye_inner,0.45080235600471497,0.3356555998325348,-0.10977263003587723,0.9972875714302063,0.9968655705451965
side_person17.mp4,side,213,7100,30.0,848,478,5,right_eye,0.451724648475647,0.33452922105789185,-0.10980338603258133,0.9970779418945312,0.9967576861381531
side_person17.mp4,side,213,7100,30.0,848,478,6,right_eye_outer,0.4527960419654846,0.333381712436676,-0.10983075201511383,0.9979183673858643,0.9966179728507996
side_person17.mp4,side,213,7100,30.0,848,478,7,left_ear,0.46586987376213074,0.33360913395881653,-0.18832698464393616,0.9963884949684143,0.9963269829750061
side_person17.mp4,side,213,7100,30.0,848,478,8,right_ear,0.46569907665252686,0.33153027296066284,-0.04726143926382065,0.997058093547821,0.9958478212356567
side_person17.mp4,side,213,7100,30.0,848,478,9,mouth_left,0.45793676376342773,0.36835235357284546,-0.135050967335701,0.9964291453361511,0.9961567521095276
side_person17.mp4,side,213,7100,30.0,848,478,10,mouth_right,0.45753929018974304,0.3690304756164551,-0.0937274694442749,0.9938084483146667,0.9957457184791565
side_person17.mp4,side,213,7100,30.0,848,478,11,left_shoulder,0.4917484521865845,0.41366681456565857,-0.26470181345939636,0.9988498091697693,0.9928673505783081
side_person17.mp4,side,213,7100,30.0,848,478,12,right_shoulder,0.4945094585418701,0.40649738907814026,0.05442854017019272,0.9949213862419128,0.9948537945747375
side_person17.mp4,side,213,7100,30.0,848,478,13,left_elbow,0.41043561697006226,0.44311442971229553,-0.3309890031814575,0.9857733845710754,0.9982938170433044
side_person17.mp4,side,213,7100,30.0,848,478,14,right_elbow,0.4226669669151306,0.4427931606769562,0.07829482853412628,0.2483959048986435,0.9987229704856873
side_person17.mp4,side,213,7100,30.0,848,478,15,left_wrist,0.32922396063804626,0.43715089559555054,-0.3082979917526245,0.9781851768493652,0.9951110482215881
side_person17.mp4,side,213,7100,30.0,848,478,16,right_wrist,0.3578626215457916,0.44078829884529114,0.006765570491552353,0.3101121485233307,0.9913391470909119
side_person17.mp4,side,213,7100,30.0,848,478,17,left_pinky,0.30722394585609436,0.4326564073562622,-0.35399824380874634,0.9677788019180298,0.991983950138092
side_person17.mp4,side,213,7100,30.0,848,478,18,right_pinky,0.33920326828956604,0.43577519059181213,-0.0004723968158941716,0.3205331563949585,0.9882087707519531
side_person17.mp4,side,213,7100,30.0,848,478,19,left_index,0.3063375651836395,0.4244491159915924,-0.33460915088653564,0.96457839012146,0.9919548630714417
side_person17.mp4,side,213,7100,30.0,848,478,20,right_index,0.33597126603126526,0.4316381812095642,-0.03189532086253166,0.332356721162796,0.9858540892601013
side_person17.mp4,side,213,7100,30.0,848,478,21,left_thumb,0.31498557329177856,0.4267861545085907,-0.30293235182762146,0.9443793296813965,0.9929176568984985
side_person17.mp4,side,213,7100,30.0,848,478,22,right_thumb,0.3402644693851471,0.43678537011146545,-0.010655093006789684,0.3571375608444214,0.9879853129386902
side_person17.mp4,side,213,7100,30.0,848,478,23,left_hip,0.5681665539741516,0.6293252110481262,-0.10346472263336182,0.9984506964683533,0.9989622831344604
side_person17.mp4,side,213,7100,30.0,848,478,24,right_hip,0.5507360696792603,0.6089938282966614,0.10353202372789383,0.9969289898872375,0.9993870258331299
side_person17.mp4,side,213,7100,30.0,848,478,25,left_knee,0.4773244261741638,0.7517094016075134,-0.05875607207417488,0.9340057969093323,0.9973886609077454
side_person17.mp4,side,213,7100,30.0,848,478,26,right_knee,0.4638669490814209,0.7022077441215515,0.1188216283917427,0.42902514338493347,0.9982450008392334
side_person17.mp4,side,213,7100,30.0,848,478,27,left_ankle,0.5037410855293274,0.9060021638870239,0.09384080767631531,0.9456438422203064,0.9937843084335327
side_person17.mp4,side,213,7100,30.0,848,478,28,right_ankle,0.49732205271720886,0.8821641802787781,0.27133625745773315,0.5326042771339417,0.9986288547515869
side_person17.mp4,side,213,7100,30.0,848,478,29,left_heel,0.5163184404373169,0.9303115010261536,0.10973802953958511,0.9288217425346375,0.9933212399482727
side_person17.mp4,side,213,7100,30.0,848,478,30,right_heel,0.5094569325447083,0.9106184244155884,0.28734728693962097,0.6779070496559143,0.99826580286026
side_person17.mp4,side,213,7100,30.0,848,478,31,left_foot_index,0.46443215012550354,0.928400993347168,0.09660334885120392,0.9197995662689209,0.9918860197067261
side_person17.mp4,side,213,7100,30.0,848,478,32,right_foot_index,0.4609455168247223,0.9198904633522034,0.2818351686000824,0.6477135419845581,0.9971960783004761
side_person17.mp4,side,214,7133,30.0,848,478,0,nose,0.4496671259403229,0.3656407296657562,-0.13724151253700256,0.9981549382209778,0.9978747367858887
side_person17.mp4,side,214,7133,30.0,848,478,1,left_eye_inner,0.450209379196167,0.3470035493373871,-0.15772557258605957,0.9979315996170044,0.9978273510932922
side_person17.mp4,side,214,7133,30.0,848,478,2,left_eye,0.4513690769672394,0.3462158441543579,-0.15777017176151276,0.9980262517929077,0.997835099697113
side_person17.mp4,side,214,7133,30.0,848,478,3,left_eye_outer,0.452588826417923,0.34560051560401917,-0.15784139931201935,0.998572826385498,0.997866690158844
side_person17.mp4,side,214,7133,30.0,848,478,4,right_eye_inner,0.4497474133968353,0.34661632776260376,-0.1263880729675293,0.9974568486213684,0.9977102279663086
side_person17.mp4,side,214,7133,30.0,848,478,5,right_eye,0.450596421957016,0.34549805521965027,-0.12643572688102722,0.997265100479126,0.9976019263267517
side_person17.mp4,side,214,7133,30.0,848,478,6,right_eye_outer,0.4515967071056366,0.34436529874801636,-0.12647077441215515,0.998047411441803,0.9974616765975952
side_person17.mp4,side,214,7133,30.0,848,478,7,left_ear,0.4651765525341034,0.3448304235935211,-0.20389442145824432,0.996600329875946,0.9971398115158081
side_person17.mp4,side,214,7133,30.0,848,478,8,right_ear,0.4647905230522156,0.3422259986400604,-0.06474640965461731,0.9972540736198425,0.99672532081604
side_person17.mp4,side,214,7133,30.0,848,478,9,mouth_left,0.4569169580936432,0.37927818298339844,-0.1512850821018219,0.9966580271720886,0.997098445892334
side_person17.mp4,side,214,7133,30.0,848,478,10,mouth_right,0.45626547932624817,0.3800150156021118,-0.11051768809556961,0.9941796660423279,0.9968501925468445
side_person17.mp4,side,214,7133,30.0,848,478,11,left_shoulder,0.4919176697731018,0.426401823759079,-0.2744711637496948,0.9988048076629639,0.9937997460365295
side_person17.mp4,side,214,7133,30.0,848,478,12,right_shoulder,0.49162033200263977,0.41572946310043335,0.03190372884273529,0.9949145317077637,0.9962079524993896
side_person17.mp4,side,214,7133,30.0,848,478,13,left_elbow,0.4104432165622711,0.455963671207428,-0.33069053292274475,0.9855893850326538,0.9983945488929749
side_person17.mp4,side,214,7133,30.0,848,478,14,right_elbow,0.4170946776866913,0.4518628418445587,0.05721545219421387,0.259581983089447,0.9990033507347107
side_person17.mp4,side,214,7133,30.0,848,478,15,left_wrist,0.33052563667297363,0.44753238558769226,-0.30328184366226196,0.9787012338638306,0.996556282043457
side_person17.mp4,side,214,7133,30.0,848,478,16,right_wrist,0.3436313271522522,0.447989821434021,-0.01429594587534666,0.3213862478733063,0.9922795295715332
side_person17.mp4,side,214,7133,30.0,848,478,17,left_pinky,0.307637482881546,0.4427020847797394,-0.34738484025001526,0.968585193157196,0.99439936876297
side_person17.mp4,side,214,7133,30.0,848,478,18,right_pinky,0.32495006918907166,0.4423132538795471,-0.023812178522348404,0.3317507207393646,0.988621175289154
side_person17.mp4,side,214,7133,30.0,848,478,19,left_index,0.30807235836982727,0.43445509672164917,-0.331299751996994,0.9655271172523499,0.9944829344749451
side_person17.mp4,side,214,7133,30.0,848,478,20,right_index,0.3221989870071411,0.438431978225708,-0.0549221970140934,0.34377774596214294,0.9867135286331177
side_person17.mp4,side,214,7133,30.0,848,478,21,left_thumb,0.3180035352706909,0.4361696243286133,-0.29887527227401733,0.9459470510482788,0.9951667785644531
side_person17.mp4,side,214,7133,30.0,848,478,22,right_thumb,0.3273087739944458,0.44160181283950806,-0.031731221824884415,0.3702281713485718,0.9890713691711426
side_person17.mp4,side,214,7133,30.0,848,478,23,left_hip,0.5682549476623535,0.6376492977142334,-0.10126032680273056,0.9985583424568176,0.9992449283599854
side_person17.mp4,side,214,7133,30.0,848,478,24,right_hip,0.55027836561203,0.6155681610107422,0.10132669657468796,0.9971595406532288,0.9995693564414978
side_person17.mp4,side,214,7133,30.0,848,478,25,left_knee,0.47436556220054626,0.7522468566894531,-0.0579681433737278,0.9369972348213196,0.9985383749008179
side_person17.mp4,side,214,7133,30.0,848,478,26,right_knee,0.46186307072639465,0.7019456624984741,0.13017451763153076,0.4436371326446533,0.9989020824432373
side_person17.mp4,side,214,7133,30.0,848,478,27,left_ankle,0.5039021968841553,0.9059794545173645,0.0996025800704956,0.9469329118728638,0.9962906837463379
side_person17.mp4,side,214,7133,30.0,848,478,28,right_ankle,0.49726277589797974,0.8669795393943787,0.3016168773174286,0.5368955731391907,0.9991337656974792
side_person17.mp4,side,214,7133,30.0,848,478,29,left_heel,0.5163779258728027,0.9293068051338196,0.11598145961761475,0.9302375912666321,0.9959047436714172
side_person17.mp4,side,214,7133,30.0,848,478,30,right_heel,0.5097135901451111,0.9067564606666565,0.32008251547813416,0.6812046766281128,0.9989381432533264
side_person17.mp4,side,214,7133,30.0,848,478,31,left_foot_index,0.46449488401412964,0.9281296730041504,0.1073182225227356,0.9212960600852966,0.9939863681793213
side_person17.mp4,side,214,7133,30.0,848,478,32,right_foot_index,0.46138039231300354,0.9131847023963928,0.3251759111881256,0.6499575972557068,0.9981592297554016
side_person17.mp4,side,215,7167,30.0,848,478,0,nose,0.4488446116447449,0.37769874930381775,-0.1330835521221161,0.9982665181159973,0.9975484013557434
side_person17.mp4,side,215,7167,30.0,848,478,1,left_eye_inner,0.44939789175987244,0.3587666153907776,-0.15374869108200073,0.9980641007423401,0.9975088834762573
side_person17.mp4,side,215,7167,30.0,848,478,2,left_eye,0.4505322277545929,0.3578575551509857,-0.15378759801387787,0.9981549382209778,0.9975103139877319
side_person17.mp4,side,215,7167,30.0,848,478,3,left_eye_outer,0.4516816735267639,0.3571130335330963,-0.15385620296001434,0.9986635446548462,0.9975469708442688
side_person17.mp4,side,215,7167,30.0,848,478,4,right_eye_inner,0.44890111684799194,0.3584931492805481,-0.122672900557518,0.9976004362106323,0.9973383545875549
side_person17.mp4,side,215,7167,30.0,848,478,5,right_eye,0.4497111439704895,0.35732781887054443,-0.12272240221500397,0.9974250197410583,0.9971875548362732
side_person17.mp4,side,215,7167,30.0,848,478,6,right_eye_outer,0.4506490230560303,0.3561632037162781,-0.12275814265012741,0.998155951499939,0.9969828724861145
side_person17.mp4,side,215,7167,30.0,848,478,7,left_ear,0.46452656388282776,0.3559320867061615,-0.200417622923851,0.9967712759971619,0.9967443943023682
side_person17.mp4,side,215,7167,30.0,848,478,8,right_ear,0.46433722972869873,0.3534195125102997,-0.06271380186080933,0.9974181652069092,0.996061384677887
side_person17.mp4,side,215,7167,30.0,848,478,9,mouth_left,0.4561103582382202,0.39006850123405457,-0.14721837639808655,0.9968395233154297,0.9967760443687439
side_person17.mp4,side,215,7167,30.0,848,478,10,mouth_right,0.4554777443408966,0.3911566436290741,-0.10687141865491867,0.9944749474525452,0.996382474899292
side_person17.mp4,side,215,7167,30.0,848,478,11,left_shoulder,0.49168819189071655,0.43613743782043457,-0.26910942792892456,0.99875408411026,0.9941303133964539
side_person17.mp4,side,215,7167,30.0,848,478,12,right_shoulder,0.49045252799987793,0.4256995618343353,0.03437189385294914,0.9948743581771851,0.995750904083252
side_person17.mp4,side,215,7167,30.0,848,478,13,left_elbow,0.4098345935344696,0.4668850302696228,-0.32495084404945374,0.9852086901664734,0.9985471367835999
side_person17.mp4,side,215,7167,30.0,848,478,14,right_elbow,0.4160727858543396,0.4639014005661011,0.06560519337654114,0.26347872614860535,0.9987824559211731
side_person17.mp4,side,215,7167,30.0,848,478,15,left_wrist,0.33072856068611145,0.45738112926483154,-0.30231213569641113,0.9792878031730652,0.997298538684845
side_person17.mp4,side,215,7167,30.0,848,478,16,right_wrist,0.3455180823802948,0.45968738198280334,-0.0007560080848634243,0.3269593417644501,0.9916302561759949
side_person17.mp4,side,215,7167,30.0,848,478,17,left_pinky,0.3084341883659363,0.4515798091888428,-0.34156641364097595,0.9695072174072266,0.9954786896705627
side_person17.mp4,side,215,7167,30.0,848,478,18,right_pinky,0.3317229449748993,0.45498955249786377,-0.008508579805493355,0.33844444155693054,0.9883266091346741
side_person17.mp4,side,215,7167,30.0,848,478,19,left_index,0.3191070854663849,0.42833319306373596,-0.3172215223312378,0.9666107892990112,0.9955477714538574
side_person17.mp4,side,215,7167,30.0,848,478,20,right_index,0.3296207785606384,0.4505779445171356,-0.039156120270490646,0.3508163392543793,0.9864878058433533
side_person17.mp4,side,215,7167,30.0,848,478,21,left_thumb,0.3205823600292206,0.4460068941116333,-0.28970980644226074,0.9477410316467285,0.9961657524108887
side_person17.mp4,side,215,7167,30.0,848,478,22,right_thumb,0.3322632312774658,0.45282554626464844,-0.017561353743076324,0.3785794973373413,0.988606870174408
side_person17.mp4,side,215,7167,30.0,848,478,23,left_hip,0.5684714913368225,0.64621502161026,-0.09930190443992615,0.9986516237258911,0.9992504715919495
side_person17.mp4,side,215,7167,30.0,848,478,24,right_hip,0.5501888394355774,0.6226121187210083,0.0993691012263298,0.9973687529563904,0.9995620846748352
side_person17.mp4,side,215,7167,30.0,848,478,25,left_knee,0.4722394347190857,0.7527485489845276,-0.05341004580259323,0.9394641518592834,0.9985458850860596
side_person17.mp4,side,215,7167,30.0,848,478,26,right_knee,0.46092748641967773,0.7042147517204285,0.13150233030319214,0.4551447927951813,0.9988530874252319
side_person17.mp4,side,215,7167,30.0,848,478,27,left_ankle,0.5042163133621216,0.9059466123580933,0.10894886404275894,0.9475210309028625,0.9963571429252625
side_person17.mp4,side,215,7167,30.0,848,478,28,right_ankle,0.4973750710487366,0.8677111268043518,0.2997908592224121,0.5391834378242493,0.9991158843040466
side_person17.mp4,side,215,7167,30.0,848,478,29,left_heel,0.5164795517921448,0.9289827346801758,0.1261221021413803,0.9309413433074951,0.9960491061210632
side_person17.mp4,side,215,7167,30.0,848,478,30,right_heel,0.5097107291221619,0.9042173624038696,0.3182046413421631,0.6823126673698425,0.9989339709281921
side_person17.mp4,side,215,7167,30.0,848,478,31,left_foot_index,0.464503675699234,0.9282838106155396,0.12182866036891937,0.9218989014625549,0.9943674206733704
side_person17.mp4,side,215,7167,30.0,848,478,32,right_foot_index,0.461493581533432,0.9131574034690857,0.3247928321361542,0.6508010029792786,0.9982171654701233
side_person17.mp4,side,216,7200,30.0,848,478,0,nose,0.4475570321083069,0.3868739902973175,-0.12351050227880478,0.9983528256416321,0.9975837469100952
side_person17.mp4,side,216,7200,30.0,848,478,1,left_eye_inner,0.44822263717651367,0.3683381676673889,-0.14378860592842102,0.9981610178947449,0.9974343180656433
side_person17.mp4,side,216,7200,30.0,848,478,2,left_eye,0.4492952525615692,0.36741316318511963,-0.14383280277252197,0.998252809047699,0.9973873496055603
side_person17.mp4,side,216,7200,30.0,848,478,3,left_eye_outer,0.4503796398639679,0.3665831685066223,-0.14389877021312714,0.9987291693687439,0.9973959922790527
side_person17.mp4,side,216,7200,30.0,848,478,4,right_eye_inner,0.44773799180984497,0.36806219816207886,-0.11283908784389496,0.9977064728736877,0.9974187612533569
side_person17.mp4,side,216,7200,30.0,848,478,5,right_eye,0.44851475954055786,0.3669002056121826,-0.11288176476955414,0.997553288936615,0.9973133206367493
side_person17.mp4,side,216,7200,30.0,848,478,6,right_eye_outer,0.44941046833992004,0.36570489406585693,-0.1129119023680687,0.9982426166534424,0.997187077999115
side_person17.mp4,side,216,7200,30.0,848,478,7,left_ear,0.4632714092731476,0.36528730392456055,-0.1902092844247818,0.9968696236610413,0.9962880611419678
side_person17.mp4,side,216,7200,30.0,848,478,8,right_ear,0.46314772963523865,0.3629576563835144,-0.052478305995464325,0.9975538849830627,0.9962759017944336
side_person17.mp4,side,216,7200,30.0,848,478,9,mouth_left,0.4547247290611267,0.39983677864074707,-0.13755649328231812,0.9969859719276428,0.9969202280044556
side_person17.mp4,side,216,7200,30.0,848,478,10,mouth_right,0.45405977964401245,0.4008643925189972,-0.09727455675601959,0.9947168827056885,0.9967526793479919
side_person17.mp4,side,216,7200,30.0,848,478,11,left_shoulder,0.4909325838088989,0.44483792781829834,-0.26499390602111816,0.9986989498138428,0.9939565658569336
side_person17.mp4,side,216,7200,30.0,848,478,12,right_shoulder,0.48810237646102905,0.4353097677230835,0.04186330735683441,0.9948719143867493,0.9965768456459045
side_person17.mp4,side,216,7200,30.0,848,478,13,left_elbow,0.40918946266174316,0.47765105962753296,-0.30994877219200134,0.9849565029144287,0.9986585378646851
side_person17.mp4,side,216,7200,30.0,848,478,14,right_elbow,0.41475194692611694,0.47390446066856384,0.07286854833364487,0.27459219098091125,0.9991457462310791
side_person17.mp4,side,216,7200,30.0,848,478,15,left_wrist,0.33080458641052246,0.46805340051651,-0.2966834008693695,0.980116605758667,0.9970110654830933
side_person17.mp4,side,216,7200,30.0,848,478,16,right_wrist,0.3448425829410553,0.4706272780895233,0.0056518372148275375,0.34231919050216675,0.9947137236595154
side_person17.mp4,side,216,7200,30.0,848,478,17,left_pinky,0.30920833349227905,0.46131575107574463,-0.3358258008956909,0.9707484841346741,0.9950518012046814
side_person17.mp4,side,216,7200,30.0,848,478,18,right_pinky,0.33311837911605835,0.46383216977119446,-0.0015403561992570758,0.3539377748966217,0.9921820163726807
side_person17.mp4,side,216,7200,30.0,848,478,19,left_index,0.31992247700691223,0.4380808174610138,-0.30924299359321594,0.9680020809173584,0.9950906038284302
side_person17.mp4,side,216,7200,30.0,848,478,20,right_index,0.3314244747161865,0.4604688584804535,-0.03276883065700531,0.36649611592292786,0.9908400177955627
side_person17.mp4,side,216,7200,30.0,848,478,21,left_thumb,0.3215605616569519,0.4569582939147949,-0.28226736187934875,0.949926495552063,0.9957455992698669
side_person17.mp4,side,216,7200,30.0,848,478,22,right_thumb,0.33295515179634094,0.46287909150123596,-0.011290844529867172,0.3950534164905548,0.9925421476364136
side_person17.mp4,side,216,7200,30.0,848,478,23,left_hip,0.5686376094818115,0.6546494960784912,-0.09646034240722656,0.9987166523933411,0.9988018274307251
side_person17.mp4,side,216,7200,30.0,848,478,24,right_hip,0.5500981211662292,0.6314850449562073,0.09654418379068375,0.9975321292877197,0.999366819858551
side_person17.mp4,side,216,7200,30.0,848,478,25,left_knee,0.47174450755119324,0.7530694603919983,-0.05505077913403511,0.9414529800415039,0.998324453830719
side_person17.mp4,side,216,7200,30.0,848,478,26,right_knee,0.4605461359024048,0.703885018825531,0.13326922059059143,0.46538203954696655,0.9987838864326477
side_person17.mp4,side,216,7200,30.0,848,478,27,left_ankle,0.5040925741195679,0.9057658314704895,0.10688453167676926,0.9464855790138245,0.9958836436271667
side_person17.mp4,side,216,7200,30.0,848,478,28,right_ankle,0.4972556233406067,0.8606112599372864,0.2912469208240509,0.5406627058982849,0.9990252256393433
side_person17.mp4,side,216,7200,30.0,848,478,29,left_heel,0.5164045095443726,0.928709864616394,0.1240263506770134,0.9298602938652039,0.9955722093582153
side_person17.mp4,side,216,7200,30.0,848,478,30,right_heel,0.5088160037994385,0.8999369740486145,0.30837565660476685,0.6826155781745911,0.9988561868667603
side_person17.mp4,side,216,7200,30.0,848,478,31,left_foot_index,0.4640260636806488,0.9282336831092834,0.12229562550783157,0.920278012752533,0.994272768497467
side_person17.mp4,side,216,7200,30.0,848,478,32,right_foot_index,0.4610283672809601,0.9125308990478516,0.3150893747806549,0.6530842781066895,0.9982298016548157
side_person17.mp4,side,217,7233,30.0,848,478,0,nose,0.4470648765563965,0.39874011278152466,-0.1272794008255005,0.9984449744224548,0.9980505704879761
side_person17.mp4,side,217,7233,30.0,848,478,1,left_eye_inner,0.4475122094154358,0.3798494040966034,-0.14685280621051788,0.9982595443725586,0.9979104399681091
side_person17.mp4,side,217,7233,30.0,848,478,2,left_eye,0.4484836161136627,0.3788284361362457,-0.146890327334404,0.9983488917350769,0.9978798627853394
side_person17.mp4,side,217,7233,30.0,848,478,3,left_eye_outer,0.44954681396484375,0.3777504563331604,-0.14695747196674347,0.9987944960594177,0.9978938698768616
side_person17.mp4,side,217,7233,30.0,848,478,4,right_eye_inner,0.4471485912799835,0.3795282542705536,-0.11609520018100739,0.9978165626525879,0.9979239702224731
side_person17.mp4,side,217,7233,30.0,848,478,5,right_eye,0.44792136549949646,0.37825363874435425,-0.11613919585943222,0.997681200504303,0.9978408813476562
side_person17.mp4,side,217,7233,30.0,848,478,6,right_eye_outer,0.4489206373691559,0.37669336795806885,-0.11616044491529465,0.998333752155304,0.9977602958679199
side_person17.mp4,side,217,7233,30.0,848,478,7,left_ear,0.46227148175239563,0.3764819800853729,-0.19155628979206085,0.9969648718833923,0.9969345331192017
side_person17.mp4,side,217,7233,30.0,848,478,8,right_ear,0.46231117844581604,0.3740620017051697,-0.053951602429151535,0.9976882934570312,0.9970077872276306
side_person17.mp4,side,217,7233,30.0,848,478,9,mouth_left,0.45413312315940857,0.4114809036254883,-0.14088858664035797,0.9971320629119873,0.9974357485771179
side_person17.mp4,side,217,7233,30.0,848,478,10,mouth_right,0.45359331369400024,0.4123104512691498,-0.10059956461191177,0.9949734807014465,0.9973777532577515
side_person17.mp4,side,217,7233,30.0,848,478,11,left_shoulder,0.48989591002464294,0.45430999994277954,-0.2607489228248596,0.9986655116081238,0.9946500658988953
side_person17.mp4,side,217,7233,30.0,848,478,12,right_shoulder,0.48582029342651367,0.4459475874900818,0.03756210580468178,0.9949766397476196,0.9973939657211304
side_person17.mp4,side,217,7233,30.0,848,478,13,left_elbow,0.40795719623565674,0.4871266782283783,-0.3134620487689972,0.9850951433181763,0.9987131357192993
side_person17.mp4,side,217,7233,30.0,848,478,14,right_elbow,0.4119274616241455,0.48286423087120056,0.06592122465372086,0.2908136546611786,0.9992973804473877
side_person17.mp4,side,217,7233,30.0,848,478,15,left_wrist,0.32880377769470215,0.47792547941207886,-0.3044183850288391,0.9810454845428467,0.9965003728866577
side_person17.mp4,side,217,7233,30.0,848,478,16,right_wrist,0.3417104184627533,0.4786486029624939,-0.0039573959074914455,0.36044803261756897,0.9951253533363342
side_person17.mp4,side,217,7233,30.0,848,478,17,left_pinky,0.3071935772895813,0.472859263420105,-0.3501300811767578,0.9720779657363892,0.9939996004104614
side_person17.mp4,side,217,7233,30.0,848,478,18,right_pinky,0.3298527002334595,0.4716532826423645,-0.011645923368632793,0.37172043323516846,0.9924322366714478
side_person17.mp4,side,217,7233,30.0,848,478,19,left_index,0.3149372935295105,0.4616380035877228,-0.3307524621486664,0.9694787859916687,0.9941100478172302
side_person17.mp4,side,217,7233,30.0,848,478,20,right_index,0.32821395993232727,0.46821290254592896,-0.04428867623209953,0.3843063414096832,0.9909665584564209
side_person17.mp4,side,217,7233,30.0,848,478,21,left_thumb,0.3204890191555023,0.4664424657821655,-0.29848119616508484,0.9521563053131104,0.9948906898498535
side_person17.mp4,side,217,7233,30.0,848,478,22,right_thumb,0.3296893537044525,0.47112998366355896,-0.021469948813319206,0.41348958015441895,0.9927510023117065
side_person17.mp4,side,217,7233,30.0,848,478,23,left_hip,0.5687731504440308,0.6629433035850525,-0.09577371180057526,0.9987605810165405,0.9986405968666077
side_person17.mp4,side,217,7233,30.0,848,478,24,right_hip,0.5499905347824097,0.6387282013893127,0.0958663672208786,0.9976648092269897,0.9993382096290588
side_person17.mp4,side,217,7233,30.0,848,478,25,left_knee,0.47003883123397827,0.7538936138153076,-0.06405191868543625,0.9430831670761108,0.9977850914001465
side_person17.mp4,side,217,7233,30.0,848,478,26,right_knee,0.45909157395362854,0.7037437558174133,0.13243301212787628,0.4716973304748535,0.9985374212265015
side_person17.mp4,side,217,7233,30.0,848,478,27,left_ankle,0.504101574420929,0.9057748913764954,0.10098722577095032,0.9446616172790527,0.9948890805244446
side_person17.mp4,side,217,7233,30.0,848,478,28,right_ankle,0.49776333570480347,0.8620613813400269,0.2872341573238373,0.5369716882705688,0.9985906481742859
side_person17.mp4,side,217,7233,30.0,848,478,29,left_heel,0.5165585279464722,0.9285707473754883,0.11853119730949402,0.9275841116905212,0.9948701858520508
side_person17.mp4,side,217,7233,30.0,848,478,30,right_heel,0.5089908242225647,0.8995978832244873,0.30407968163490295,0.6789337396621704,0.9983955025672913
side_person17.mp4,side,217,7233,30.0,848,478,31,left_foot_index,0.46408215165138245,0.9282791018486023,0.12025140225887299,0.9172592759132385,0.9933521747589111
side_person17.mp4,side,217,7233,30.0,848,478,32,right_foot_index,0.461165189743042,0.9125099182128906,0.31096768379211426,0.6505597233772278,0.9975407123565674
side_person17.mp4,side,218,7267,30.0,848,478,0,nose,0.44688481092453003,0.4064047336578369,-0.12069985270500183,0.9985010027885437,0.9975220561027527
side_person17.mp4,side,218,7267,30.0,848,478,1,left_eye_inner,0.4471571445465088,0.3876740336418152,-0.14083847403526306,0.9983218908309937,0.9975535273551941
side_person17.mp4,side,218,7267,30.0,848,478,2,left_eye,0.44806692004203796,0.3866718113422394,-0.14087574183940887,0.9984134435653687,0.9975626468658447
side_person17.mp4,side,218,7267,30.0,848,478,3,left_eye_outer,0.449042946100235,0.38575688004493713,-0.14093680679798126,0.9988346695899963,0.9976077079772949
side_person17.mp4,side,218,7267,30.0,848,478,4,right_eye_inner,0.44694656133651733,0.38738685846328735,-0.10936541855335236,0.9978798627853394,0.9974722266197205
side_person17.mp4,side,218,7267,30.0,848,478,5,right_eye,0.4477860927581787,0.38611218333244324,-0.10940074175596237,0.9977605938911438,0.9973351359367371
side_person17.mp4,side,218,7267,30.0,848,478,6,right_eye_outer,0.44882890582084656,0.38470813632011414,-0.10942208766937256,0.9983904957771301,0.9972245693206787
side_person17.mp4,side,218,7267,30.0,848,478,7,left_ear,0.46171581745147705,0.38537153601646423,-0.1867724061012268,0.9969946146011353,0.9965517520904541
side_person17.mp4,side,218,7267,30.0,848,478,8,right_ear,0.46222007274627686,0.38282492756843567,-0.04655108228325844,0.9977592825889587,0.9961400628089905
side_person17.mp4,side,218,7267,30.0,848,478,9,mouth_left,0.4537322521209717,0.41992127895355225,-0.1346724033355713,0.9971867799758911,0.9968546032905579
side_person17.mp4,side,218,7267,30.0,848,478,10,mouth_right,0.4534590244293213,0.42092838883399963,-0.09354289621114731,0.995087206363678,0.9966323971748352
side_person17.mp4,side,218,7267,30.0,848,478,11,left_shoulder,0.48769843578338623,0.46403342485427856,-0.2577146887779236,0.9985846281051636,0.993999719619751
side_person17.mp4,side,218,7267,30.0,848,478,12,right_shoulder,0.485845685005188,0.45674625039100647,0.05026598274707794,0.9948973655700684,0.9957324862480164
side_person17.mp4,side,218,7267,30.0,848,478,13,left_elbow,0.4066704511642456,0.49650534987449646,-0.30808430910110474,0.9848651885986328,0.9983766078948975
side_person17.mp4,side,218,7267,30.0,848,478,14,right_elbow,0.4121154248714447,0.49350884556770325,0.08067753911018372,0.2921232283115387,0.9987672567367554
side_person17.mp4,side,218,7267,30.0,848,478,15,left_wrist,0.32566118240356445,0.48638173937797546,-0.29497286677360535,0.9815722703933716,0.9956121444702148
side_person17.mp4,side,218,7267,30.0,848,478,16,right_wrist,0.34072238206863403,0.4880451261997223,0.011455454863607883,0.36414799094200134,0.9925185441970825
side_person17.mp4,side,218,7267,30.0,848,478,17,left_pinky,0.3020423948764801,0.4803858697414398,-0.33863991498947144,0.972907543182373,0.9928209185600281
side_person17.mp4,side,218,7267,30.0,848,478,18,right_pinky,0.3308577537536621,0.47928255796432495,0.005493571050465107,0.377468079328537,0.9891024827957153
side_person17.mp4,side,218,7267,30.0,848,478,19,left_index,0.3097701966762543,0.4724622368812561,-0.322238028049469,0.9704177379608154,0.9928245544433594
side_person17.mp4,side,218,7267,30.0,848,478,20,right_index,0.3271460235118866,0.47733837366104126,-0.026787739247083664,0.39025360345840454,0.9874825477600098
side_person17.mp4,side,218,7267,30.0,848,478,21,left_thumb,0.31785568594932556,0.47518017888069153,-0.2905091643333435,0.953635573387146,0.9936823844909668
side_person17.mp4,side,218,7267,30.0,848,478,22,right_thumb,0.3283769488334656,0.4805243909358978,-0.006019009742885828,0.4201887547969818,0.9894559979438782
side_person17.mp4,side,218,7267,30.0,848,478,23,left_hip,0.5686578154563904,0.6706777215003967,-0.09638741612434387,0.9987590312957764,0.9982244372367859
side_person17.mp4,side,218,7267,30.0,848,478,24,right_hip,0.5499172210693359,0.6476300954818726,0.0964750200510025,0.9977232813835144,0.9989056587219238
side_person17.mp4,side,218,7267,30.0,848,478,25,left_knee,0.46531274914741516,0.753490686416626,-0.0769941508769989,0.9437820911407471,0.9982112646102905
side_person17.mp4,side,218,7267,30.0,848,478,26,right_knee,0.45845067501068115,0.7038797736167908,0.13880042731761932,0.4695015549659729,0.9984813332557678
side_person17.mp4,side,218,7267,30.0,848,478,27,left_ankle,0.5039464235305786,0.9051780104637146,0.0957951620221138,0.9436588287353516,0.9970811009407043
side_person17.mp4,side,218,7267,30.0,848,478,28,right_ankle,0.49808230996131897,0.8616562485694885,0.2913929522037506,0.5352954864501953,0.9987877011299133
side_person17.mp4,side,218,7267,30.0,848,478,29,left_heel,0.5165659189224243,0.9282609224319458,0.11129970103502274,0.9265895485877991,0.9971662163734436
side_person17.mp4,side,218,7267,30.0,848,478,30,right_heel,0.5091847777366638,0.8969325423240662,0.3079048693180084,0.6768097281455994,0.9987285733222961
side_person17.mp4,side,218,7267,30.0,848,478,31,left_foot_index,0.46406978368759155,0.9282801747322083,0.11592914164066315,0.9157236218452454,0.9960344433784485
side_person17.mp4,side,218,7267,30.0,848,478,32,right_foot_index,0.46158918738365173,0.9092195630073547,0.3185114860534668,0.6498839855194092,0.9981004595756531
side_person17.mp4,side,219,7300,30.0,848,478,0,nose,0.44607168436050415,0.41492703557014465,-0.11754005402326584,0.9985322952270508,0.9971531629562378
side_person17.mp4,side,219,7300,30.0,848,478,1,left_eye_inner,0.4463135302066803,0.3969249427318573,-0.13797931373119354,0.9983572363853455,0.997257649898529
side_person17.mp4,side,219,7300,30.0,848,478,2,left_eye,0.4472748041152954,0.3959386348724365,-0.13801728188991547,0.9984528422355652,0.9972911477088928
side_person17.mp4,side,219,7300,30.0,848,478,3,left_eye_outer,0.4482353627681732,0.3951970040798187,-0.1380765587091446,0.9988555908203125,0.9973695278167725
side_person17.mp4,side,219,7300,30.0,848,478,4,right_eye_inner,0.4461888372898102,0.3965221345424652,-0.10622040927410126,0.997910737991333,0.9971752166748047
side_person17.mp4,side,219,7300,30.0,848,478,5,right_eye,0.44715648889541626,0.39511749148368835,-0.10625183582305908,0.9978066086769104,0.9970533847808838
side_person17.mp4,side,219,7300,30.0,848,478,6,right_eye_outer,0.44824254512786865,0.39382004737854004,-0.10627385973930359,0.9984211325645447,0.9969902038574219
side_person17.mp4,side,219,7300,30.0,848,478,7,left_ear,0.4610446095466614,0.39509448409080505,-0.18449299037456512,0.9969881772994995,0.9963570237159729
side_person17.mp4,side,219,7300,30.0,848,478,8,right_ear,0.46160024404525757,0.3923896253108978,-0.04334506392478943,0.9977919459342957,0.9960371851921082
side_person17.mp4,side,219,7300,30.0,848,478,9,mouth_left,0.4530816972255707,0.4290841519832611,-0.13175150752067566,0.9972153306007385,0.9966810345649719
side_person17.mp4,side,219,7300,30.0,848,478,10,mouth_right,0.45298492908477783,0.4297659993171692,-0.09030106663703918,0.9951772093772888,0.9965416789054871
side_person17.mp4,side,219,7300,30.0,848,478,11,left_shoulder,0.48640525341033936,0.4732173979282379,-0.25655633211135864,0.9984995126724243,0.9943813681602478
side_person17.mp4,side,219,7300,30.0,848,478,12,right_shoulder,0.4850394129753113,0.4664621949195862,0.05532718449831009,0.9948696494102478,0.9963998794555664
side_person17.mp4,side,219,7300,30.0,848,478,13,left_elbow,0.40567919611930847,0.5044205188751221,-0.3075598180294037,0.9845540523529053,0.9982938170433044
side_person17.mp4,side,219,7300,30.0,848,478,14,right_elbow,0.41127875447273254,0.5004042983055115,0.08615711331367493,0.2911292612552643,0.9987727999687195
side_person17.mp4,side,219,7300,30.0,848,478,15,left_wrist,0.3246440589427948,0.4934271275997162,-0.2833942174911499,0.981954038143158,0.9951075315475464
side_person17.mp4,side,219,7300,30.0,848,478,16,right_wrist,0.34045353531837463,0.49481186270713806,0.017591362819075584,0.36523908376693726,0.9926815629005432
side_person17.mp4,side,219,7300,30.0,848,478,17,left_pinky,0.30204644799232483,0.48893818259239197,-0.3251301050186157,0.973529577255249,0.9921173453330994
side_person17.mp4,side,219,7300,30.0,848,478,18,right_pinky,0.330493688583374,0.48582354187965393,0.01132748369127512,0.38079705834388733,0.9892711639404297
side_person17.mp4,side,219,7300,30.0,848,478,19,left_index,0.30835798382759094,0.4812031090259552,-0.31061142683029175,0.9711381793022156,0.9920055270195007
side_person17.mp4,side,219,7300,30.0,848,478,20,right_index,0.32597729563713074,0.48454317450523376,-0.020347604528069496,0.3937624990940094,0.9877749681472778
side_person17.mp4,side,219,7300,30.0,848,478,21,left_thumb,0.31653156876564026,0.48286330699920654,-0.27941736578941345,0.9547958374023438,0.9929274916648865
side_person17.mp4,side,219,7300,30.0,848,478,22,right_thumb,0.32757651805877686,0.4873875677585602,0.0002793900785036385,0.4242227375507355,0.9897587299346924
side_person17.mp4,side,219,7300,30.0,848,478,23,left_hip,0.5685652494430542,0.6787337064743042,-0.09676285833120346,0.9987682104110718,0.998284637928009
side_person17.mp4,side,219,7300,30.0,848,478,24,right_hip,0.5498976707458496,0.6553431749343872,0.09684339910745621,0.9977927803993225,0.998958945274353
side_person17.mp4,side,219,7300,30.0,848,478,25,left_knee,0.4617559313774109,0.753063440322876,-0.08266814798116684,0.9440390467643738,0.9983362555503845
side_person17.mp4,side,219,7300,30.0,848,478,26,right_knee,0.45757293701171875,0.7039039731025696,0.1489449143409729,0.4658353626728058,0.9985575079917908
side_person17.mp4,side,219,7300,30.0,848,478,27,left_ankle,0.5037265419960022,0.9051545858383179,0.09308496862649918,0.9414404034614563,0.9976018071174622
side_person17.mp4,side,219,7300,30.0,848,478,28,right_ankle,0.4980908930301666,0.8614131212234497,0.29227617383003235,0.531425416469574,0.9987602233886719
side_person17.mp4,side,219,7300,30.0,848,478,29,left_heel,0.5162784457206726,0.9276867508888245,0.11052696406841278,0.9246355295181274,0.9976964592933655
side_person17.mp4,side,219,7300,30.0,848,478,30,right_heel,0.5098076462745667,0.8962903618812561,0.3077467381954193,0.6720069646835327,0.9987266659736633
side_person17.mp4,side,219,7300,30.0,848,478,31,left_foot_index,0.4640587568283081,0.9284892678260803,0.12394360452890396,0.9133765697479248,0.9967437982559204
side_person17.mp4,side,219,7300,30.0,848,478,32,right_foot_index,0.46204227209091187,0.9089297652244568,0.3183779716491699,0.6477523446083069,0.9981204867362976
side_person17.mp4,side,220,7333,30.0,848,478,0,nose,0.4454074501991272,0.4229332208633423,-0.13284073770046234,0.9985585808753967,0.9976025223731995
side_person17.mp4,side,220,7333,30.0,848,478,1,left_eye_inner,0.445662260055542,0.40549248456954956,-0.15465635061264038,0.998393177986145,0.9978405237197876
side_person17.mp4,side,220,7333,30.0,848,478,2,left_eye,0.44661059975624084,0.40470126271247864,-0.15468144416809082,0.9984903931617737,0.9979099631309509
side_person17.mp4,side,220,7333,30.0,848,478,3,left_eye_outer,0.44760462641716003,0.40406477451324463,-0.15474234521389008,0.9988727569580078,0.9979935884475708
side_person17.mp4,side,220,7333,30.0,848,478,4,right_eye_inner,0.4455483555793762,0.4050651788711548,-0.1210101991891861,0.9979422092437744,0.9977598190307617
side_person17.mp4,side,220,7333,30.0,848,478,5,right_eye,0.44649258255958557,0.403873085975647,-0.12103921920061111,0.9978513121604919,0.9976988434791565
side_person17.mp4,side,220,7333,30.0,848,478,6,right_eye_outer,0.4475826621055603,0.4026590585708618,-0.12105017155408859,0.99844890832901,0.9977021813392639
side_person17.mp4,side,220,7333,30.0,848,478,7,left_ear,0.46054792404174805,0.40409061312675476,-0.20229557156562805,0.9970025420188904,0.9973198771476746
side_person17.mp4,side,220,7333,30.0,848,478,8,right_ear,0.4611124098300934,0.4011610448360443,-0.05167451500892639,0.9978325963020325,0.9971657395362854
side_person17.mp4,side,220,7333,30.0,848,478,9,mouth_left,0.45238617062568665,0.437246173620224,-0.14755168557167053,0.9972524642944336,0.9976320266723633
side_person17.mp4,side,220,7333,30.0,848,478,10,mouth_right,0.45237284898757935,0.4379202127456665,-0.10353124141693115,0.9953213930130005,0.9975801706314087
side_person17.mp4,side,220,7333,30.0,848,478,11,left_shoulder,0.4862969219684601,0.4846422076225281,-0.2720451354980469,0.9984740018844604,0.9961890578269958
side_person17.mp4,side,220,7333,30.0,848,478,12,right_shoulder,0.4832673966884613,0.47401756048202515,0.04952164366841316,0.9949983358383179,0.9982228875160217
side_person17.mp4,side,220,7333,30.0,848,478,13,left_elbow,0.40567171573638916,0.5143493413925171,-0.3235139548778534,0.9843355417251587,0.9983170032501221
side_person17.mp4,side,220,7333,30.0,848,478,14,right_elbow,0.4096556305885315,0.5046016573905945,0.08446908742189407,0.2939368486404419,0.9992425441741943
side_person17.mp4,side,220,7333,30.0,848,478,15,left_wrist,0.3247520923614502,0.5035771727561951,-0.2906290888786316,0.9821926355361938,0.9958364963531494
side_person17.mp4,side,220,7333,30.0,848,478,16,right_wrist,0.3386932909488678,0.5006163716316223,0.008334852755069733,0.373305082321167,0.995166540145874
side_person17.mp4,side,220,7333,30.0,848,478,17,left_pinky,0.30333536863327026,0.4991931915283203,-0.3346971571445465,0.9738703370094299,0.9935165643692017
side_person17.mp4,side,220,7333,30.0,848,478,18,right_pinky,0.32698923349380493,0.4915037453174591,-0.00016455553122796118,0.39012545347213745,0.9922983050346375
side_person17.mp4,side,220,7333,30.0,848,478,19,left_index,0.3091554343700409,0.49059897661209106,-0.31974947452545166,0.9715671539306641,0.9935504198074341
side_person17.mp4,side,220,7333,30.0,848,478,20,right_index,0.3241881728172302,0.4897707998752594,-0.03249116614460945,0.40350085496902466,0.9911655783653259
side_person17.mp4,side,220,7333,30.0,848,478,21,left_thumb,0.31668153405189514,0.4922977387905121,-0.28651973605155945,0.9553835988044739,0.9941931366920471
side_person17.mp4,side,220,7333,30.0,848,478,22,right_thumb,0.3265405297279358,0.49272918701171875,-0.00935476552695036,0.4344113767147064,0.9928866028785706
side_person17.mp4,side,220,7333,30.0,848,478,23,left_hip,0.5685403347015381,0.6867129802703857,-0.09919475018978119,0.9987939596176147,0.998880922794342
side_person17.mp4,side,220,7333,30.0,848,478,24,right_hip,0.5498228073120117,0.6618991494178772,0.09928613156080246,0.9978835582733154,0.9994266033172607
side_person17.mp4,side,220,7333,30.0,848,478,25,left_knee,0.45963096618652344,0.7524296045303345,-0.08784403651952744,0.9440877437591553,0.9985760450363159
side_person17.mp4,side,220,7333,30.0,848,478,26,right_knee,0.45738112926483154,0.7038087248802185,0.15866217017173767,0.45917171239852905,0.9988860487937927
side_person17.mp4,side,220,7333,30.0,848,478,27,left_ankle,0.5037251114845276,0.905284583568573,0.09168583154678345,0.9399802684783936,0.9981546998023987
side_person17.mp4,side,220,7333,30.0,848,478,28,right_ankle,0.49810656905174255,0.8594680428504944,0.30887505412101746,0.5232961773872375,0.9988536834716797
side_person17.mp4,side,220,7333,30.0,848,478,29,left_heel,0.5164945125579834,0.927679717540741,0.11009828001260757,0.9230309128761292,0.9982978701591492
side_person17.mp4,side,220,7333,30.0,848,478,30,right_heel,0.5106127858161926,0.8951996564865112,0.3246246576309204,0.6642208695411682,0.9988645315170288
side_person17.mp4,side,220,7333,30.0,848,478,31,left_foot_index,0.46388521790504456,0.9285377264022827,0.1252516359090805,0.9117057919502258,0.9974424839019775
side_person17.mp4,side,220,7333,30.0,848,478,32,right_foot_index,0.46291276812553406,0.9084156155586243,0.33771827816963196,0.641413152217865,0.9982510209083557
side_person17.mp4,side,221,7367,30.0,848,478,0,nose,0.4448150396347046,0.4322672486305237,-0.12782171368598938,0.9985275268554688,0.9960512518882751
side_person17.mp4,side,221,7367,30.0,848,478,1,left_eye_inner,0.4449341595172882,0.4135591685771942,-0.14959734678268433,0.9983715415000916,0.9963042736053467
side_person17.mp4,side,221,7367,30.0,848,478,2,left_eye,0.44588881731033325,0.4127843677997589,-0.1496175080537796,0.9984703063964844,0.9963766932487488
side_person17.mp4,side,221,7367,30.0,848,478,3,left_eye_outer,0.44691064953804016,0.41217175126075745,-0.14967486262321472,0.9988430738449097,0.9964534044265747
side_person17.mp4,side,221,7367,30.0,848,478,4,right_eye_inner,0.4448889195919037,0.4131982624530792,-0.11640722304582596,0.9978915452957153,0.9963621497154236
side_person17.mp4,side,221,7367,30.0,848,478,5,right_eye,0.44586020708084106,0.412051796913147,-0.11644010990858078,0.9978142976760864,0.9963358640670776
side_person17.mp4,side,221,7367,30.0,848,478,6,right_eye_outer,0.44697776436805725,0.4108639359474182,-0.11645558476448059,0.9984257221221924,0.9964147806167603
side_person17.mp4,side,221,7367,30.0,848,478,7,left_ear,0.45996513962745667,0.41248753666877747,-0.19769349694252014,0.9969016909599304,0.9952646493911743
side_person17.mp4,side,221,7367,30.0,848,478,8,right_ear,0.46040117740631104,0.40952131152153015,-0.048818279057741165,0.9978126883506775,0.9957685470581055
side_person17.mp4,side,221,7367,30.0,848,478,9,mouth_left,0.4518361985683441,0.4456891417503357,-0.14271922409534454,0.9971627593040466,0.996029257774353
side_person17.mp4,side,221,7367,30.0,848,478,10,mouth_right,0.45193353295326233,0.4464832842350006,-0.0993272066116333,0.9953286647796631,0.9962313771247864
side_person17.mp4,side,221,7367,30.0,848,478,11,left_shoulder,0.4860963225364685,0.49331793189048767,-0.26835954189300537,0.9983556866645813,0.9935898780822754
side_person17.mp4,side,221,7367,30.0,848,478,12,right_shoulder,0.48173442482948303,0.4777674973011017,0.05103977397084236,0.9950777292251587,0.9978010058403015
side_person17.mp4,side,221,7367,30.0,848,478,13,left_elbow,0.4058210253715515,0.523240327835083,-0.32115915417671204,0.9837774038314819,0.9966920614242554
side_person17.mp4,side,221,7367,30.0,848,478,14,right_elbow,0.40883833169937134,0.5086610913276672,0.08589792996644974,0.29661017656326294,0.9989668130874634
side_person17.mp4,side,221,7367,30.0,848,478,15,left_wrist,0.32722920179367065,0.512972354888916,-0.279917448759079,0.9816887378692627,0.99179607629776
side_person17.mp4,side,221,7367,30.0,848,478,16,right_wrist,0.3388904631137848,0.5060328841209412,0.009723976254463196,0.3818846642971039,0.9933977127075195
side_person17.mp4,side,221,7367,30.0,848,478,17,left_pinky,0.30558374524116516,0.5104712247848511,-0.32181254029273987,0.9731327295303345,0.9876261353492737
side_person17.mp4,side,221,7367,30.0,848,478,18,right_pinky,0.32508769631385803,0.4977547526359558,0.0013130909064784646,0.3997024893760681,0.9889743328094482
side_person17.mp4,side,221,7367,30.0,848,478,19,left_index,0.31116533279418945,0.5005989670753479,-0.30874791741371155,0.9708765745162964,0.9875761270523071
side_person17.mp4,side,221,7367,30.0,848,478,20,right_index,0.32314926385879517,0.4963526129722595,-0.030415156856179237,0.4134787917137146,0.9872617125511169
side_person17.mp4,side,221,7367,30.0,848,478,21,left_thumb,0.3193169832229614,0.5022177696228027,-0.2760923206806183,0.9544903635978699,0.988722562789917
side_person17.mp4,side,221,7367,30.0,848,478,22,right_thumb,0.3257771134376526,0.4996412694454193,-0.00762622756883502,0.44431138038635254,0.9897604584693909
side_person17.mp4,side,221,7367,30.0,848,478,23,left_hip,0.5684781074523926,0.6938014626502991,-0.10051722824573517,0.9987775683403015,0.9979220032691956
side_person17.mp4,side,221,7367,30.0,848,478,24,right_hip,0.5496137142181396,0.6657500863075256,0.10059946030378342,0.9979451298713684,0.9991477727890015
side_person17.mp4,side,221,7367,30.0,848,478,25,left_knee,0.4580889046192169,0.7521428465843201,-0.09939559549093246,0.9431599378585815,0.996488094329834
side_person17.mp4,side,221,7367,30.0,848,478,26,right_knee,0.4566504955291748,0.7043684720993042,0.1558428853750229,0.4482725262641907,0.9978024363517761
side_person17.mp4,side,221,7367,30.0,848,478,27,left_ankle,0.5037297010421753,0.904603123664856,0.08127660304307938,0.9353598356246948,0.9955509901046753
side_person17.mp4,side,221,7367,30.0,848,478,28,right_ankle,0.49811193346977234,0.8585895895957947,0.30070802569389343,0.5078963041305542,0.997197151184082
side_person17.mp4,side,221,7367,30.0,848,478,29,left_heel,0.5163905024528503,0.9244505167007446,0.10246598720550537,0.9183423519134521,0.9961089491844177
side_person17.mp4,side,221,7367,30.0,848,478,30,right_heel,0.5113650560379028,0.8952100872993469,0.31638631224632263,0.6496867537498474,0.9972317814826965
side_person17.mp4,side,221,7367,30.0,848,478,31,left_foot_index,0.464528888463974,0.9284863471984863,0.12176898866891861,0.9055342078208923,0.994347870349884
side_person17.mp4,side,221,7367,30.0,848,478,32,right_foot_index,0.4646984338760376,0.9068647027015686,0.32724326848983765,0.6256658434867859,0.9956580400466919
side_person17.mp4,side,222,7400,30.0,848,478,0,nose,0.444343239068985,0.44157153367996216,-0.1391587108373642,0.9984934329986572,0.9969366788864136
side_person17.mp4,side,222,7400,30.0,848,478,1,left_eye_inner,0.44442224502563477,0.4229184091091156,-0.16048815846443176,0.9983452558517456,0.9971089959144592
side_person17.mp4,side,222,7400,30.0,848,478,2,left_eye,0.4453924894332886,0.42207032442092896,-0.16050180792808533,0.9984437823295593,0.9971581697463989
side_person17.mp4,side,222,7400,30.0,848,478,3,left_eye_outer,0.4464186429977417,0.42139697074890137,-0.16055838763713837,0.9988106489181519,0.9972472786903381
side_person17.mp4,side,222,7400,30.0,848,478,4,right_eye_inner,0.44426897168159485,0.4225427210330963,-0.12791092693805695,0.9978415369987488,0.9972032308578491
side_person17.mp4,side,222,7400,30.0,848,478,5,right_eye,0.44518813490867615,0.4213501811027527,-0.12795385718345642,0.9977766275405884,0.9972121119499207
side_person17.mp4,side,222,7400,30.0,848,478,6,right_eye_outer,0.4462323486804962,0.4201495051383972,-0.12797395884990692,0.998400092124939,0.9973125457763672
side_person17.mp4,side,222,7400,30.0,848,478,7,left_ear,0.45981982350349426,0.4219591021537781,-0.2071199119091034,0.99677574634552,0.9962385892868042
side_person17.mp4,side,222,7400,30.0,848,478,8,right_ear,0.4597722291946411,0.4190880060195923,-0.06051327660679817,0.9978014230728149,0.9969308972358704
side_person17.mp4,side,222,7400,30.0,848,478,9,mouth_left,0.4514065086841583,0.45498010516166687,-0.15364515781402588,0.9970864653587341,0.9970381259918213
side_person17.mp4,side,222,7400,30.0,848,478,10,mouth_right,0.4514201283454895,0.4557095170021057,-0.11094491928815842,0.9953346252441406,0.9973438382148743
side_person17.mp4,side,222,7400,30.0,848,478,11,left_shoulder,0.48615819215774536,0.5002469420433044,-0.2731000483036041,0.9983106255531311,0.9950542449951172
side_person17.mp4,side,222,7400,30.0,848,478,12,right_shoulder,0.4789545238018036,0.4844023287296295,0.036312561482191086,0.9952514171600342,0.9987353682518005
side_person17.mp4,side,222,7400,30.0,848,478,13,left_elbow,0.4060896039009094,0.5315878987312317,-0.3287883400917053,0.9835137724876404,0.997329592704773
side_person17.mp4,side,222,7400,30.0,848,478,14,right_elbow,0.40763163566589355,0.5119597315788269,0.07081689685583115,0.30411383509635925,0.9993898868560791
side_person17.mp4,side,222,7400,30.0,848,478,15,left_wrist,0.3318304121494293,0.5199046730995178,-0.30556413531303406,0.9817835092544556,0.9929957985877991
side_person17.mp4,side,222,7400,30.0,848,478,16,right_wrist,0.3391098976135254,0.510063648223877,-0.008768218569457531,0.4003129005432129,0.9964932799339294
side_person17.mp4,side,222,7400,30.0,848,478,17,left_pinky,0.30918776988983154,0.5175945162773132,-0.3511151671409607,0.9732212424278259,0.989355742931366
side_person17.mp4,side,222,7400,30.0,848,478,18,right_pinky,0.32454362511634827,0.5020213723182678,-0.01804228127002716,0.4176429510116577,0.9937533736228943
side_person17.mp4,side,222,7400,30.0,848,478,19,left_index,0.31428179144859314,0.5075600743293762,-0.33589085936546326,0.9710521697998047,0.9894782900810242
side_person17.mp4,side,222,7400,30.0,848,478,20,right_index,0.322892963886261,0.501133143901825,-0.050847675651311874,0.43139779567718506,0.9926353096961975
side_person17.mp4,side,222,7400,30.0,848,478,21,left_thumb,0.3204449415206909,0.5099942684173584,-0.3017066419124603,0.9546473026275635,0.9904847145080566
side_person17.mp4,side,222,7400,30.0,848,478,22,right_thumb,0.3256106376647949,0.5043867230415344,-0.026365984231233597,0.46168017387390137,0.9943360686302185
side_person17.mp4,side,222,7400,30.0,848,478,23,left_hip,0.5684588551521301,0.6997944712638855,-0.10053910315036774,0.9987985491752625,0.9983186721801758
side_person17.mp4,side,222,7400,30.0,848,478,24,right_hip,0.5482393503189087,0.6683440804481506,0.10062190145254135,0.9980270862579346,0.9994170665740967
side_person17.mp4,side,222,7400,30.0,848,478,25,left_knee,0.45846661925315857,0.7522560954093933,-0.09975550323724747,0.9419440031051636,0.9970667958259583
side_person17.mp4,side,222,7400,30.0,848,478,26,right_knee,0.45577090978622437,0.7053309679031372,0.15218663215637207,0.4408794939517975,0.9984675049781799
side_person17.mp4,side,222,7400,30.0,848,478,27,left_ankle,0.5037329792976379,0.904549241065979,0.07179061323404312,0.9323632121086121,0.995515763759613
side_person17.mp4,side,222,7400,30.0,848,478,28,right_ankle,0.4981447160243988,0.8537810444831848,0.2974136173725128,0.4942123293876648,0.9979485869407654
side_person17.mp4,side,222,7400,30.0,848,478,29,left_heel,0.5168218016624451,0.9226900935173035,0.0914887860417366,0.9146023988723755,0.9959828853607178
side_person17.mp4,side,222,7400,30.0,848,478,30,right_heel,0.5132105946540833,0.8710187673568726,0.31290900707244873,0.6370704174041748,0.9979111552238464
side_person17.mp4,side,222,7400,30.0,848,478,31,left_foot_index,0.46484294533729553,0.9285717606544495,0.11758015304803848,0.9008817672729492,0.9944580793380737
side_person17.mp4,side,222,7400,30.0,848,478,32,right_foot_index,0.4657283425331116,0.9045772552490234,0.3267693817615509,0.6120887398719788,0.9967076778411865
side_person17.mp4,side,223,7433,30.0,848,478,0,nose,0.4437100887298584,0.4492003917694092,-0.14326155185699463,0.9984932541847229,0.9972816705703735
side_person17.mp4,side,223,7433,30.0,848,478,1,left_eye_inner,0.44384804368019104,0.4310376048088074,-0.16474822163581848,0.9983627796173096,0.9976328611373901
side_person17.mp4,side,223,7433,30.0,848,478,2,left_eye,0.4447970390319824,0.43025586009025574,-0.16476407647132874,0.9984622001647949,0.9977194666862488
side_person17.mp4,side,223,7433,30.0,848,478,3,left_eye_outer,0.44579750299453735,0.4296289086341858,-0.1648244708776474,0.9988133311271667,0.9978267550468445
side_person17.mp4,side,223,7433,30.0,848,478,4,right_eye_inner,0.44371113181114197,0.4307466745376587,-0.13176754117012024,0.9978451132774353,0.9975945353507996
side_person17.mp4,side,223,7433,30.0,848,478,5,right_eye,0.4446290135383606,0.42964112758636475,-0.1318054050207138,0.9977915287017822,0.9975591897964478
side_person17.mp4,side,223,7433,30.0,848,478,6,right_eye_outer,0.4456552565097809,0.4285120368003845,-0.13181918859481812,0.9984076023101807,0.9976029992103577
side_person17.mp4,side,223,7433,30.0,848,478,7,left_ear,0.4592932164669037,0.4304589629173279,-0.21177969872951508,0.9967746138572693,0.9972414970397949
side_person17.mp4,side,223,7433,30.0,848,478,8,right_ear,0.4591367244720459,0.4278183579444885,-0.06330537050962448,0.9978246688842773,0.9972231388092041
side_person17.mp4,side,223,7433,30.0,848,478,9,mouth_left,0.45065832138061523,0.4625243842601776,-0.15786594152450562,0.9970818161964417,0.9973511695861816
side_person17.mp4,side,223,7433,30.0,848,478,10,mouth_right,0.45072051882743835,0.46320369839668274,-0.11459997296333313,0.9954172968864441,0.997424840927124
side_person17.mp4,side,223,7433,30.0,848,478,11,left_shoulder,0.48610302805900574,0.5082997679710388,-0.2767109274864197,0.9982922673225403,0.996069073677063
side_person17.mp4,side,223,7433,30.0,848,478,12,right_shoulder,0.47800448536872864,0.49180516600608826,0.03478680178523064,0.9953648447990417,0.9985418319702148
side_person17.mp4,side,223,7433,30.0,848,478,13,left_elbow,0.40603139996528625,0.5396020412445068,-0.32895955443382263,0.9830191731452942,0.9976152181625366
side_person17.mp4,side,223,7433,30.0,848,478,14,right_elbow,0.4066894054412842,0.5187737345695496,0.06877449154853821,0.30579209327697754,0.9991784691810608
side_person17.mp4,side,223,7433,30.0,848,478,15,left_wrist,0.33126357197761536,0.5268396139144897,-0.3012215495109558,0.9816254377365112,0.993572473526001
side_person17.mp4,side,223,7433,30.0,848,478,16,right_wrist,0.3379145860671997,0.5168994069099426,-0.01164892129600048,0.40782687067985535,0.9944406151771545
side_person17.mp4,side,223,7433,30.0,848,478,17,left_pinky,0.3091781437397003,0.522578775882721,-0.3465012311935425,0.9729986190795898,0.9901392459869385
side_person17.mp4,side,223,7433,30.0,848,478,18,right_pinky,0.32423073053359985,0.5070027112960815,-0.02077888511121273,0.4258139729499817,0.9906461238861084
side_person17.mp4,side,223,7433,30.0,848,478,19,left_index,0.3147393465042114,0.5131269693374634,-0.3312261998653412,0.9708894491195679,0.9902593493461609
side_person17.mp4,side,223,7433,30.0,848,478,20,right_index,0.322725772857666,0.5061469078063965,-0.054135411977767944,0.43996500968933105,0.9890704154968262
side_person17.mp4,side,223,7433,30.0,848,478,21,left_thumb,0.32030242681503296,0.5156392455101013,-0.29725098609924316,0.9543382525444031,0.9911901950836182
side_person17.mp4,side,223,7433,30.0,848,478,22,right_thumb,0.32516464591026306,0.5094142556190491,-0.02952578105032444,0.47042813897132874,0.9913676381111145
side_person17.mp4,side,223,7433,30.0,848,478,23,left_hip,0.5683302879333496,0.704544186592102,-0.10078521817922592,0.998824954032898,0.998855710029602
side_person17.mp4,side,223,7433,30.0,848,478,24,right_hip,0.5481942892074585,0.6731271147727966,0.10087073594331741,0.998100757598877,0.9994940757751465
side_person17.mp4,side,223,7433,30.0,848,478,25,left_knee,0.45826634764671326,0.7537821531295776,-0.09858980029821396,0.9413586258888245,0.9979376792907715
side_person17.mp4,side,223,7433,30.0,848,478,26,right_knee,0.4555058777332306,0.707301676273346,0.15665167570114136,0.4343969225883484,0.998606264591217
side_person17.mp4,side,223,7433,30.0,848,478,27,left_ankle,0.5036720633506775,0.9039974808692932,0.07365137338638306,0.9297866225242615,0.9970118999481201
side_person17.mp4,side,223,7433,30.0,848,478,28,right_ankle,0.49792468547821045,0.8493940830230713,0.3054458796977997,0.4830050468444824,0.9982086420059204
side_person17.mp4,side,223,7433,30.0,848,478,29,left_heel,0.5168596506118774,0.9218073487281799,0.09270049631595612,0.9108182191848755,0.9972993731498718
side_person17.mp4,side,223,7433,30.0,848,478,30,right_heel,0.513154149055481,0.875673770904541,0.3210228383541107,0.6253486275672913,0.9982313513755798
side_person17.mp4,side,223,7433,30.0,848,478,31,left_foot_index,0.4650181233882904,0.9288402199745178,0.11625814437866211,0.8972229361534119,0.9959282279014587
side_person17.mp4,side,223,7433,30.0,848,478,32,right_foot_index,0.4665181040763855,0.9046086072921753,0.33865076303482056,0.6016444563865662,0.9971575736999512
side_person17.mp4,side,224,7467,30.0,848,478,0,nose,0.44319814443588257,0.4551057815551758,-0.15042530000209808,0.9984973073005676,0.9972255825996399
side_person17.mp4,side,224,7467,30.0,848,478,1,left_eye_inner,0.4433434307575226,0.4373995363712311,-0.17192766070365906,0.9983906745910645,0.9977568984031677
side_person17.mp4,side,224,7467,30.0,848,478,2,left_eye,0.4443463385105133,0.436759889125824,-0.17195022106170654,0.9984887838363647,0.9978629946708679
side_person17.mp4,side,224,7467,30.0,848,478,3,left_eye_outer,0.44542986154556274,0.43624916672706604,-0.17201657593250275,0.9988252520561218,0.9980044960975647
side_person17.mp4,side,224,7467,30.0,848,478,4,right_eye_inner,0.4431570768356323,0.43688488006591797,-0.1387268751859665,0.9978675246238708,0.9976582527160645
side_person17.mp4,side,224,7467,30.0,848,478,5,right_eye,0.44407132267951965,0.43578025698661804,-0.1387617141008377,0.9978227615356445,0.9976073503494263
side_person17.mp4,side,224,7467,30.0,848,478,6,right_eye_outer,0.44511982798576355,0.43463119864463806,-0.13877126574516296,0.9984263777732849,0.9976430535316467
side_person17.mp4,side,224,7467,30.0,848,478,7,left_ear,0.4590980112552643,0.4370759129524231,-0.21806485950946808,0.9968176484107971,0.9975207448005676
side_person17.mp4,side,224,7467,30.0,848,478,8,right_ear,0.4587206542491913,0.43415072560310364,-0.06838446855545044,0.9978764057159424,0.9973717927932739
side_person17.mp4,side,224,7467,30.0,848,478,9,mouth_left,0.45024171471595764,0.4688105583190918,-0.16460464894771576,0.9971008896827698,0.9975825548171997
side_person17.mp4,side,224,7467,30.0,848,478,10,mouth_right,0.4503076672554016,0.46931761503219604,-0.12096565961837769,0.9955378770828247,0.9976152181625366
side_person17.mp4,side,224,7467,30.0,848,478,11,left_shoulder,0.4858870506286621,0.5157907605171204,-0.27999675273895264,0.9982818961143494,0.9965834021568298
side_person17.mp4,side,224,7467,30.0,848,478,12,right_shoulder,0.47786417603492737,0.4974794387817383,0.030020371079444885,0.9954872727394104,0.9986562728881836
side_person17.mp4,side,224,7467,30.0,848,478,13,left_elbow,0.4056068956851959,0.545874297618866,-0.33640503883361816,0.9827746748924255,0.9980886578559875
side_person17.mp4,side,224,7467,30.0,848,478,14,right_elbow,0.4060494899749756,0.5235071182250977,0.06407202035188675,0.3026677966117859,0.9991453886032104
side_person17.mp4,side,224,7467,30.0,848,478,15,left_wrist,0.3290625214576721,0.5341634750366211,-0.3166100084781647,0.9818211793899536,0.9937724471092224
side_person17.mp4,side,224,7467,30.0,848,478,16,right_wrist,0.3383397161960602,0.5225025415420532,-0.018729234114289284,0.41103172302246094,0.9939996004104614
side_person17.mp4,side,224,7467,30.0,848,478,17,left_pinky,0.30841583013534546,0.5298522114753723,-0.3643295466899872,0.9732736945152283,0.9900736808776855
side_person17.mp4,side,224,7467,30.0,848,478,18,right_pinky,0.3241877257823944,0.5149523019790649,-0.028487682342529297,0.43021267652511597,0.9901081323623657
side_person17.mp4,side,224,7467,30.0,848,478,19,left_index,0.3147026300430298,0.5199050307273865,-0.3480232059955597,0.9712271094322205,0.9901812672615051
side_person17.mp4,side,224,7467,30.0,848,478,20,right_index,0.32284969091415405,0.512837290763855,-0.06291373074054718,0.44459620118141174,0.9883759021759033
side_person17.mp4,side,224,7467,30.0,848,478,21,left_thumb,0.31938794255256653,0.5224182605743408,-0.3126751184463501,0.9547354578971863,0.9911030530929565
side_person17.mp4,side,224,7467,30.0,848,478,22,right_thumb,0.32500213384628296,0.5157278180122375,-0.037083011120557785,0.4753086268901825,0.9907888770103455
side_person17.mp4,side,224,7467,30.0,848,478,23,left_hip,0.5680161714553833,0.7114230990409851,-0.10045958310365677,0.9988810420036316,0.9991737008094788
side_person17.mp4,side,224,7467,30.0,848,478,24,right_hip,0.5481313467025757,0.6785153746604919,0.1005464419722557,0.998203456401825,0.9996167421340942
side_person17.mp4,side,224,7467,30.0,848,478,25,left_knee,0.4579002559185028,0.7547591924667358,-0.09561578929424286,0.9402801990509033,0.9981967806816101
side_person17.mp4,side,224,7467,30.0,848,478,26,right_knee,0.45514699816703796,0.7091768383979797,0.1591815948486328,0.42741066217422485,0.9988089799880981
side_person17.mp4,side,224,7467,30.0,848,478,27,left_ankle,0.5037181973457336,0.9021281003952026,0.0831570103764534,0.9260120987892151,0.9975976347923279
side_person17.mp4,side,224,7467,30.0,848,478,28,right_ankle,0.4981597661972046,0.8481811285018921,0.30744799971580505,0.4720807373523712,0.9984509944915771
side_person17.mp4,side,224,7467,30.0,848,478,29,left_heel,0.5170033574104309,0.9198680520057678,0.10376046597957611,0.9057377576828003,0.9979116320610046
side_person17.mp4,side,224,7467,30.0,848,478,30,right_heel,0.5131063461303711,0.8734133839607239,0.32298603653907776,0.6137466430664062,0.9984861016273499
side_person17.mp4,side,224,7467,30.0,848,478,31,left_foot_index,0.4650033414363861,0.9282405376434326,0.12813739478588104,0.8920720219612122,0.9968149065971375
side_person17.mp4,side,224,7467,30.0,848,478,32,right_foot_index,0.47169336676597595,0.9041022658348083,0.3406716585159302,0.5919336080551147,0.9975554943084717
side_person17.mp4,side,225,7500,30.0,848,478,0,nose,0.4420015811920166,0.4615222215652466,-0.14334368705749512,0.9985296130180359,0.9980411529541016
side_person17.mp4,side,225,7500,30.0,848,478,1,left_eye_inner,0.4420974552631378,0.4437660574913025,-0.16485923528671265,0.9984428286552429,0.998406708240509
side_person17.mp4,side,225,7500,30.0,848,478,2,left_eye,0.44317692518234253,0.44303351640701294,-0.16488201916217804,0.9985391497612,0.9985155463218689
side_person17.mp4,side,225,7500,30.0,848,478,3,left_eye_outer,0.4443526864051819,0.44240802526474,-0.16494572162628174,0.9988594055175781,0.9986224174499512
side_person17.mp4,side,225,7500,30.0,848,478,4,right_eye_inner,0.44180986285209656,0.44342297315597534,-0.13182862102985382,0.9979205131530762,0.9982506632804871
side_person17.mp4,side,225,7500,30.0,848,478,5,right_eye,0.4426877796649933,0.44238466024398804,-0.13186262547969818,0.9978837966918945,0.9981881976127625
side_person17.mp4,side,225,7500,30.0,848,478,6,right_eye_outer,0.44369611144065857,0.4412861764431,-0.13187406957149506,0.9984668493270874,0.9981912970542908
side_person17.mp4,side,225,7500,30.0,848,478,7,left_ear,0.45815110206604004,0.44258517026901245,-0.21172860264778137,0.9969014525413513,0.9983285069465637
side_person17.mp4,side,225,7500,30.0,848,478,8,right_ear,0.4573802947998047,0.44025102257728577,-0.06309424340724945,0.9979414939880371,0.9978918433189392
side_person17.mp4,side,225,7500,30.0,848,478,9,mouth_left,0.44929367303848267,0.47489556670188904,-0.15777616202831268,0.9971723556518555,0.9983273148536682
side_person17.mp4,side,225,7500,30.0,848,478,10,mouth_right,0.44924089312553406,0.4756269156932831,-0.11444979906082153,0.9957159757614136,0.9982420206069946
side_person17.mp4,side,225,7500,30.0,848,478,11,left_shoulder,0.4857524037361145,0.5220490097999573,-0.2763940095901489,0.9983053207397461,0.997556209564209
side_person17.mp4,side,225,7500,30.0,848,478,12,right_shoulder,0.47762489318847656,0.5048532485961914,0.03563493490219116,0.9956088662147522,0.9988409876823425
side_person17.mp4,side,225,7500,30.0,848,478,13,left_elbow,0.4059630334377289,0.5524497628211975,-0.33200153708457947,0.9825941324234009,0.99826580286026
side_person17.mp4,side,225,7500,30.0,848,478,14,right_elbow,0.40665221214294434,0.5301034450531006,0.06963609904050827,0.30032140016555786,0.9991446733474731
side_person17.mp4,side,225,7500,30.0,848,478,15,left_wrist,0.33076465129852295,0.550963819026947,-0.30805835127830505,0.9817914962768555,0.9943349957466125
side_person17.mp4,side,225,7500,30.0,848,478,16,right_wrist,0.338520884513855,0.5297909379005432,-0.01212791446596384,0.4127652645111084,0.9938788414001465
side_person17.mp4,side,225,7500,30.0,848,478,17,left_pinky,0.30839526653289795,0.5368317365646362,-0.35446038842201233,0.973182737827301,0.9907293915748596
side_person17.mp4,side,225,7500,30.0,848,478,18,right_pinky,0.32414141297340393,0.5217596888542175,-0.021481923758983612,0.43385159969329834,0.9899735450744629
side_person17.mp4,side,225,7500,30.0,848,478,19,left_index,0.31675705313682556,0.5252311825752258,-0.33809971809387207,0.9711835980415344,0.9908213019371033
side_person17.mp4,side,225,7500,30.0,848,478,20,right_index,0.3229352533817291,0.5185408592224121,-0.055451899766922,0.44861456751823425,0.9884031414985657
side_person17.mp4,side,225,7500,30.0,848,478,21,left_thumb,0.3196500837802887,0.5274578928947449,-0.30389484763145447,0.9546471238136292,0.9918451905250549
side_person17.mp4,side,225,7500,30.0,848,478,22,right_thumb,0.3249097168445587,0.521796703338623,-0.030320165678858757,0.47923707962036133,0.9908854365348816
side_person17.mp4,side,225,7500,30.0,848,478,23,left_hip,0.5678519606590271,0.7181043028831482,-0.10100502520799637,0.9989141225814819,0.9991758465766907
side_person17.mp4,side,225,7500,30.0,848,478,24,right_hip,0.5480795502662659,0.6854560375213623,0.10109558701515198,0.9982693791389465,0.9995998740196228
side_person17.mp4,side,225,7500,30.0,848,478,25,left_knee,0.45536133646965027,0.7564444541931152,-0.10493460297584534,0.9395378232002258,0.9982125759124756
side_person17.mp4,side,225,7500,30.0,848,478,26,right_knee,0.45452430844306946,0.7128499150276184,0.1565389484167099,0.41620373725891113,0.9987905621528625
side_person17.mp4,side,225,7500,30.0,848,478,27,left_ankle,0.503593921661377,0.9021061062812805,0.07434065639972687,0.9233559370040894,0.9974592328071594
side_person17.mp4,side,225,7500,30.0,848,478,28,right_ankle,0.49824127554893494,0.8493385314941406,0.30687057971954346,0.45855990052223206,0.998063862323761
side_person17.mp4,side,225,7500,30.0,848,478,29,left_heel,0.517183780670166,0.9199218153953552,0.09514649212360382,0.9022299647331238,0.9978413581848145
side_person17.mp4,side,225,7500,30.0,848,478,30,right_heel,0.512874186038971,0.8758187890052795,0.3220214247703552,0.6014609932899475,0.9981629252433777
side_person17.mp4,side,225,7500,30.0,848,478,31,left_foot_index,0.46488794684410095,0.9282975196838379,0.1225777417421341,0.8884371519088745,0.996616780757904
side_person17.mp4,side,225,7500,30.0,848,478,32,right_foot_index,0.46863457560539246,0.9071783423423767,0.33370959758758545,0.5800328254699707,0.9969005584716797
side_person17.mp4,side,226,7533,30.0,848,478,0,nose,0.4412216246128082,0.4662328064441681,-0.1436651647090912,0.998587429523468,0.9980193376541138
side_person17.mp4,side,226,7533,30.0,848,478,1,left_eye_inner,0.4415991008281708,0.44921037554740906,-0.1652536690235138,0.9985224604606628,0.9985393285751343
side_person17.mp4,side,226,7533,30.0,848,478,2,left_eye,0.4427075684070587,0.4486342966556549,-0.16527651250362396,0.9986161589622498,0.9986799359321594
side_person17.mp4,side,226,7533,30.0,848,478,3,left_eye_outer,0.44390571117401123,0.44814208149909973,-0.16534824669361115,0.9989169836044312,0.9988151788711548
side_person17.mp4,side,226,7533,30.0,848,478,4,right_eye_inner,0.44131597876548767,0.44850954413414,-0.1319751739501953,0.9980103373527527,0.9982268214225769
side_person17.mp4,side,226,7533,30.0,848,478,5,right_eye,0.4421996474266052,0.44738340377807617,-0.13200195133686066,0.9979767203330994,0.9980863332748413
side_person17.mp4,side,226,7533,30.0,848,478,6,right_eye_outer,0.4432274401187897,0.44617363810539246,-0.13199861347675323,0.998530387878418,0.9980212450027466
side_person17.mp4,side,226,7533,30.0,848,478,7,left_ear,0.4576945900917053,0.4486500322818756,-0.2116330862045288,0.9970561861991882,0.9985978007316589
side_person17.mp4,side,226,7533,30.0,848,478,8,right_ear,0.45706477761268616,0.4452005624771118,-0.06184029579162598,0.9980385303497314,0.9976021647453308
side_person17.mp4,side,226,7533,30.0,848,478,9,mouth_left,0.44852331280708313,0.48019832372665405,-0.15788476169109344,0.9972754120826721,0.9982455968856812
side_person17.mp4,side,226,7533,30.0,848,478,10,mouth_right,0.44848477840423584,0.48057135939598083,-0.11415539681911469,0.9959234595298767,0.9979658126831055
side_person17.mp4,side,226,7533,30.0,848,478,11,left_shoulder,0.48435747623443604,0.5303791165351868,-0.2752171754837036,0.9983536005020142,0.9977744221687317
side_person17.mp4,side,226,7533,30.0,848,478,12,right_shoulder,0.4774409830570221,0.5085652470588684,0.037091661244630814,0.9956904053688049,0.9983762502670288
side_person17.mp4,side,226,7533,30.0,848,478,13,left_elbow,0.40344709157943726,0.5607582926750183,-0.331950843334198,0.9828698635101318,0.9987772107124329
side_person17.mp4,side,226,7533,30.0,848,478,14,right_elbow,0.40685322880744934,0.5330316424369812,0.07231394946575165,0.2926478683948517,0.9989249110221863
side_person17.mp4,side,226,7533,30.0,848,478,15,left_wrist,0.3147624433040619,0.5489677786827087,-0.3102845549583435,0.982376217842102,0.9958090782165527
side_person17.mp4,side,226,7533,30.0,848,478,16,right_wrist,0.34102925658226013,0.5322538018226624,-0.008587867952883244,0.40886592864990234,0.993104875087738
side_person17.mp4,side,226,7533,30.0,848,478,17,left_pinky,0.295605331659317,0.5416957139968872,-0.3588913381099701,0.9740093350410461,0.9922934770584106
side_person17.mp4,side,226,7533,30.0,848,478,18,right_pinky,0.3244435787200928,0.5222638845443726,-0.017718171700835228,0.43277624249458313,0.9890425801277161
side_person17.mp4,side,226,7533,30.0,848,478,19,left_index,0.3080628216266632,0.5299087166786194,-0.3414421081542969,0.9720843434333801,0.9924485683441162
side_person17.mp4,side,226,7533,30.0,848,478,20,right_index,0.3235846161842346,0.5200991630554199,-0.05211780592799187,0.44769659638404846,0.9870775938034058
side_person17.mp4,side,226,7533,30.0,848,478,21,left_thumb,0.3107028901576996,0.5331891775131226,-0.30606257915496826,0.9559103846549988,0.9934718608856201
side_person17.mp4,side,226,7533,30.0,848,478,22,right_thumb,0.32627519965171814,0.5238780379295349,-0.026805303990840912,0.47807934880256653,0.9897081851959229
side_person17.mp4,side,226,7533,30.0,848,478,23,left_hip,0.5666888356208801,0.7235459089279175,-0.1009380966424942,0.9989684820175171,0.9993732571601868
side_person17.mp4,side,226,7533,30.0,848,478,24,right_hip,0.5473920106887817,0.6884098052978516,0.10103265941143036,0.9983466863632202,0.9996039271354675
side_person17.mp4,side,226,7533,30.0,848,478,25,left_knee,0.4549207389354706,0.756209671497345,-0.10194289684295654,0.9388590455055237,0.9984166622161865
side_person17.mp4,side,226,7533,30.0,848,478,26,right_knee,0.45394274592399597,0.7148670554161072,0.1556195616722107,0.4050823450088501,0.9986942410469055
side_person17.mp4,side,226,7533,30.0,848,478,27,left_ankle,0.5035894513130188,0.9018455147743225,0.07433462888002396,0.9208194017410278,0.9976662397384644
side_person17.mp4,side,226,7533,30.0,848,478,28,right_ankle,0.49860042333602905,0.8501016497612,0.3041442334651947,0.4466225802898407,0.9981095790863037
side_person17.mp4,side,226,7533,30.0,848,478,29,left_heel,0.5175237655639648,0.9200448989868164,0.09473460912704468,0.89910489320755,0.9979994893074036
side_person17.mp4,side,226,7533,30.0,848,478,30,right_heel,0.5130084156990051,0.8772857785224915,0.31940093636512756,0.5915154814720154,0.9982225298881531
side_person17.mp4,side,226,7533,30.0,848,478,31,left_foot_index,0.46487322449684143,0.9286561012268066,0.12084919214248657,0.8845265507698059,0.9968834519386292
side_person17.mp4,side,226,7533,30.0,848,478,32,right_foot_index,0.46816396713256836,0.9066594839096069,0.3346523344516754,0.569717288017273,0.9970657229423523
side_person17.mp4,side,227,7567,30.0,848,478,0,nose,0.4405372440814972,0.47328421473503113,-0.13218176364898682,0.9985662698745728,0.9972175359725952
side_person17.mp4,side,227,7567,30.0,848,478,1,left_eye_inner,0.4408223032951355,0.455876886844635,-0.15287712216377258,0.9985285401344299,0.9978166818618774
side_person17.mp4,side,227,7567,30.0,848,478,2,left_eye,0.4419214129447937,0.4552519917488098,-0.1528896987438202,0.9986234903335571,0.9979890584945679
side_person17.mp4,side,227,7567,30.0,848,478,3,left_eye_outer,0.4431309103965759,0.454777330160141,-0.15295998752117157,0.9989200234413147,0.9981532692909241
side_person17.mp4,side,227,7567,30.0,848,478,4,right_eye_inner,0.4405316114425659,0.4553389847278595,-0.12052834033966064,0.9979957342147827,0.9975301623344421
side_person17.mp4,side,227,7567,30.0,848,478,5,right_eye,0.4413917064666748,0.4542638659477234,-0.12055312097072601,0.9979636073112488,0.9973955154418945
side_person17.mp4,side,227,7567,30.0,848,478,6,right_eye_outer,0.4424654543399811,0.4530770182609558,-0.12053707987070084,0.9985215067863464,0.9973752498626709
side_person17.mp4,side,227,7567,30.0,848,478,7,left_ear,0.45705899596214294,0.45477524399757385,-0.1980343759059906,0.9970641136169434,0.9978185892105103
side_person17.mp4,side,227,7567,30.0,848,478,8,right_ear,0.45636194944381714,0.45213782787323,-0.051354795694351196,0.9980530738830566,0.9969456791877747
side_person17.mp4,side,227,7567,30.0,848,478,9,mouth_left,0.44796887040138245,0.48652926087379456,-0.14623981714248657,0.9971978664398193,0.997584342956543
side_person17.mp4,side,227,7567,30.0,848,478,10,mouth_right,0.44795116782188416,0.48712193965911865,-0.10352946072816849,0.9959508776664734,0.9974257349967957
side_person17.mp4,side,227,7567,30.0,848,478,11,left_shoulder,0.4832598567008972,0.5357517004013062,-0.26106390357017517,0.9983484148979187,0.996956467628479
side_person17.mp4,side,227,7567,30.0,848,478,12,right_shoulder,0.47718051075935364,0.5139844417572021,0.0422808863222599,0.9957376718521118,0.9983419179916382
side_person17.mp4,side,227,7567,30.0,848,478,13,left_elbow,0.4017680585384369,0.5659899115562439,-0.3214188814163208,0.9828610420227051,0.9983347058296204
side_person17.mp4,side,227,7567,30.0,848,478,14,right_elbow,0.40649500489234924,0.53548663854599,0.08070030063390732,0.28831180930137634,0.9989619255065918
side_person17.mp4,side,227,7567,30.0,848,478,15,left_wrist,0.3172605037689209,0.553306519985199,-0.30764317512512207,0.9826170802116394,0.9940308928489685
side_person17.mp4,side,227,7567,30.0,848,478,16,right_wrist,0.3412332832813263,0.5344425439834595,-0.003605905221775174,0.41264814138412476,0.9940031170845032
side_person17.mp4,side,227,7567,30.0,848,478,17,left_pinky,0.2964323163032532,0.549651026725769,-0.3585294187068939,0.9742866158485413,0.989378035068512
side_person17.mp4,side,227,7567,30.0,848,478,18,right_pinky,0.3250349462032318,0.5243478417396545,-0.011883972212672234,0.43852365016937256,0.9899097681045532
side_person17.mp4,side,227,7567,30.0,848,478,19,left_index,0.30846163630485535,0.5380948781967163,-0.337708055973053,0.9723895192146301,0.9892511963844299
side_person17.mp4,side,227,7567,30.0,848,478,20,right_index,0.3239235281944275,0.5232535600662231,-0.04687079042196274,0.45331692695617676,0.9881213903427124
side_person17.mp4,side,227,7567,30.0,848,478,21,left_thumb,0.31170356273651123,0.5402911901473999,-0.3030358552932739,0.9562768936157227,0.9906992316246033
side_person17.mp4,side,227,7567,30.0,848,478,22,right_thumb,0.32655400037765503,0.5269280076026917,-0.021726183593273163,0.4829576015472412,0.9907201528549194
side_person17.mp4,side,227,7567,30.0,848,478,23,left_hip,0.5660510659217834,0.7302902936935425,-0.10009840875864029,0.9989866018295288,0.9988493919372559
side_person17.mp4,side,227,7567,30.0,848,478,24,right_hip,0.5473387241363525,0.6950264573097229,0.10018573701381683,0.998382568359375,0.9993550181388855
side_person17.mp4,side,227,7567,30.0,848,478,25,left_knee,0.45327427983283997,0.756028413772583,-0.10131566226482391,0.9379963278770447,0.996757447719574
side_person17.mp4,side,227,7567,30.0,848,478,26,right_knee,0.45411407947540283,0.717897355556488,0.15539339184761047,0.39130914211273193,0.9976699948310852
side_person17.mp4,side,227,7567,30.0,848,478,27,left_ankle,0.5036392211914062,0.8998629450798035,0.06983251124620438,0.9170888066291809,0.9954760670661926
side_person17.mp4,side,227,7567,30.0,848,478,28,right_ankle,0.49941486120224,0.850719153881073,0.28859743475914,0.43070071935653687,0.9964656829833984
side_person17.mp4,side,227,7567,30.0,848,478,29,left_heel,0.5179714560508728,0.9201840758323669,0.08964130282402039,0.8951532244682312,0.996212363243103
side_person17.mp4,side,227,7567,30.0,848,478,30,right_heel,0.5129104852676392,0.8735504746437073,0.3021848499774933,0.5767150521278381,0.9966402053833008
side_person17.mp4,side,227,7567,30.0,848,478,31,left_foot_index,0.46486300230026245,0.928576648235321,0.11988062411546707,0.8783475160598755,0.9946750402450562
side_person17.mp4,side,227,7567,30.0,848,478,32,right_foot_index,0.46808937191963196,0.906486988067627,0.3196868598461151,0.553261935710907,0.9947043061256409
side_person17.mp4,side,228,7600,30.0,848,478,0,nose,0.44051817059516907,0.4800776541233063,-0.14351890981197357,0.9985427260398865,0.9969438910484314
side_person17.mp4,side,228,7600,30.0,848,478,1,left_eye_inner,0.4408071041107178,0.4626825749874115,-0.1651056706905365,0.9985299706459045,0.9976643323898315
side_person17.mp4,side,228,7600,30.0,848,478,2,left_eye,0.44190266728401184,0.4620584547519684,-0.16512168943881989,0.998627781867981,0.9978690147399902
side_person17.mp4,side,228,7600,30.0,848,478,3,left_eye_outer,0.44310638308525085,0.46157893538475037,-0.16519483923912048,0.9989180564880371,0.9980644583702087
side_person17.mp4,side,228,7600,30.0,848,478,4,right_eye_inner,0.4404761791229248,0.4621228873729706,-0.13226404786109924,0.9979729652404785,0.9973230957984924
side_person17.mp4,side,228,7600,30.0,848,478,5,right_eye,0.44131284952163696,0.4609948694705963,-0.13229551911354065,0.9979468584060669,0.997197151184082
side_person17.mp4,side,228,7600,30.0,848,478,6,right_eye_outer,0.4423373341560364,0.4598204493522644,-0.1322898417711258,0.9985069036483765,0.9972001314163208
side_person17.mp4,side,228,7600,30.0,848,478,7,left_ear,0.4570375382900238,0.46156951785087585,-0.21143047511577606,0.9970715045928955,0.9976527094841003
side_person17.mp4,side,228,7600,30.0,848,478,8,right_ear,0.45613721013069153,0.4587865471839905,-0.06257101893424988,0.9980570077896118,0.9967591166496277
side_person17.mp4,side,228,7600,30.0,848,478,9,mouth_left,0.4478900134563446,0.49319881200790405,-0.15770475566387177,0.9971539974212646,0.9974263310432434
side_person17.mp4,side,228,7600,30.0,848,478,10,mouth_right,0.44779276847839355,0.49366295337677,-0.11435660719871521,0.9959971904754639,0.9973084926605225
side_person17.mp4,side,228,7600,30.0,848,478,11,left_shoulder,0.48287433385849,0.5430413484573364,-0.2704216539859772,0.998353123664856,0.9966692328453064
side_person17.mp4,side,228,7600,30.0,848,478,12,right_shoulder,0.4766727685928345,0.5179570317268372,0.033161211758852005,0.9958435893058777,0.9985291957855225
side_person17.mp4,side,228,7600,30.0,848,478,13,left_elbow,0.40198516845703125,0.5718138813972473,-0.32959213852882385,0.9828835725784302,0.9980916380882263
side_person17.mp4,side,228,7600,30.0,848,478,14,right_elbow,0.4065946638584137,0.538964033126831,0.07240258902311325,0.2866230309009552,0.9989674091339111
side_person17.mp4,side,228,7600,30.0,848,478,15,left_wrist,0.31879401206970215,0.5646359324455261,-0.31423935294151306,0.982897937297821,0.9936787486076355
side_person17.mp4,side,228,7600,30.0,848,478,16,right_wrist,0.3414820432662964,0.5373743176460266,-0.011304564774036407,0.41912615299224854,0.9939413070678711
side_person17.mp4,side,228,7600,30.0,848,478,17,left_pinky,0.2974870800971985,0.5525514483451843,-0.36402419209480286,0.9746588468551636,0.9892618656158447
side_person17.mp4,side,228,7600,30.0,848,478,18,right_pinky,0.3252812922000885,0.5288439989089966,-0.020311132073402405,0.44631072878837585,0.9899106621742249
side_person17.mp4,side,228,7600,30.0,848,478,19,left_index,0.30852919816970825,0.5408278107643127,-0.3460414707660675,0.972811222076416,0.9894425868988037
side_person17.mp4,side,228,7600,30.0,848,478,20,right_index,0.324194073677063,0.5276461839675903,-0.056290362030267715,0.46131476759910583,0.9881504774093628
side_person17.mp4,side,228,7600,30.0,848,478,21,left_thumb,0.31149324774742126,0.5443817377090454,-0.31016308069229126,0.9567974805831909,0.9906546473503113
side_person17.mp4,side,228,7600,30.0,848,478,22,right_thumb,0.32678866386413574,0.5309993028640747,-0.029800429940223694,0.49041688442230225,0.9907236695289612
side_person17.mp4,side,228,7600,30.0,848,478,23,left_hip,0.5658001899719238,0.7359604835510254,-0.0997704565525055,0.9990139007568359,0.998934805393219
side_person17.mp4,side,228,7600,30.0,848,478,24,right_hip,0.5472797751426697,0.6994331479072571,0.09986449033021927,0.9984331727027893,0.9994693398475647
side_person17.mp4,side,228,7600,30.0,848,478,25,left_knee,0.45252788066864014,0.75677490234375,-0.10127682238817215,0.9381240010261536,0.9972202777862549
side_person17.mp4,side,228,7600,30.0,848,478,26,right_knee,0.4539969861507416,0.717181384563446,0.1545562595129013,0.3857564330101013,0.9982289671897888
side_person17.mp4,side,228,7600,30.0,848,478,27,left_ankle,0.5036450624465942,0.8992336988449097,0.07084926217794418,0.9150002002716064,0.9966484904289246
side_person17.mp4,side,228,7600,30.0,848,478,28,right_ankle,0.49708887934684753,0.8522308468818665,0.2889334559440613,0.42333534359931946,0.9972001314163208
side_person17.mp4,side,228,7600,30.0,848,478,29,left_heel,0.5184580683708191,0.9204615950584412,0.08987947553396225,0.8920642137527466,0.9972531199455261
side_person17.mp4,side,228,7600,30.0,848,478,30,right_heel,0.5125077962875366,0.8731860518455505,0.3027377724647522,0.5698045492172241,0.9973305463790894
side_person17.mp4,side,228,7600,30.0,848,478,31,left_foot_index,0.4649626314640045,0.9285374283790588,0.12262570112943649,0.8745131492614746,0.9958716034889221
side_person17.mp4,side,228,7600,30.0,848,478,32,right_foot_index,0.46797260642051697,0.9065382480621338,0.32325977087020874,0.5452762246131897,0.9955487251281738
side_person17.mp4,side,229,7633,30.0,848,478,0,nose,0.4395614564418793,0.4838698208332062,-0.1485702097415924,0.9985569715499878,0.9980304837226868
side_person17.mp4,side,229,7633,30.0,848,478,1,left_eye_inner,0.4402182996273041,0.4665600657463074,-0.17044775187969208,0.9985756278038025,0.9986088871955872
side_person17.mp4,side,229,7633,30.0,848,478,2,left_eye,0.44137224555015564,0.4660171568393707,-0.17047008872032166,0.9986736178398132,0.9987753033638
side_person17.mp4,side,229,7633,30.0,848,478,3,left_eye_outer,0.4426586329936981,0.46555987000465393,-0.17055270075798035,0.9989509582519531,0.9989263415336609
side_person17.mp4,side,229,7633,30.0,848,478,4,right_eye_inner,0.43988293409347534,0.4659695625305176,-0.13749884068965912,0.998008131980896,0.9982365369796753
side_person17.mp4,side,229,7633,30.0,848,478,5,right_eye,0.44076186418533325,0.46488142013549805,-0.1375301331281662,0.9979837536811829,0.9980883002281189
side_person17.mp4,side,229,7633,30.0,848,478,6,right_eye_outer,0.44185739755630493,0.4636366367340088,-0.13751812279224396,0.9985288977622986,0.9980300068855286
side_person17.mp4,side,229,7633,30.0,848,478,7,left_ear,0.45679184794425964,0.46650442481040955,-0.21714571118354797,0.9971780180931091,0.9988186955451965
side_person17.mp4,side,229,7633,30.0,848,478,8,right_ear,0.45590466260910034,0.4632253050804138,-0.0676940456032753,0.9981106519699097,0.9977741837501526
side_person17.mp4,side,229,7633,30.0,848,478,9,mouth_left,0.44699007272720337,0.49751779437065125,-0.1625979244709015,0.9971994161605835,0.9985589385032654
side_person17.mp4,side,229,7633,30.0,848,478,10,mouth_right,0.4469139873981476,0.49791133403778076,-0.11903980374336243,0.9961274862289429,0.9983144998550415
side_person17.mp4,side,229,7633,30.0,848,478,11,left_shoulder,0.4820440411567688,0.5500345230102539,-0.273142546415329,0.9984177350997925,0.9985711574554443
side_person17.mp4,side,229,7633,30.0,848,478,12,right_shoulder,0.4768206477165222,0.5228601098060608,0.02951435185968876,0.9959846138954163,0.9990118741989136
side_person17.mp4,side,229,7633,30.0,848,478,13,left_elbow,0.40025022625923157,0.5773751735687256,-0.3294437825679779,0.9831947684288025,0.9991980195045471
side_person17.mp4,side,229,7633,30.0,848,478,14,right_elbow,0.40623030066490173,0.5434096455574036,0.07197999209165573,0.2829965651035309,0.9992608428001404
side_person17.mp4,side,229,7633,30.0,848,478,15,left_wrist,0.3174128532409668,0.5662170648574829,-0.31124183535575867,0.9834160804748535,0.9968243837356567
side_person17.mp4,side,229,7633,30.0,848,478,16,right_wrist,0.3415522575378418,0.5421993136405945,-0.010180436074733734,0.42348793148994446,0.9949427247047424
side_person17.mp4,side,229,7633,30.0,848,478,17,left_pinky,0.2986140251159668,0.5590711832046509,-0.3604251444339752,0.9753740429878235,0.9939318895339966
side_person17.mp4,side,229,7633,30.0,848,478,18,right_pinky,0.3254326581954956,0.5316959619522095,-0.0188603438436985,0.45296019315719604,0.9915865659713745
side_person17.mp4,side,229,7633,30.0,848,478,19,left_index,0.3069014251232147,0.5483999252319336,-0.3427783250808716,0.973574161529541,0.9940525889396667
side_person17.mp4,side,229,7633,30.0,848,478,20,right_index,0.32428762316703796,0.5313359498977661,-0.054960161447525024,0.46812233328819275,0.9901471734046936
side_person17.mp4,side,229,7633,30.0,848,478,21,left_thumb,0.31203770637512207,0.5499333739280701,-0.30711084604263306,0.9579010605812073,0.9949426054954529
side_person17.mp4,side,229,7633,30.0,848,478,22,right_thumb,0.32712793350219727,0.5353890657424927,-0.028664907440543175,0.4967668056488037,0.992374837398529
side_person17.mp4,side,229,7633,30.0,848,478,23,left_hip,0.5655101537704468,0.7431042790412903,-0.09880080074071884,0.9990748763084412,0.999646782875061
side_person17.mp4,side,229,7633,30.0,848,478,24,right_hip,0.5475019216537476,0.7060071229934692,0.0989043340086937,0.99852055311203,0.9997617602348328
side_person17.mp4,side,229,7633,30.0,848,478,25,left_knee,0.4515833854675293,0.7587130069732666,-0.09770708531141281,0.9373522400856018,0.9985973238945007
side_person17.mp4,side,229,7633,30.0,848,478,26,right_knee,0.45379120111465454,0.7182995080947876,0.1585662066936493,0.37519848346710205,0.9989215135574341
side_person17.mp4,side,229,7633,30.0,848,478,27,left_ankle,0.5035212635993958,0.8999078869819641,0.07974742352962494,0.9119806885719299,0.9980100989341736
side_person17.mp4,side,229,7633,30.0,848,478,28,right_ankle,0.49730318784713745,0.8526557087898254,0.3017508387565613,0.413650780916214,0.9982615113258362
side_person17.mp4,side,229,7633,30.0,848,478,29,left_heel,0.5186270475387573,0.922687828540802,0.09970204532146454,0.8884391784667969,0.9982927441596985
side_person17.mp4,side,229,7633,30.0,848,478,30,right_heel,0.5106306076049805,0.8741461038589478,0.31698301434516907,0.5613868236541748,0.9983612895011902
side_person17.mp4,side,229,7633,30.0,848,478,31,left_foot_index,0.4649161994457245,0.9286110997200012,0.13132326304912567,0.8697972893714905,0.997365415096283
side_person17.mp4,side,229,7633,30.0,848,478,32,right_foot_index,0.46757519245147705,0.9060903191566467,0.34050631523132324,0.5364639163017273,0.9971811771392822
side_person17.mp4,side,230,7667,30.0,848,478,0,nose,0.4386560916900635,0.4886990189552307,-0.14687414467334747,0.9986146688461304,0.9988160133361816
side_person17.mp4,side,230,7667,30.0,848,478,1,left_eye_inner,0.4395765960216522,0.4709450602531433,-0.16859321296215057,0.9986544847488403,0.9991410970687866
side_person17.mp4,side,230,7667,30.0,848,478,2,left_eye,0.44076499342918396,0.4703062176704407,-0.16860266029834747,0.9987487196922302,0.9992436170578003
side_person17.mp4,side,230,7667,30.0,848,478,3,left_eye_outer,0.4420781433582306,0.469855397939682,-0.168667271733284,0.9990078806877136,0.9993354678153992
side_person17.mp4,side,230,7667,30.0,848,478,4,right_eye_inner,0.4393679201602936,0.47035151720046997,-0.13653531670570374,0.9981036186218262,0.9989245533943176
side_person17.mp4,side,230,7667,30.0,848,478,5,right_eye,0.4403436481952667,0.4691864252090454,-0.136580228805542,0.9980803728103638,0.9988366961479187
side_person17.mp4,side,230,7667,30.0,848,478,6,right_eye_outer,0.44152408838272095,0.46793732047080994,-0.13660088181495667,0.9985953569412231,0.9987987279891968
side_person17.mp4,side,230,7667,30.0,848,478,7,left_ear,0.4564351439476013,0.47044894099235535,-0.21520738303661346,0.9973466396331787,0.9992951154708862
side_person17.mp4,side,230,7667,30.0,848,478,8,right_ear,0.4556238353252411,0.46724608540534973,-0.0637262687087059,0.9982116222381592,0.9986932873725891
side_person17.mp4,side,230,7667,30.0,848,478,9,mouth_left,0.4462120831012726,0.5020844340324402,-0.16099724173545837,0.9973316192626953,0.999103844165802
side_person17.mp4,side,230,7667,30.0,848,478,10,mouth_right,0.4462321996688843,0.5023146867752075,-0.1189185231924057,0.996353805065155,0.9989551305770874
side_person17.mp4,side,230,7667,30.0,848,478,11,left_shoulder,0.48145100474357605,0.5557124614715576,-0.27197131514549255,0.998492956161499,0.9991083741188049
side_person17.mp4,side,230,7667,30.0,848,478,12,right_shoulder,0.4769028127193451,0.527790904045105,0.03506096452474594,0.9961717128753662,0.9992743134498596
side_person17.mp4,side,230,7667,30.0,848,478,13,left_elbow,0.39770737290382385,0.5824739336967468,-0.3288586735725403,0.9835582375526428,0.9994449019432068
side_person17.mp4,side,230,7667,30.0,848,478,14,right_elbow,0.40530458092689514,0.5478537082672119,0.07942959666252136,0.2799876928329468,0.99937504529953
side_person17.mp4,side,230,7667,30.0,848,478,15,left_wrist,0.3140275478363037,0.5710287094116211,-0.313388854265213,0.9841009974479675,0.9977591037750244
side_person17.mp4,side,230,7667,30.0,848,478,16,right_wrist,0.34130042791366577,0.5474465489387512,-0.008475414477288723,0.4299241304397583,0.9960500597953796
side_person17.mp4,side,230,7667,30.0,848,478,17,left_pinky,0.29225823283195496,0.5642023682594299,-0.36434659361839294,0.9763241410255432,0.9955987930297852
side_person17.mp4,side,230,7667,30.0,848,478,18,right_pinky,0.3255420923233032,0.5343783497810364,-0.017438609153032303,0.4606646001338959,0.9934444427490234
side_person17.mp4,side,230,7667,30.0,848,478,19,left_index,0.30165693163871765,0.5528994202613831,-0.34594932198524475,0.9745753407478333,0.9956620335578918
side_person17.mp4,side,230,7667,30.0,848,478,20,right_index,0.32439088821411133,0.5342491865158081,-0.0533418208360672,0.47589555382728577,0.9924037456512451
side_person17.mp4,side,230,7667,30.0,848,478,21,left_thumb,0.3096829056739807,0.5541531443595886,-0.3092132806777954,0.9593755006790161,0.9963951706886292
side_person17.mp4,side,230,7667,30.0,848,478,22,right_thumb,0.3271605968475342,0.5392260551452637,-0.02802090533077717,0.5040531158447266,0.9941616654396057
side_person17.mp4,side,230,7667,30.0,848,478,23,left_hip,0.5653649568557739,0.7510495781898499,-0.09861969202756882,0.9991456270217896,0.9997957348823547
side_person17.mp4,side,230,7667,30.0,848,478,24,right_hip,0.5477489829063416,0.714408814907074,0.09872062504291534,0.9986236095428467,0.9998395442962646
side_person17.mp4,side,230,7667,30.0,848,478,25,left_knee,0.45223569869995117,0.7593051195144653,-0.09687882661819458,0.9372439384460449,0.9990378618240356
side_person17.mp4,side,230,7667,30.0,848,478,26,right_knee,0.45355871319770813,0.717873752117157,0.17835299670696259,0.36507871747016907,0.99918133020401
side_person17.mp4,side,230,7667,30.0,848,478,27,left_ankle,0.503503143787384,0.9012408256530762,0.08820246160030365,0.907880425453186,0.9986108541488647
side_person17.mp4,side,230,7667,30.0,848,478,28,right_ankle,0.4984642565250397,0.8531664609909058,0.32149165868759155,0.40505415201187134,0.9986770749092102
side_person17.mp4,side,230,7667,30.0,848,478,29,left_heel,0.5187500715255737,0.9230276942253113,0.10901814699172974,0.8844098448753357,0.9987634420394897
side_person17.mp4,side,230,7667,30.0,848,478,30,right_heel,0.5113803148269653,0.8748151659965515,0.3367336094379425,0.5527682900428772,0.998723566532135
side_person17.mp4,side,230,7667,30.0,848,478,31,left_foot_index,0.4649164378643036,0.928566038608551,0.14103350043296814,0.8640280365943909,0.9979888200759888
side_person17.mp4,side,230,7667,30.0,848,478,32,right_foot_index,0.4676600992679596,0.9060885906219482,0.35999107360839844,0.5292560458183289,0.9978561997413635
side_person17.mp4,side,231,7700,30.0,848,478,0,nose,0.43862342834472656,0.49410438537597656,-0.14597804844379425,0.9985862374305725,0.9981891512870789
side_person17.mp4,side,231,7700,30.0,848,478,1,left_eye_inner,0.4394671320915222,0.4761504530906677,-0.167207270860672,0.9986591339111328,0.9986274242401123
side_person17.mp4,side,231,7700,30.0,848,478,2,left_eye,0.440647155046463,0.47554677724838257,-0.16722749173641205,0.9987552165985107,0.9987490177154541
side_person17.mp4,side,231,7700,30.0,848,478,3,left_eye_outer,0.44196560978889465,0.47508734464645386,-0.16729989647865295,0.9990065097808838,0.9988662004470825
side_person17.mp4,side,231,7700,30.0,848,478,4,right_eye_inner,0.4392126798629761,0.47559112310409546,-0.1348423808813095,0.9980866312980652,0.9984114170074463
side_person17.mp4,side,231,7700,30.0,848,478,5,right_eye,0.44015756249427795,0.4744656980037689,-0.13488204777240753,0.9980675578117371,0.9983161687850952
side_person17.mp4,side,231,7700,30.0,848,478,6,right_eye_outer,0.44129475951194763,0.47325465083122253,-0.13489024341106415,0.9985800981521606,0.9982851147651672
side_person17.mp4,side,231,7700,30.0,848,478,7,left_ear,0.45625463128089905,0.47572922706604004,-0.21328239142894745,0.9973396062850952,0.9986782670021057
side_person17.mp4,side,231,7700,30.0,848,478,8,right_ear,0.45522648096084595,0.47258833050727844,-0.0635286271572113,0.9982067346572876,0.9980893731117249
side_person17.mp4,side,231,7700,30.0,848,478,9,mouth_left,0.4462249279022217,0.5079413056373596,-0.1598818004131317,0.9972336888313293,0.9984190464019775
side_person17.mp4,side,231,7700,30.0,848,478,10,mouth_right,0.446161687374115,0.5082606673240662,-0.11730009317398071,0.9963249564170837,0.9983056783676147
side_person17.mp4,side,231,7700,30.0,848,478,11,left_shoulder,0.4816175103187561,0.5601142644882202,-0.27187514305114746,0.9984847903251648,0.9981671571731567
side_person17.mp4,side,231,7700,30.0,848,478,12,right_shoulder,0.4760446846485138,0.5323423743247986,0.03350815176963806,0.9961968660354614,0.9989427924156189
side_person17.mp4,side,231,7700,30.0,848,478,13,left_elbow,0.3975044786930084,0.5856769680976868,-0.3287065327167511,0.9832658767700195,0.9988498687744141
side_person17.mp4,side,231,7700,30.0,848,478,14,right_elbow,0.40487584471702576,0.5514902472496033,0.07546443492174149,0.2765932083129883,0.9992190599441528
side_person17.mp4,side,231,7700,30.0,848,478,15,left_wrist,0.3156825602054596,0.57216876745224,-0.31353500485420227,0.9840898513793945,0.9956344962120056
side_person17.mp4,side,231,7700,30.0,848,478,16,right_wrist,0.3412969708442688,0.5497815012931824,-0.010281920433044434,0.43523716926574707,0.994566798210144
side_person17.mp4,side,231,7700,30.0,848,478,17,left_pinky,0.29414981603622437,0.5668356418609619,-0.36357617378234863,0.976256787776947,0.9922573566436768
side_person17.mp4,side,231,7700,30.0,848,478,18,right_pinky,0.3257778584957123,0.5363089442253113,-0.018598901107907295,0.466738224029541,0.990856945514679
side_person17.mp4,side,231,7700,30.0,848,478,19,left_index,0.302511066198349,0.5554817318916321,-0.34595173597335815,0.9745189547538757,0.9923866987228394
side_person17.mp4,side,231,7700,30.0,848,478,20,right_index,0.3245469927787781,0.5362459421157837,-0.05467619374394417,0.4824393391609192,0.989206075668335
side_person17.mp4,side,231,7700,30.0,848,478,21,left_thumb,0.3101516366004944,0.5578474998474121,-0.3095208704471588,0.9591702818870544,0.9933385252952576
side_person17.mp4,side,231,7700,30.0,848,478,22,right_thumb,0.3272797167301178,0.5413563847541809,-0.029203010722994804,0.5101139545440674,0.9916963577270508
side_person17.mp4,side,231,7700,30.0,848,478,23,left_hip,0.5649701952934265,0.7556347846984863,-0.09809694439172745,0.9991844296455383,0.9995855689048767
side_person17.mp4,side,231,7700,30.0,848,478,24,right_hip,0.5470824837684631,0.7172005772590637,0.09819439053535461,0.99868243932724,0.9997525811195374
side_person17.mp4,side,231,7700,30.0,848,478,25,left_knee,0.4525793492794037,0.7606596350669861,-0.09672413766384125,0.9339863061904907,0.998009979724884
side_person17.mp4,side,231,7700,30.0,848,478,26,right_knee,0.45272964239120483,0.7176902890205383,0.176839679479599,0.35233721137046814,0.9988112449645996
side_person17.mp4,side,231,7700,30.0,848,478,27,left_ankle,0.503488302230835,0.9020649194717407,0.08680907636880875,0.897150993347168,0.9971851706504822
side_person17.mp4,side,231,7700,30.0,848,478,28,right_ankle,0.49851956963539124,0.850970447063446,0.3242010772228241,0.39084872603416443,0.99822598695755
side_person17.mp4,side,231,7700,30.0,848,478,29,left_heel,0.518862783908844,0.923556387424469,0.10720301419496536,0.8732399344444275,0.997569739818573
side_person17.mp4,side,231,7700,30.0,848,478,30,right_heel,0.5109525322914124,0.872590959072113,0.33999669551849365,0.5391532182693481,0.9982898831367493
side_person17.mp4,side,231,7700,30.0,848,478,31,left_foot_index,0.46479517221450806,0.9285697340965271,0.13579019904136658,0.8505216836929321,0.9966642260551453
side_person17.mp4,side,231,7700,30.0,848,478,32,right_foot_index,0.4670862555503845,0.9053152799606323,0.3653874695301056,0.5152058601379395,0.9973338842391968
side_person17.mp4,side,232,7733,30.0,848,478,0,nose,0.4386454224586487,0.4994211494922638,-0.13044892251491547,0.9986312985420227,0.9987238049507141
side_person17.mp4,side,232,7733,30.0,848,478,1,left_eye_inner,0.4393770396709442,0.4815511703491211,-0.15144029259681702,0.9987240433692932,0.9990835189819336
side_person17.mp4,side,232,7733,30.0,848,478,2,left_eye,0.4405094385147095,0.480920672416687,-0.15147486329078674,0.9988183379173279,0.9991820454597473
side_person17.mp4,side,232,7733,30.0,848,478,3,left_eye_outer,0.441769003868103,0.48042944073677063,-0.15155774354934692,0.9990533590316772,0.9992716908454895
side_person17.mp4,side,232,7733,30.0,848,478,4,right_eye_inner,0.43921467661857605,0.4808562099933624,-0.11790759861469269,0.9981633424758911,0.9988828301429749
side_person17.mp4,side,232,7733,30.0,848,478,5,right_eye,0.4401877522468567,0.4796770513057709,-0.11793138086795807,0.9981449842453003,0.998789370059967
side_person17.mp4,side,232,7733,30.0,848,478,6,right_eye_outer,0.4413434863090515,0.4784834086894989,-0.11791069805622101,0.9986312985420227,0.9987455606460571
side_person17.mp4,side,232,7733,30.0,848,478,7,left_ear,0.4559001624584198,0.4801195561885834,-0.19977803528308868,0.9974743723869324,0.9992039799690247
side_person17.mp4,side,232,7733,30.0,848,478,8,right_ear,0.45511674880981445,0.4770980179309845,-0.046633221209049225,0.9982894659042358,0.998594343662262
side_person17.mp4,side,232,7733,30.0,848,478,9,mouth_left,0.44607028365135193,0.5119518637657166,-0.1454409509897232,0.9973161816596985,0.9989443421363831
side_person17.mp4,side,232,7733,30.0,848,478,10,mouth_right,0.44612810015678406,0.5121412873268127,-0.10116008669137955,0.9964835047721863,0.9987834095954895
side_person17.mp4,side,232,7733,30.0,848,478,11,left_shoulder,0.48161646723747253,0.5645906329154968,-0.26194941997528076,0.9985285997390747,0.9987483024597168
side_person17.mp4,side,232,7733,30.0,848,478,12,right_shoulder,0.4767102003097534,0.5340664982795715,0.049390945583581924,0.9962924718856812,0.9990322589874268
side_person17.mp4,side,232,7733,30.0,848,478,13,left_elbow,0.3968866169452667,0.5926927924156189,-0.32412299513816833,0.9835159182548523,0.9992063641548157
side_person17.mp4,side,232,7733,30.0,848,478,14,right_elbow,0.405216246843338,0.556077778339386,0.09516465663909912,0.2726714015007019,0.999165415763855
side_person17.mp4,side,232,7733,30.0,848,478,15,left_wrist,0.3156949281692505,0.5755447149276733,-0.31290727853775024,0.9846300482749939,0.9968125224113464
side_person17.mp4,side,232,7733,30.0,848,478,16,right_wrist,0.3415704071521759,0.5503799915313721,0.006934534292668104,0.4420435428619385,0.994264543056488
side_person17.mp4,side,232,7733,30.0,848,478,17,left_pinky,0.2944977283477783,0.5698588490486145,-0.36147233843803406,0.9769883751869202,0.9938642978668213
side_person17.mp4,side,232,7733,30.0,848,478,18,right_pinky,0.32621830701828003,0.5366804003715515,-0.00045247425441630185,0.475196897983551,0.9908719658851624
side_person17.mp4,side,232,7733,30.0,848,478,19,left_index,0.3033784329891205,0.5579546689987183,-0.3448562026023865,0.9752816557884216,0.9939343333244324
side_person17.mp4,side,232,7733,30.0,848,478,20,right_index,0.32504916191101074,0.5371371507644653,-0.03712781146168709,0.49118420481681824,0.9895452857017517
side_person17.mp4,side,232,7733,30.0,848,478,21,left_thumb,0.30870652198791504,0.559982419013977,-0.30919167399406433,0.9602402448654175,0.9949118494987488
side_person17.mp4,side,232,7733,30.0,848,478,22,right_thumb,0.32751309871673584,0.5429205894470215,-0.012017963454127312,0.5183898210525513,0.9918157458305359
side_person17.mp4,side,232,7733,30.0,848,478,23,left_hip,0.564550518989563,0.7622315287590027,-0.09813634306192398,0.999230682849884,0.9995924830436707
side_person17.mp4,side,232,7733,30.0,848,478,24,right_hip,0.5471944808959961,0.7229402661323547,0.09823360294103622,0.9987459182739258,0.9996994733810425
side_person17.mp4,side,232,7733,30.0,848,478,25,left_knee,0.45219749212265015,0.7604831457138062,-0.09739252924919128,0.9326962828636169,0.998472273349762
side_person17.mp4,side,232,7733,30.0,848,478,26,right_knee,0.45199522376060486,0.7180413007736206,0.17903733253479004,0.340900182723999,0.9988483190536499
side_person17.mp4,side,232,7733,30.0,848,478,27,left_ankle,0.5035162568092346,0.901816189289093,0.0872783362865448,0.8899128437042236,0.9975825548171997
side_person17.mp4,side,232,7733,30.0,848,478,28,right_ankle,0.4985308349132538,0.8513506054878235,0.3229614198207855,0.37895384430885315,0.998102605342865
side_person17.mp4,side,232,7733,30.0,848,478,29,left_heel,0.5189048051834106,0.9235332012176514,0.10805828869342804,0.8662908673286438,0.9979054927825928
side_person17.mp4,side,232,7733,30.0,848,478,30,right_heel,0.5110490322113037,0.873088538646698,0.338469535112381,0.5275254249572754,0.9981735944747925
side_person17.mp4,side,232,7733,30.0,848,478,31,left_foot_index,0.4649222791194916,0.9287717938423157,0.14220395684242249,0.8407172560691833,0.996997594833374
side_person17.mp4,side,232,7733,30.0,848,478,32,right_foot_index,0.4661828577518463,0.9061296582221985,0.3653240501880646,0.5038442015647888,0.9971264004707336
side_person17.mp4,side,233,7767,30.0,848,478,0,nose,0.43871068954467773,0.5037255883216858,-0.12717698514461517,0.9986429810523987,0.9986705780029297
side_person17.mp4,side,233,7767,30.0,848,478,1,left_eye_inner,0.43937715888023376,0.48592886328697205,-0.14779409766197205,0.9987539052963257,0.9989489912986755
side_person17.mp4,side,233,7767,30.0,848,478,2,left_eye,0.44050267338752747,0.4851929843425751,-0.14782556891441345,0.998849093914032,0.9990360736846924
side_person17.mp4,side,233,7767,30.0,848,478,3,left_eye_outer,0.4417617619037628,0.48459291458129883,-0.14790290594100952,0.9990718960762024,0.9991177916526794
side_person17.mp4,side,233,7767,30.0,848,478,4,right_eye_inner,0.43919187784194946,0.48533445596694946,-0.11464790999889374,0.9981931447982788,0.998806357383728
side_person17.mp4,side,233,7767,30.0,848,478,5,right_eye,0.4401501715183258,0.48412612080574036,-0.11467358469963074,0.9981791377067566,0.9987373948097229
side_person17.mp4,side,233,7767,30.0,848,478,6,right_eye_outer,0.44130250811576843,0.4828728139400482,-0.11465641856193542,0.9986512064933777,0.9987130165100098
side_person17.mp4,side,233,7767,30.0,848,478,7,left_ear,0.455885648727417,0.4837646186351776,-0.1951817274093628,0.9975245594978333,0.9989608526229858
side_person17.mp4,side,233,7767,30.0,848,478,8,right_ear,0.45501452684402466,0.4813304543495178,-0.0444258376955986,0.998329758644104,0.998524010181427
side_person17.mp4,side,233,7767,30.0,848,478,9,mouth_left,0.44613462686538696,0.5162674188613892,-0.14203649759292603,0.9972884058952332,0.99873286485672
side_person17.mp4,side,233,7767,30.0,848,478,10,mouth_right,0.44616857171058655,0.5164650678634644,-0.09825022518634796,0.9965332746505737,0.9986528158187866
side_person17.mp4,side,233,7767,30.0,848,478,11,left_shoulder,0.4817010164260864,0.566685140132904,-0.2582416236400604,0.9985219836235046,0.9981160163879395
side_person17.mp4,side,233,7767,30.0,848,478,12,right_shoulder,0.47624725103378296,0.5390176773071289,0.050021834671497345,0.9963507652282715,0.9989455342292786
side_person17.mp4,side,233,7767,30.0,848,478,13,left_elbow,0.3967297077178955,0.5918970108032227,-0.32156452536582947,0.9834641218185425,0.9988023042678833
side_person17.mp4,side,233,7767,30.0,848,478,14,right_elbow,0.4050641655921936,0.5571696162223816,0.09321853518486023,0.27312660217285156,0.9991581439971924
side_person17.mp4,side,233,7767,30.0,848,478,15,left_wrist,0.31642234325408936,0.5751062631607056,-0.3111502528190613,0.9847830533981323,0.9955671429634094
side_person17.mp4,side,233,7767,30.0,848,478,16,right_wrist,0.3416092097759247,0.5540059208869934,0.005647808313369751,0.45190250873565674,0.9945849776268005
side_person17.mp4,side,233,7767,30.0,848,478,17,left_pinky,0.2949201166629791,0.5680904388427734,-0.35991403460502625,0.9771422147750854,0.9921004176139832
side_person17.mp4,side,233,7767,30.0,848,478,18,right_pinky,0.3263920545578003,0.541102409362793,-0.0019013547571375966,0.4854692220687866,0.9910405278205872
side_person17.mp4,side,233,7767,30.0,848,478,19,left_index,0.30521252751350403,0.5567924380302429,-0.34258490800857544,0.9754440784454346,0.9921101927757263
side_person17.mp4,side,233,7767,30.0,848,478,20,right_index,0.32514214515686035,0.5406801700592041,-0.03818628564476967,0.5020003318786621,0.9896957874298096
side_person17.mp4,side,233,7767,30.0,848,478,21,left_thumb,0.3089311122894287,0.559001624584198,-0.30718791484832764,0.960386335849762,0.993155300617218
side_person17.mp4,side,233,7767,30.0,848,478,22,right_thumb,0.3276103436946869,0.545526921749115,-0.013134094886481762,0.5287424921989441,0.991936206817627
side_person17.mp4,side,233,7767,30.0,848,478,23,left_hip,0.5637692809104919,0.7646018266677856,-0.09819389879703522,0.9992503523826599,0.9993782043457031
side_person17.mp4,side,233,7767,30.0,848,478,24,right_hip,0.5463702082633972,0.7265228033065796,0.09829021990299225,0.9987819790840149,0.999634861946106
side_person17.mp4,side,233,7767,30.0,848,478,25,left_knee,0.45165109634399414,0.761218786239624,-0.10376911610364914,0.930596113204956,0.9977072477340698
side_person17.mp4,side,233,7767,30.0,848,478,26,right_knee,0.45085641741752625,0.7182363867759705,0.17521049082279205,0.32951784133911133,0.9985483288764954
side_person17.mp4,side,233,7767,30.0,848,478,27,left_ankle,0.5035238862037659,0.9013581871986389,0.08163677155971527,0.8822870850563049,0.9966892600059509
side_person17.mp4,side,233,7767,30.0,848,478,28,right_ankle,0.49830374121665955,0.8516344428062439,0.3184671103954315,0.3662105202674866,0.9976584911346436
side_person17.mp4,side,233,7767,30.0,848,478,29,left_heel,0.5188981294631958,0.9211844801902771,0.10255616903305054,0.8590269088745117,0.9972151517868042
side_person17.mp4,side,233,7767,30.0,848,478,30,right_heel,0.5112413167953491,0.8734245300292969,0.3328855037689209,0.5150468945503235,0.9977806210517883
side_person17.mp4,side,233,7767,30.0,848,478,31,left_foot_index,0.4650253355503082,0.9291822910308838,0.13880126178264618,0.8309754133224487,0.996260941028595
side_person17.mp4,side,233,7767,30.0,848,478,32,right_foot_index,0.46612024307250977,0.9063053727149963,0.3602648377418518,0.49068233370780945,0.9966088533401489
side_person17.mp4,side,234,7800,30.0,848,478,0,nose,0.4385779798030853,0.5064927935600281,-0.11816960573196411,0.9986616969108582,0.9989789724349976
side_person17.mp4,side,234,7800,30.0,848,478,1,left_eye_inner,0.4392120838165283,0.48832324147224426,-0.13895173370838165,0.9987972974777222,0.999228835105896
side_person17.mp4,side,234,7800,30.0,848,478,2,left_eye,0.4403468668460846,0.4877346158027649,-0.13898523151874542,0.9988917112350464,0.9993076324462891
side_person17.mp4,side,234,7800,30.0,848,478,3,left_eye_outer,0.44160187244415283,0.48731085658073425,-0.13906283676624298,0.9991028308868408,0.9993776679039001
side_person17.mp4,side,234,7800,30.0,848,478,4,right_eye_inner,0.4390485882759094,0.48754796385765076,-0.1063629612326622,0.9982375502586365,0.9990783929824829
side_person17.mp4,side,234,7800,30.0,848,478,5,right_eye,0.44003671407699585,0.4863584339618683,-0.10639163851737976,0.998225212097168,0.9990149736404419
side_person17.mp4,side,234,7800,30.0,848,478,6,right_eye_outer,0.44121113419532776,0.48514604568481445,-0.10637114197015762,0.9986818432807922,0.9989838004112244
side_person17.mp4,side,234,7800,30.0,848,478,7,left_ear,0.45556482672691345,0.4871176779270172,-0.18799874186515808,0.9976135492324829,0.9993269443511963
side_person17.mp4,side,234,7800,30.0,848,478,8,right_ear,0.45486533641815186,0.48378658294677734,-0.039727240800857544,0.9983842372894287,0.9988829493522644
side_person17.mp4,side,234,7800,30.0,848,478,9,mouth_left,0.44602760672569275,0.5190476179122925,-0.13364337384700775,0.9973307251930237,0.9991796612739563
side_person17.mp4,side,234,7800,30.0,848,478,10,mouth_right,0.4461047947406769,0.5191585421562195,-0.09051105380058289,0.9966339468955994,0.9990724325180054
side_person17.mp4,side,234,7800,30.0,848,478,11,left_shoulder,0.4815540909767151,0.5694741606712341,-0.2508695423603058,0.9985600709915161,0.9988976716995239
side_person17.mp4,side,234,7800,30.0,848,478,12,right_shoulder,0.47711825370788574,0.5384801626205444,0.053257618099451065,0.9964335560798645,0.9992486834526062
side_person17.mp4,side,234,7800,30.0,848,478,13,left_elbow,0.39698120951652527,0.5981403589248657,-0.309584379196167,0.9834239482879639,0.9990938901901245
side_person17.mp4,side,234,7800,30.0,848,478,14,right_elbow,0.40514299273490906,0.5579177141189575,0.09916354715824127,0.27318742871284485,0.999299168586731
side_person17.mp4,side,234,7800,30.0,848,478,15,left_wrist,0.31897372007369995,0.579447329044342,-0.2918458878993988,0.9849230647087097,0.996309220790863
side_person17.mp4,side,234,7800,30.0,848,478,16,right_wrist,0.3424208164215088,0.5538443922996521,0.013732547871768475,0.46168291568756104,0.9951751232147217
side_person17.mp4,side,234,7800,30.0,848,478,17,left_pinky,0.29737037420272827,0.5738961100578308,-0.3386537432670593,0.9773127436637878,0.9931097030639648
side_person17.mp4,side,234,7800,30.0,848,478,18,right_pinky,0.327046275138855,0.54123854637146,0.006943315267562866,0.4963620901107788,0.9919245839118958
side_person17.mp4,side,234,7800,30.0,848,478,19,left_index,0.3070152699947357,0.5619171261787415,-0.321081280708313,0.9756186008453369,0.9932771325111389
side_person17.mp4,side,234,7800,30.0,848,478,20,right_index,0.3255341351032257,0.5416019558906555,-0.029108455404639244,0.5131721496582031,0.9909022450447083
side_person17.mp4,side,234,7800,30.0,848,478,21,left_thumb,0.312703013420105,0.5628411769866943,-0.2874602973461151,0.9606013894081116,0.9943189024925232
side_person17.mp4,side,234,7800,30.0,848,478,22,right_thumb,0.32816627621650696,0.5471601486206055,-0.004683087579905987,0.539272129535675,0.9930278658866882
side_person17.mp4,side,234,7800,30.0,848,478,23,left_hip,0.5633371472358704,0.7658989429473877,-0.09816049784421921,0.9992862939834595,0.999640941619873
side_person17.mp4,side,234,7800,30.0,848,478,24,right_hip,0.546374499797821,0.72774338722229,0.09825476258993149,0.9988251328468323,0.9997581839561462
side_person17.mp4,side,234,7800,30.0,848,478,25,left_knee,0.4512302577495575,0.7613625526428223,-0.10449603945016861,0.9270484447479248,0.9983555674552917
side_person17.mp4,side,234,7800,30.0,848,478,26,right_knee,0.4505346715450287,0.7123605608940125,0.1743106096982956,0.31603437662124634,0.9988790154457092
side_person17.mp4,side,234,7800,30.0,848,478,27,left_ankle,0.5034841299057007,0.900668740272522,0.07307850569486618,0.8741662502288818,0.9966421127319336
side_person17.mp4,side,234,7800,30.0,848,478,28,right_ankle,0.49703288078308105,0.8446244597434998,0.3187328279018402,0.3507295250892639,0.9979304075241089
side_person17.mp4,side,234,7800,30.0,848,478,29,left_heel,0.5188003182411194,0.9198655486106873,0.09303043782711029,0.8511210680007935,0.9970213770866394
side_person17.mp4,side,234,7800,30.0,848,478,30,right_heel,0.510933518409729,0.8683263063430786,0.33380988240242004,0.5011644959449768,0.9980359673500061
side_person17.mp4,side,234,7800,30.0,848,478,31,left_foot_index,0.46549391746520996,0.9288768172264099,0.13277606666088104,0.8206253051757812,0.9961168766021729
side_person17.mp4,side,234,7800,30.0,848,478,32,right_foot_index,0.4660349488258362,0.9025646448135376,0.36430779099464417,0.4748091697692871,0.9969243407249451
side_person17.mp4,side,235,7833,30.0,848,478,0,nose,0.4386261999607086,0.508931040763855,-0.12113088369369507,0.998651385307312,0.9988632202148438
side_person17.mp4,side,235,7833,30.0,848,478,1,left_eye_inner,0.43923860788345337,0.49129536747932434,-0.14210744202136993,0.9988123178482056,0.9990884065628052
side_person17.mp4,side,235,7833,30.0,848,478,2,left_eye,0.4403713643550873,0.4907519817352295,-0.14213845133781433,0.9989066123962402,0.9991618394851685
side_person17.mp4,side,235,7833,30.0,848,478,3,left_eye_outer,0.44162529706954956,0.4903298318386078,-0.14221440255641937,0.9991099834442139,0.9992328882217407
side_person17.mp4,side,235,7833,30.0,848,478,4,right_eye_inner,0.4390619993209839,0.49039164185523987,-0.10920290648937225,0.9982395768165588,0.9989662170410156
side_person17.mp4,side,235,7833,30.0,848,478,5,right_eye,0.44003933668136597,0.4891725480556488,-0.10922769457101822,0.9982300996780396,0.9989107847213745
side_person17.mp4,side,235,7833,30.0,848,478,6,right_eye_outer,0.4412077069282532,0.48791277408599854,-0.109211266040802,0.9986826777458191,0.9988893866539001
side_person17.mp4,side,235,7833,30.0,848,478,7,left_ear,0.45559269189834595,0.49006444215774536,-0.18991802632808685,0.9976329207420349,0.9991180300712585
side_person17.mp4,side,235,7833,30.0,848,478,8,right_ear,0.45489004254341125,0.4865019917488098,-0.04107782617211342,0.9984006881713867,0.9987758994102478
side_person17.mp4,side,235,7833,30.0,848,478,9,mouth_left,0.4460487365722656,0.522286057472229,-0.13608790934085846,0.997296154499054,0.9989808201789856
side_person17.mp4,side,235,7833,30.0,848,478,10,mouth_right,0.44611698389053345,0.5221080780029297,-0.09247466921806335,0.9966581463813782,0.9989274144172668
side_person17.mp4,side,235,7833,30.0,848,478,11,left_shoulder,0.48180049657821655,0.5724180340766907,-0.25337639451026917,0.9985567331314087,0.9985098242759705
side_person17.mp4,side,235,7833,30.0,848,478,12,right_shoulder,0.47715914249420166,0.5405728220939636,0.04793119803071022,0.9965041279792786,0.9992276430130005
side_person17.mp4,side,235,7833,30.0,848,478,13,left_elbow,0.3971707224845886,0.5978089570999146,-0.3117733299732208,0.9834148287773132,0.9989442229270935
side_person17.mp4,side,235,7833,30.0,848,478,14,right_elbow,0.4052117168903351,0.5570510029792786,0.09664439409971237,0.2775542140007019,0.9993466734886169
side_person17.mp4,side,235,7833,30.0,848,478,15,left_wrist,0.3204513490200043,0.580940306186676,-0.2924277186393738,0.9849815964698792,0.9958100318908691
side_person17.mp4,side,235,7833,30.0,848,478,16,right_wrist,0.3424302935600281,0.5544362664222717,0.010598406195640564,0.47577333450317383,0.9956069588661194
side_person17.mp4,side,235,7833,30.0,848,478,17,left_pinky,0.29909953474998474,0.5752770304679871,-0.3389259874820709,0.9773434400558472,0.9924232959747314
side_person17.mp4,side,235,7833,30.0,848,478,18,right_pinky,0.3271356225013733,0.5424211621284485,0.004633788019418716,0.5100943446159363,0.9925512075424194
side_person17.mp4,side,235,7833,30.0,848,478,19,left_index,0.30775073170661926,0.5626146793365479,-0.32148271799087524,0.9756543040275574,0.9925695061683655
side_person17.mp4,side,235,7833,30.0,848,478,20,right_index,0.3255908191204071,0.5428990125656128,-0.032881904393434525,0.5273451805114746,0.9915068745613098
side_person17.mp4,side,235,7833,30.0,848,478,21,left_thumb,0.31291475892066956,0.564848005771637,-0.2881620228290558,0.9606035947799683,0.9936044812202454
side_person17.mp4,side,235,7833,30.0,848,478,22,right_thumb,0.32826927304267883,0.5480676293373108,-0.008003049530088902,0.5527171492576599,0.9934968948364258
side_person17.mp4,side,235,7833,30.0,848,478,23,left_hip,0.5628235340118408,0.7687519192695618,-0.09798061847686768,0.9993157386779785,0.9995899796485901
side_person17.mp4,side,235,7833,30.0,848,478,24,right_hip,0.5460779666900635,0.7294734716415405,0.09807370603084564,0.9988654255867004,0.9997574687004089
side_person17.mp4,side,235,7833,30.0,848,478,25,left_knee,0.45135509967803955,0.7619127035140991,-0.10670415312051773,0.9222777485847473,0.997890055179596
side_person17.mp4,side,235,7833,30.0,848,478,26,right_knee,0.4506431221961975,0.7123270034790039,0.17712798714637756,0.30401331186294556,0.998771607875824
side_person17.mp4,side,235,7833,30.0,848,478,27,left_ankle,0.503460168838501,0.9006681442260742,0.07117225229740143,0.8625227808952332,0.9965969920158386
side_person17.mp4,side,235,7833,30.0,848,478,28,right_ankle,0.4967218339443207,0.8420882225036621,0.3242115378379822,0.33621981739997864,0.9978930354118347
side_person17.mp4,side,235,7833,30.0,848,478,29,left_heel,0.5186704397201538,0.9193772673606873,0.09111148864030838,0.8404771685600281,0.9970212578773499
side_person17.mp4,side,235,7833,30.0,848,478,30,right_heel,0.5108151435852051,0.8658973574638367,0.3397655189037323,0.48844587802886963,0.9979919195175171
side_person17.mp4,side,235,7833,30.0,848,478,31,left_foot_index,0.46610817313194275,0.928859531879425,0.1313239187002182,0.8074828386306763,0.9963083863258362
side_person17.mp4,side,235,7833,30.0,848,478,32,right_foot_index,0.46602940559387207,0.9006943702697754,0.37194961309432983,0.4596998989582062,0.9970724582672119
side_person17.mp4,side,236,7867,30.0,848,478,0,nose,0.4389716386795044,0.5115776658058167,-0.10084153711795807,0.9986188411712646,0.998867392539978
side_person17.mp4,side,236,7867,30.0,848,478,1,left_eye_inner,0.4393574595451355,0.49386611580848694,-0.12125326693058014,0.9988051652908325,0.9989708662033081
side_person17.mp4,side,236,7867,30.0,848,478,2,left_eye,0.4404778480529785,0.493137001991272,-0.12128029018640518,0.9989001154899597,0.9990293979644775
side_person17.mp4,side,236,7867,30.0,848,478,3,left_eye_outer,0.44171595573425293,0.4925217032432556,-0.12134338170289993,0.9991000890731812,0.9990875720977783
side_person17.mp4,side,236,7867,30.0,848,478,4,right_eye_inner,0.4391113221645355,0.49317944049835205,-0.08999395370483398,0.9982243776321411,0.9989346861839294
side_person17.mp4,side,236,7867,30.0,848,478,5,right_eye,0.4400547742843628,0.491901159286499,-0.09002766758203506,0.9982168078422546,0.9989193677902222
side_person17.mp4,side,236,7867,30.0,848,478,6,right_eye_outer,0.4412271976470947,0.49058282375335693,-0.0900246873497963,0.9986734390258789,0.9989336133003235
side_person17.mp4,side,236,7867,30.0,848,478,7,left_ear,0.45567822456359863,0.4912931025028229,-0.1717415750026703,0.9976048469543457,0.9989161491394043
side_person17.mp4,side,236,7867,30.0,848,478,8,right_ear,0.4549003839492798,0.48834460973739624,-0.029697410762310028,0.9984114766120911,0.9988651275634766
side_person17.mp4,side,236,7867,30.0,848,478,9,mouth_left,0.44650721549987793,0.524500846862793,-0.11711172759532928,0.9972476959228516,0.9990206956863403
side_person17.mp4,side,236,7867,30.0,848,478,10,mouth_right,0.446549654006958,0.5247090458869934,-0.07575853168964386,0.9966714978218079,0.9990742206573486
side_person17.mp4,side,236,7867,30.0,848,478,11,left_shoulder,0.4825250804424286,0.5718751549720764,-0.23748226463794708,0.9985541701316833,0.9984075427055359
side_person17.mp4,side,236,7867,30.0,848,478,12,right_shoulder,0.47716420888900757,0.5415682792663574,0.05737387388944626,0.996629536151886,0.9994240999221802
side_person17.mp4,side,236,7867,30.0,848,478,13,left_elbow,0.39819857478141785,0.5981775522232056,-0.2959439754486084,0.9832698106765747,0.998943030834198
side_person17.mp4,side,236,7867,30.0,848,478,14,right_elbow,0.40541160106658936,0.557450532913208,0.10550520569086075,0.28540685772895813,0.9995765089988708
side_person17.mp4,side,236,7867,30.0,848,478,15,left_wrist,0.3271155059337616,0.5820812582969666,-0.2757132649421692,0.9850136637687683,0.9962575435638428
side_person17.mp4,side,236,7867,30.0,848,478,16,right_wrist,0.3432508111000061,0.5563374757766724,0.0230672899633646,0.4973216950893402,0.9976843595504761
side_person17.mp4,side,236,7867,30.0,848,478,17,left_pinky,0.3060554265975952,0.5768349766731262,-0.31901121139526367,0.9773510694503784,0.993526816368103
side_person17.mp4,side,236,7867,30.0,848,478,18,right_pinky,0.3288271427154541,0.546360194683075,0.017523035407066345,0.5300254821777344,0.9958769083023071
side_person17.mp4,side,236,7867,30.0,848,478,19,left_index,0.3116496801376343,0.5654099583625793,-0.3020711839199066,0.9756577014923096,0.9935017228126526
side_person17.mp4,side,236,7867,30.0,848,478,20,right_index,0.3267848789691925,0.5465633869171143,-0.01721087284386158,0.5471672415733337,0.9954208731651306
side_person17.mp4,side,236,7867,30.0,848,478,21,left_thumb,0.3185153901576996,0.5674524903297424,-0.2710754871368408,0.9605949521064758,0.9944859147071838
side_person17.mp4,side,236,7867,30.0,848,478,22,right_thumb,0.3300495445728302,0.5509352684020996,0.005431744735687971,0.5713900923728943,0.9965606331825256
side_person17.mp4,side,236,7867,30.0,848,478,23,left_hip,0.5622245073318481,0.7681470513343811,-0.09737011045217514,0.9993360042572021,0.9994319081306458
side_person17.mp4,side,236,7867,30.0,848,478,24,right_hip,0.5455183982849121,0.7306504249572754,0.09744012355804443,0.9988988041877747,0.999715268611908
side_person17.mp4,side,236,7867,30.0,848,478,25,left_knee,0.45151621103286743,0.7618672251701355,-0.1104281097650528,0.9186404347419739,0.9980447292327881
side_person17.mp4,side,236,7867,30.0,848,478,26,right_knee,0.45072141289711,0.7109636664390564,0.1762041449546814,0.2935720384120941,0.9989215135574341
side_person17.mp4,side,236,7867,30.0,848,478,27,left_ankle,0.5034993290901184,0.9006348848342896,0.052844710648059845,0.8569062948226929,0.9961521029472351
side_person17.mp4,side,236,7867,30.0,848,478,28,right_ankle,0.4966370165348053,0.8408689498901367,0.30855536460876465,0.32539355754852295,0.9980289340019226
side_person17.mp4,side,236,7867,30.0,848,478,29,left_heel,0.5187633633613586,0.9189648628234863,0.0709131583571434,0.8345121145248413,0.9965052604675293
side_person17.mp4,side,236,7867,30.0,848,478,30,right_heel,0.51077800989151,0.8646932244300842,0.3222232758998871,0.4795681834220886,0.9980699419975281
side_person17.mp4,side,236,7867,30.0,848,478,31,left_foot_index,0.46623513102531433,0.9288294315338135,0.10481373220682144,0.8000259399414062,0.9957523345947266
side_person17.mp4,side,236,7867,30.0,848,478,32,right_foot_index,0.4657993018627167,0.8992426991462708,0.35443970561027527,0.4481540620326996,0.9972227811813354
side_person17.mp4,side,237,7900,30.0,848,478,0,nose,0.4390120506286621,0.5107988715171814,-0.10868873447179794,0.9985523223876953,0.998083233833313
side_person17.mp4,side,237,7900,30.0,848,478,1,left_eye_inner,0.4393767714500427,0.49316394329071045,-0.12941019237041473,0.9987703561782837,0.9983968138694763
side_person17.mp4,side,237,7900,30.0,848,478,2,left_eye,0.4404957592487335,0.4923788011074066,-0.12943807244300842,0.9988737106323242,0.9985161423683167
side_person17.mp4,side,237,7900,30.0,848,478,3,left_eye_outer,0.44173625111579895,0.4917148947715759,-0.12950627505779266,0.9990707039833069,0.9986321330070496
side_person17.mp4,side,237,7900,30.0,848,478,4,right_eye_inner,0.4391380250453949,0.4925432801246643,-0.09742270410060883,0.9981523156166077,0.9982506632804871
side_person17.mp4,side,237,7900,30.0,848,478,5,right_eye,0.44007959961891174,0.4912957549095154,-0.09745507687330246,0.99815434217453,0.998193085193634
side_person17.mp4,side,237,7900,30.0,848,478,6,right_eye_outer,0.4412422180175781,0.4900129735469818,-0.09745099395513535,0.9986230731010437,0.9981830716133118
side_person17.mp4,side,237,7900,30.0,848,478,7,left_ear,0.45570066571235657,0.4903360903263092,-0.17894698679447174,0.9975311160087585,0.9983738660812378
side_person17.mp4,side,237,7900,30.0,848,478,8,right_ear,0.4549081325531006,0.4876727759838104,-0.03412158787250519,0.9983627200126648,0.9979605674743652
side_person17.mp4,side,237,7900,30.0,848,478,9,mouth_left,0.44657307863235474,0.5233723521232605,-0.1245003193616867,0.9971112608909607,0.9983915686607361
side_person17.mp4,side,237,7900,30.0,848,478,10,mouth_right,0.4466017484664917,0.5237624049186707,-0.0822911337018013,0.9965463280677795,0.9983320832252502
side_person17.mp4,side,237,7900,30.0,848,478,11,left_shoulder,0.4831586480140686,0.5707158446311951,-0.2432364672422409,0.99848473072052,0.9973030090332031
side_person17.mp4,side,237,7900,30.0,848,478,12,right_shoulder,0.47698715329170227,0.5424542427062988,0.05562271550297737,0.9966173768043518,0.9987560510635376
side_person17.mp4,side,237,7900,30.0,848,478,13,left_elbow,0.3989802896976471,0.6006997227668762,-0.30112600326538086,0.9826125502586365,0.9979495406150818
side_person17.mp4,side,237,7900,30.0,848,478,14,right_elbow,0.4054742455482483,0.560493528842926,0.10172419250011444,0.28420156240463257,0.9989820122718811
side_person17.mp4,side,237,7900,30.0,848,478,15,left_wrist,0.3268355131149292,0.5816856026649475,-0.28224170207977295,0.9847652912139893,0.9934065341949463
side_person17.mp4,side,237,7900,30.0,848,478,16,right_wrist,0.3432687222957611,0.5561873316764832,0.020047122612595558,0.5033053159713745,0.9943947792053223
side_person17.mp4,side,237,7900,30.0,848,478,17,left_pinky,0.3076510429382324,0.5748962759971619,-0.32765597105026245,0.9770355820655823,0.9891536831855774
side_person17.mp4,side,237,7900,30.0,848,478,18,right_pinky,0.32882049679756165,0.5476170182228088,0.013179376721382141,0.536385715007782,0.9907317757606506
side_person17.mp4,side,237,7900,30.0,848,478,19,left_index,0.3146459758281708,0.5639482736587524,-0.31007447838783264,0.9753642678260803,0.989372193813324
side_person17.mp4,side,237,7900,30.0,848,478,20,right_index,0.32679125666618347,0.5475464463233948,-0.02078842930495739,0.5539095401763916,0.9896317720413208
side_person17.mp4,side,237,7900,30.0,848,478,21,left_thumb,0.31869831681251526,0.5664035081863403,-0.2775867283344269,0.9601154327392578,0.9906712770462036
side_person17.mp4,side,237,7900,30.0,848,478,22,right_thumb,0.3300234377384186,0.5513808131217957,0.002358759054914117,0.577847957611084,0.9918233752250671
side_person17.mp4,side,237,7900,30.0,848,478,23,left_hip,0.5614704489707947,0.7667524814605713,-0.09784947335720062,0.9993178844451904,0.9988477230072021
side_person17.mp4,side,237,7900,30.0,848,478,24,right_hip,0.5442636609077454,0.7305048108100891,0.09791204333305359,0.998884379863739,0.9994090795516968
side_person17.mp4,side,237,7900,30.0,848,478,25,left_knee,0.4515935778617859,0.7615683078765869,-0.11277195066213608,0.9149383902549744,0.9968687891960144
side_person17.mp4,side,237,7900,30.0,848,478,26,right_knee,0.4500367045402527,0.7117084264755249,0.16552099585533142,0.2852366268634796,0.9981151819229126
side_person17.mp4,side,237,7900,30.0,848,478,27,left_ankle,0.5036168098449707,0.9006808996200562,0.05838010087609291,0.8513466119766235,0.9942822456359863
side_person17.mp4,side,237,7900,30.0,848,478,28,right_ankle,0.4968283772468567,0.8420639634132385,0.3012637197971344,0.3156605660915375,0.9967907071113586
side_person17.mp4,side,237,7900,30.0,848,478,29,left_heel,0.5197426080703735,0.9199599623680115,0.07733837515115738,0.8276528120040894,0.9951239228248596
side_person17.mp4,side,237,7900,30.0,848,478,30,right_heel,0.510934591293335,0.8649330139160156,0.3154473304748535,0.47087955474853516,0.9969450831413269
side_person17.mp4,side,237,7900,30.0,848,478,31,left_foot_index,0.4662782549858093,0.9287850260734558,0.10959149897098541,0.7921690940856934,0.9938765168190002
side_person17.mp4,side,237,7900,30.0,848,478,32,right_foot_index,0.46557408571243286,0.901199221611023,0.34339189529418945,0.4374828338623047,0.9954921007156372
side_person17.mp4,side,238,7933,30.0,848,478,0,nose,0.4391636252403259,0.509580135345459,-0.11125350743532181,0.9984658360481262,0.9981051683425903
side_person17.mp4,side,238,7933,30.0,848,478,1,left_eye_inner,0.4394952356815338,0.49171459674835205,-0.13104642927646637,0.9987201690673828,0.9984197616577148
side_person17.mp4,side,238,7933,30.0,848,478,2,left_eye,0.44058969616889954,0.49097272753715515,-0.13107287883758545,0.9988330602645874,0.9985607266426086
side_person17.mp4,side,238,7933,30.0,848,478,3,left_eye_outer,0.4418032765388489,0.4903762638568878,-0.1311413049697876,0.9990304708480835,0.99869304895401
side_person17.mp4,side,238,7933,30.0,848,478,4,right_eye_inner,0.4392978250980377,0.49105432629585266,-0.09934195131063461,0.9980549216270447,0.9982309937477112
side_person17.mp4,side,238,7933,30.0,848,478,5,right_eye,0.4402512311935425,0.4898086488246918,-0.09937864542007446,0.998064398765564,0.9981720447540283
side_person17.mp4,side,238,7933,30.0,848,478,6,right_eye_outer,0.4414208233356476,0.4885547459125519,-0.09936721622943878,0.9985508918762207,0.998157799243927
side_person17.mp4,side,238,7933,30.0,848,478,7,left_ear,0.45571571588516235,0.4893323481082916,-0.18295183777809143,0.9974436163902283,0.9984925985336304
side_person17.mp4,side,238,7933,30.0,848,478,8,right_ear,0.45500484108924866,0.4865041673183441,-0.0357745997607708,0.9982860684394836,0.9979344606399536
side_person17.mp4,side,238,7933,30.0,848,478,9,mouth_left,0.4466385841369629,0.52216637134552,-0.12562768161296844,0.9969866871833801,0.9984602928161621
side_person17.mp4,side,238,7933,30.0,848,478,10,mouth_right,0.44674333930015564,0.5225163698196411,-0.08378497511148453,0.9964265823364258,0.9983697533607483
side_person17.mp4,side,238,7933,30.0,848,478,11,left_shoulder,0.48307928442955017,0.5694233179092407,-0.2520686388015747,0.9984602928161621,0.9978645443916321
side_person17.mp4,side,238,7933,30.0,848,478,12,right_shoulder,0.476954847574234,0.5428407788276672,0.055199816823005676,0.9966404438018799,0.9987792372703552
side_person17.mp4,side,238,7933,30.0,848,478,13,left_elbow,0.3989573121070862,0.5979960560798645,-0.31067147850990295,0.9820804595947266,0.998315691947937
side_person17.mp4,side,238,7933,30.0,848,478,14,right_elbow,0.40552034974098206,0.5609263181686401,0.09962212294340134,0.28283217549324036,0.9989288449287415
side_person17.mp4,side,238,7933,30.0,848,478,15,left_wrist,0.3266993463039398,0.5806885361671448,-0.2865920960903168,0.9845670461654663,0.9947136044502258
side_person17.mp4,side,238,7933,30.0,848,478,16,right_wrist,0.3436526656150818,0.5557880401611328,0.013891945593059063,0.5058073997497559,0.994662880897522
side_person17.mp4,side,238,7933,30.0,848,478,17,left_pinky,0.30729159712791443,0.5740453004837036,-0.33162790536880493,0.9768357276916504,0.9913083910942078
side_person17.mp4,side,238,7933,30.0,848,478,18,right_pinky,0.32908764481544495,0.5482065081596375,0.006301544141024351,0.5392241477966309,0.9913679957389832
side_person17.mp4,side,238,7933,30.0,848,478,19,left_index,0.31449180841445923,0.5630420446395874,-0.3156958520412445,0.9751811623573303,0.9915087223052979
side_person17.mp4,side,238,7933,30.0,848,478,20,right_index,0.3269979953765869,0.5480653643608093,-0.028242535889148712,0.5570499300956726,0.9903429746627808
side_person17.mp4,side,238,7933,30.0,848,478,21,left_thumb,0.31847134232521057,0.5655081272125244,-0.2823123037815094,0.9598103761672974,0.9925590753555298
side_person17.mp4,side,238,7933,30.0,848,478,22,right_thumb,0.3301735520362854,0.5515176653862,-0.004174350760877132,0.5810214877128601,0.9923065304756165
side_person17.mp4,side,238,7933,30.0,848,478,23,left_hip,0.561252236366272,0.7650943994522095,-0.0993393287062645,0.9993143677711487,0.9991787075996399
side_person17.mp4,side,238,7933,30.0,848,478,24,right_hip,0.5442354083061218,0.7291761636734009,0.09941072016954422,0.998875081539154,0.9994938373565674
side_person17.mp4,side,238,7933,30.0,848,478,25,left_knee,0.45170632004737854,0.7606692314147949,-0.11358430236577988,0.9118639230728149,0.9976966977119446
side_person17.mp4,side,238,7933,30.0,848,478,26,right_knee,0.4501134157180786,0.7125060558319092,0.16866923868656158,0.27549248933792114,0.998274564743042
side_person17.mp4,side,238,7933,30.0,848,478,27,left_ankle,0.5036416053771973,0.9006746411323547,0.06097870320081711,0.8475797772407532,0.9957959651947021
side_person17.mp4,side,238,7933,30.0,848,478,28,right_ankle,0.4971819519996643,0.8427325487136841,0.31458917260169983,0.30581018328666687,0.9971464276313782
side_person17.mp4,side,238,7933,30.0,848,478,29,left_heel,0.5205396413803101,0.9208678007125854,0.08026520162820816,0.82316654920578,0.9963326454162598
side_person17.mp4,side,238,7933,30.0,848,478,30,right_heel,0.5105679631233215,0.8629770874977112,0.3298999071121216,0.46327129006385803,0.9973723888397217
side_person17.mp4,side,238,7933,30.0,848,478,31,left_foot_index,0.4662788212299347,0.9287388324737549,0.11176547408103943,0.7870577573776245,0.9952491521835327
side_person17.mp4,side,238,7933,30.0,848,478,32,right_foot_index,0.46529826521873474,0.9012673497200012,0.3573659360408783,0.42684492468833923,0.9963487386703491
side_person17.mp4,side,239,7967,30.0,848,478,0,nose,0.43899956345558167,0.5076177716255188,-0.11317386478185654,0.9984484314918518,0.9980732202529907
side_person17.mp4,side,239,7967,30.0,848,478,1,left_eye_inner,0.43941831588745117,0.48985570669174194,-0.13350588083267212,0.9987159967422485,0.9983610510826111
side_person17.mp4,side,239,7967,30.0,848,478,2,left_eye,0.44055256247520447,0.4891572594642639,-0.13351762294769287,0.9988299608230591,0.9984812140464783
side_person17.mp4,side,239,7967,30.0,848,478,3,left_eye_outer,0.4417947232723236,0.4885617792606354,-0.1335703730583191,0.9990253448486328,0.9986028075218201
side_person17.mp4,side,239,7967,30.0,848,478,4,right_eye_inner,0.4391106069087982,0.4891154170036316,-0.10236844420433044,0.9980416893959045,0.9981992840766907
side_person17.mp4,side,239,7967,30.0,848,478,5,right_eye,0.44002214074134827,0.4878595173358917,-0.10241087526082993,0.9980513453483582,0.9981445074081421
side_person17.mp4,side,239,7967,30.0,848,478,6,right_eye_outer,0.4411381185054779,0.48656776547431946,-0.10241347551345825,0.9985398054122925,0.9981514811515808
side_person17.mp4,side,239,7967,30.0,848,478,7,left_ear,0.4557272493839264,0.4876399636268616,-0.18631556630134583,0.9974321126937866,0.9983437061309814
side_person17.mp4,side,239,7967,30.0,848,478,8,right_ear,0.4549182951450348,0.48462507128715515,-0.041722021996974945,0.9982913136482239,0.9979779124259949
side_person17.mp4,side,239,7967,30.0,848,478,9,mouth_left,0.44657760858535767,0.5202863216400146,-0.12822994589805603,0.9969630241394043,0.9984179735183716
side_person17.mp4,side,239,7967,30.0,848,478,10,mouth_right,0.44653984904289246,0.520540177822113,-0.08712556213140488,0.9964306354522705,0.9984006285667419
side_person17.mp4,side,239,7967,30.0,848,478,11,left_shoulder,0.482581228017807,0.5679860711097717,-0.25283706188201904,0.9984686374664307,0.9977218508720398
side_person17.mp4,side,239,7967,30.0,848,478,12,right_shoulder,0.4769415557384491,0.5419207215309143,0.04827278479933739,0.9967392683029175,0.9990553259849548
side_person17.mp4,side,239,7967,30.0,848,478,13,left_elbow,0.39871838688850403,0.5962775945663452,-0.31091171503067017,0.9820955991744995,0.9986804127693176
side_person17.mp4,side,239,7967,30.0,848,478,14,right_elbow,0.40553992986679077,0.560170590877533,0.09316185861825943,0.28698626160621643,0.9993064403533936
side_person17.mp4,side,239,7967,30.0,848,478,15,left_wrist,0.3254256248474121,0.5794875025749207,-0.28811919689178467,0.9848496913909912,0.9958010315895081
side_person17.mp4,side,239,7967,30.0,848,478,16,right_wrist,0.343806654214859,0.5549483895301819,0.008891410194337368,0.517311155796051,0.9960711002349854
side_person17.mp4,side,239,7967,30.0,848,478,17,left_pinky,0.30795884132385254,0.5714556574821472,-0.33388587832450867,0.9772590398788452,0.9925341606140137
side_person17.mp4,side,239,7967,30.0,848,478,18,right_pinky,0.3296353816986084,0.5468235015869141,0.0004910599091090262,0.5501689314842224,0.9931297898292542
side_person17.mp4,side,239,7967,30.0,848,478,19,left_index,0.31448549032211304,0.5620096921920776,-0.3170575797557831,0.9756506085395813,0.9925757646560669
side_person17.mp4,side,239,7967,30.0,848,478,20,right_index,0.3274969756603241,0.546657145023346,-0.033759862184524536,0.5677770376205444,0.9922613501548767
side_person17.mp4,side,239,7967,30.0,848,478,21,left_thumb,0.3183652460575104,0.5641475915908813,-0.28364506363868713,0.9605073928833008,0.9937121868133545
side_person17.mp4,side,239,7967,30.0,848,478,22,right_thumb,0.33091816306114197,0.5502894520759583,-0.008878936991095543,0.5912243723869324,0.9940786361694336
side_person17.mp4,side,239,7967,30.0,848,478,23,left_hip,0.5612643957138062,0.764625072479248,-0.09902600198984146,0.9993184208869934,0.9990942478179932
side_person17.mp4,side,239,7967,30.0,848,478,24,right_hip,0.5442450046539307,0.7271934747695923,0.09909142553806305,0.9988871812820435,0.9995347261428833
side_person17.mp4,side,239,7967,30.0,848,478,25,left_knee,0.4517974257469177,0.7602155208587646,-0.10667888075113297,0.9103614687919617,0.9978299736976624
side_person17.mp4,side,239,7967,30.0,848,478,26,right_knee,0.4500097632408142,0.712502658367157,0.16495530307292938,0.26981449127197266,0.9985777139663696
side_person17.mp4,side,239,7967,30.0,848,478,27,left_ankle,0.5036428570747375,0.9006775617599487,0.0633293092250824,0.8469257354736328,0.9960013031959534
side_person17.mp4,side,239,7967,30.0,848,478,28,right_ankle,0.4971471428871155,0.8444257974624634,0.31117528676986694,0.2998177111148834,0.9974876642227173
side_person17.mp4,side,239,7967,30.0,848,478,29,left_heel,0.520529568195343,0.9210633635520935,0.08196950703859329,0.8221796154975891,0.9964894652366638
side_person17.mp4,side,239,7967,30.0,848,478,30,right_heel,0.5103905200958252,0.863666832447052,0.3265400230884552,0.45882588624954224,0.9976022839546204
side_person17.mp4,side,239,7967,30.0,848,478,31,left_foot_index,0.46608585119247437,0.9284521341323853,0.11205288767814636,0.7854154109954834,0.9954031705856323
side_person17.mp4,side,239,7967,30.0,848,478,32,right_foot_index,0.4652937650680542,0.9016475081443787,0.3538081645965576,0.42084044218063354,0.9964585900306702
side_person17.mp4,side,240,8000,30.0,848,478,0,nose,0.43889981508255005,0.5054962038993835,-0.12785230576992035,0.998435378074646,0.9980194568634033
side_person17.mp4,side,240,8000,30.0,848,478,1,left_eye_inner,0.4394172430038452,0.4879302382469177,-0.1495097130537033,0.9987167716026306,0.9985277652740479
side_person17.mp4,side,240,8000,30.0,848,478,2,left_eye,0.4405537247657776,0.48735857009887695,-0.1495346575975418,0.998833179473877,0.9987061023712158
side_person17.mp4,side,240,8000,30.0,848,478,3,left_eye_outer,0.44180575013160706,0.486716628074646,-0.14960436522960663,0.9990288019180298,0.9988663196563721
side_person17.mp4,side,240,8000,30.0,848,478,4,right_eye_inner,0.4391135573387146,0.48704880475997925,-0.11689401417970657,0.9980263710021973,0.9981733560562134
side_person17.mp4,side,240,8000,30.0,848,478,5,right_eye,0.4400346279144287,0.48572468757629395,-0.11691813915967941,0.9980341196060181,0.9980487823486328
side_person17.mp4,side,240,8000,30.0,848,478,6,right_eye_outer,0.4411509931087494,0.4843543767929077,-0.11690972745418549,0.9985222220420837,0.9980069994926453
side_person17.mp4,side,240,8000,30.0,848,478,7,left_ear,0.45573654770851135,0.4859640300273895,-0.19987230002880096,0.9974561333656311,0.9987653493881226
side_person17.mp4,side,240,8000,30.0,848,478,8,right_ear,0.4549288749694824,0.4826546311378479,-0.05132065713405609,0.9982800483703613,0.9977593421936035
side_person17.mp4,side,240,8000,30.0,848,478,9,mouth_left,0.4465576112270355,0.5181571841239929,-0.14288632571697235,0.9969724416732788,0.9984288811683655
side_person17.mp4,side,240,8000,30.0,848,478,10,mouth_right,0.4465220868587494,0.5182961225509644,-0.09996107220649719,0.9964516758918762,0.9981755018234253
side_person17.mp4,side,240,8000,30.0,848,478,11,left_shoulder,0.4825202524662018,0.5668526887893677,-0.263690322637558,0.9985021352767944,0.9984501600265503
side_person17.mp4,side,240,8000,30.0,848,478,12,right_shoulder,0.4769977331161499,0.5402084589004517,0.04453042149543762,0.9967846870422363,0.998828113079071
side_person17.mp4,side,240,8000,30.0,848,478,13,left_elbow,0.3978615999221802,0.5937653183937073,-0.3217986226081848,0.9822756052017212,0.9990383386611938
side_person17.mp4,side,240,8000,30.0,848,478,14,right_elbow,0.4056326746940613,0.559386134147644,0.08823226392269135,0.28366604447364807,0.9990291595458984
side_person17.mp4,side,240,8000,30.0,848,478,15,left_wrist,0.32301065325737,0.5790867209434509,-0.30086663365364075,0.9851458072662354,0.9964179992675781
side_person17.mp4,side,240,8000,30.0,848,478,16,right_wrist,0.3439890742301941,0.5543479323387146,0.004268862307071686,0.5137868523597717,0.9943856000900269
side_person17.mp4,side,240,8000,30.0,848,478,17,left_pinky,0.30473363399505615,0.5711690783500671,-0.34927183389663696,0.9776849150657654,0.993398904800415
side_person17.mp4,side,240,8000,30.0,848,478,18,right_pinky,0.32984790205955505,0.5460007786750793,-0.004024982452392578,0.5475663542747498,0.9909055233001709
side_person17.mp4,side,240,8000,30.0,848,478,19,left_index,0.3140275776386261,0.5612666606903076,-0.33204907178878784,0.9761137962341309,0.9933131337165833
side_person17.mp4,side,240,8000,30.0,848,478,20,right_index,0.32786649465560913,0.5458996295928955,-0.03905704617500305,0.5649873614311218,0.9894745349884033
side_person17.mp4,side,240,8000,30.0,848,478,21,left_thumb,0.31757739186286926,0.563980221748352,-0.2966611683368683,0.9611930847167969,0.9943487048149109
side_person17.mp4,side,240,8000,30.0,848,478,22,right_thumb,0.33128005266189575,0.5496217608451843,-0.013872746378183365,0.5883389711380005,0.9917411804199219
side_person17.mp4,side,240,8000,30.0,848,478,23,left_hip,0.5617952942848206,0.7601019144058228,-0.09902292490005493,0.9993427395820618,0.9995187520980835
side_person17.mp4,side,240,8000,30.0,848,478,24,right_hip,0.5448604822158813,0.7220780253410339,0.09908897429704666,0.9989175796508789,0.9996534585952759
side_person17.mp4,side,240,8000,30.0,848,478,25,left_knee,0.45186153054237366,0.760455846786499,-0.10337945073843002,0.9113718271255493,0.9982321858406067
side_person17.mp4,side,240,8000,30.0,848,478,26,right_knee,0.4500409662723541,0.7124870419502258,0.17003633081912994,0.26745960116386414,0.9985297918319702
side_person17.mp4,side,240,8000,30.0,848,478,27,left_ankle,0.5036402940750122,0.9007663130760193,0.07558347284793854,0.8472319841384888,0.9976444840431213
side_person17.mp4,side,240,8000,30.0,848,478,28,right_ankle,0.4989098310470581,0.8468732833862305,0.3121725916862488,0.2988712787628174,0.9977915287017822
side_person17.mp4,side,240,8000,30.0,848,478,29,left_heel,0.5205206871032715,0.9212723970413208,0.09569256007671356,0.8229526877403259,0.9979432225227356
side_person17.mp4,side,240,8000,30.0,848,478,30,right_heel,0.5110304951667786,0.8640924692153931,0.3272137939929962,0.4576946496963501,0.997944176197052
side_person17.mp4,side,240,8000,30.0,848,478,31,left_foot_index,0.4660854935646057,0.9279860258102417,0.1272803097963333,0.7855525612831116,0.9969393014907837
side_person17.mp4,side,240,8000,30.0,848,478,32,right_foot_index,0.46625590324401855,0.9018122553825378,0.35338911414146423,0.42046788334846497,0.9967653751373291
side_person17.mp4,side,241,8033,30.0,848,478,0,nose,0.4386931359767914,0.4980472922325134,-0.13782143592834473,0.9984649419784546,0.9984670281410217
side_person17.mp4,side,241,8033,30.0,848,478,1,left_eye_inner,0.4393710494041443,0.48082903027534485,-0.1594388484954834,0.9987410306930542,0.9987873435020447
side_person17.mp4,side,241,8033,30.0,848,478,2,left_eye,0.4405304193496704,0.48013925552368164,-0.159463569521904,0.9988544583320618,0.998904824256897
side_person17.mp4,side,241,8033,30.0,848,478,3,left_eye_outer,0.44179779291152954,0.4794341027736664,-0.15953396260738373,0.9990493655204773,0.9990180730819702
side_person17.mp4,side,241,8033,30.0,848,478,4,right_eye_inner,0.43907198309898376,0.47984692454338074,-0.12696826457977295,0.9980588555335999,0.9985539317131042
side_person17.mp4,side,241,8033,30.0,848,478,5,right_eye,0.44001197814941406,0.4784435033798218,-0.1269979625940323,0.9980660080909729,0.9984702467918396
side_person17.mp4,side,241,8033,30.0,848,478,6,right_eye_outer,0.44114038348197937,0.4770180881023407,-0.12699085474014282,0.9985472559928894,0.9984384179115295
side_person17.mp4,side,241,8033,30.0,848,478,7,left_ear,0.45574983954429626,0.4784587025642395,-0.20712332427501678,0.9975016713142395,0.9988555908203125
side_person17.mp4,side,241,8033,30.0,848,478,8,right_ear,0.4549213945865631,0.47521886229515076,-0.06002247706055641,0.9982967376708984,0.9982098340988159
side_person17.mp4,side,241,8033,30.0,848,478,9,mouth_left,0.4465014934539795,0.5113075375556946,-0.15225525200366974,0.9970433712005615,0.9986984729766846
side_person17.mp4,side,241,8033,30.0,848,478,10,mouth_right,0.4464647173881531,0.5110387206077576,-0.10948431491851807,0.9965312480926514,0.9985482096672058
side_person17.mp4,side,241,8033,30.0,848,478,11,left_shoulder,0.4819648265838623,0.5591791868209839,-0.26827654242515564,0.9985277652740479,0.9984433054924011
side_person17.mp4,side,241,8033,30.0,848,478,12,right_shoulder,0.47690349817276,0.5354177355766296,0.036213185638189316,0.9968099594116211,0.9989079236984253
side_person17.mp4,side,241,8033,30.0,848,478,13,left_elbow,0.3972393870353699,0.5856574773788452,-0.32914069294929504,0.9823837280273438,0.9991395473480225
side_person17.mp4,side,241,8033,30.0,848,478,14,right_elbow,0.40567120909690857,0.5542719960212708,0.07482022047042847,0.28095343708992004,0.9991685152053833
side_person17.mp4,side,241,8033,30.0,848,478,15,left_wrist,0.319914847612381,0.5736011266708374,-0.31636738777160645,0.985348105430603,0.9968652129173279
side_person17.mp4,side,241,8033,30.0,848,478,16,right_wrist,0.3436785936355591,0.5534888505935669,-0.00815519504249096,0.5072886347770691,0.9955034852027893
side_person17.mp4,side,241,8033,30.0,848,478,17,left_pinky,0.30047205090522766,0.5679224133491516,-0.36648595333099365,0.9779812097549438,0.9941733479499817
side_person17.mp4,side,241,8033,30.0,848,478,18,right_pinky,0.3298076093196869,0.5446948409080505,-0.01690380834043026,0.5413650274276733,0.9926133155822754
side_person17.mp4,side,241,8033,30.0,848,478,19,left_index,0.31097060441970825,0.5574422478675842,-0.348564088344574,0.9764229655265808,0.9941502213478088
side_person17.mp4,side,241,8033,30.0,848,478,20,right_index,0.32783612608909607,0.5442003607749939,-0.0526190884411335,0.5584934949874878,0.9912405610084534
side_person17.mp4,side,241,8033,30.0,848,478,21,left_thumb,0.31452473998069763,0.5603389143943787,-0.3123076558113098,0.9616295695304871,0.9950549602508545
side_person17.mp4,side,241,8033,30.0,848,478,22,right_thumb,0.3312614858150482,0.5478410124778748,-0.026717567816376686,0.5821617841720581,0.9932143688201904
side_person17.mp4,side,241,8033,30.0,848,478,23,left_hip,0.5620377063751221,0.7492413520812988,-0.09854359924793243,0.9993603825569153,0.9995589852333069
side_person17.mp4,side,241,8033,30.0,848,478,24,right_hip,0.5453049540519714,0.7145102620124817,0.09861325472593307,0.9989342093467712,0.9996955394744873
side_person17.mp4,side,241,8033,30.0,848,478,25,left_knee,0.45228421688079834,0.7578942775726318,-0.0953911766409874,0.9126211404800415,0.9988052845001221
side_person17.mp4,side,241,8033,30.0,848,478,26,right_knee,0.45018133521080017,0.7116755843162537,0.1691196709871292,0.26675400137901306,0.998961329460144
side_person17.mp4,side,241,8033,30.0,848,478,27,left_ankle,0.503624439239502,0.9012426733970642,0.07801490277051926,0.8512142896652222,0.9980970025062561
side_person17.mp4,side,241,8033,30.0,848,478,28,right_ankle,0.499694287776947,0.8499341607093811,0.31274834275245667,0.29980337619781494,0.9984517097473145
side_person17.mp4,side,241,8033,30.0,848,478,29,left_heel,0.5205063223838806,0.9217364192008972,0.09720776230096817,0.826153039932251,0.9982871413230896
side_person17.mp4,side,241,8033,30.0,848,478,30,right_heel,0.5112298130989075,0.865786612033844,0.3278978765010834,0.45869943499565125,0.9985203146934509
side_person17.mp4,side,241,8033,30.0,848,478,31,left_foot_index,0.46569010615348816,0.927742600440979,0.12439297139644623,0.7904189229011536,0.9974493384361267
side_person17.mp4,side,241,8033,30.0,848,478,32,right_foot_index,0.46629443764686584,0.9019154906272888,0.3507542610168457,0.42302218079566956,0.9977237582206726
side_person17.mp4,side,242,8067,30.0,848,478,0,nose,0.4385886788368225,0.4887973368167877,-0.13918039202690125,0.9984868168830872,0.9980142116546631
side_person17.mp4,side,242,8067,30.0,848,478,1,left_eye_inner,0.4392510652542114,0.4711194336414337,-0.16053859889507294,0.9987422227859497,0.9984009861946106
side_person17.mp4,side,242,8067,30.0,848,478,2,left_eye,0.44043415784835815,0.4702032208442688,-0.16055928170681,0.9988546967506409,0.9985247254371643
side_person17.mp4,side,242,8067,30.0,848,478,3,left_eye_outer,0.4417206048965454,0.4692673981189728,-0.16062287986278534,0.9990548491477966,0.9986555576324463
side_person17.mp4,side,242,8067,30.0,848,478,4,right_eye_inner,0.4389494061470032,0.47016096115112305,-0.12812456488609314,0.998069167137146,0.998189389705658
side_person17.mp4,side,242,8067,30.0,848,478,5,right_eye,0.4399055242538452,0.468657910823822,-0.12815384566783905,0.9980721473693848,0.9981125593185425
side_person17.mp4,side,242,8067,30.0,848,478,6,right_eye_outer,0.4410397410392761,0.4671277403831482,-0.12815114855766296,0.9985533952713013,0.9981061220169067
side_person17.mp4,side,242,8067,30.0,848,478,7,left_ear,0.45576030015945435,0.46747586131095886,-0.20804403722286224,0.9974876642227173,0.9983351826667786
side_person17.mp4,side,242,8067,30.0,848,478,8,right_ear,0.4548618495464325,0.46467751264572144,-0.06136497110128403,0.9982789158821106,0.9977443218231201
side_person17.mp4,side,242,8067,30.0,848,478,9,mouth_left,0.4465169608592987,0.5024033784866333,-0.15387290716171265,0.9970842003822327,0.9981695413589478
side_person17.mp4,side,242,8067,30.0,848,478,10,mouth_right,0.44648271799087524,0.5021881461143494,-0.11114191263914108,0.9965479373931885,0.9980226755142212
side_person17.mp4,side,242,8067,30.0,848,478,11,left_shoulder,0.48246052861213684,0.5437811613082886,-0.2723337709903717,0.9985092878341675,0.9971727132797241
side_person17.mp4,side,242,8067,30.0,848,478,12,right_shoulder,0.47691506147384644,0.5252084136009216,0.035398054867982864,0.9967647194862366,0.9984478950500488
side_person17.mp4,side,242,8067,30.0,848,478,13,left_elbow,0.3977494537830353,0.5728501677513123,-0.3405522406101227,0.982566773891449,0.9986231327056885
side_person17.mp4,side,242,8067,30.0,848,478,14,right_elbow,0.40570294857025146,0.5480035543441772,0.0736001580953598,0.2790210545063019,0.9990403056144714
side_person17.mp4,side,242,8067,30.0,848,478,15,left_wrist,0.3190746307373047,0.5660884380340576,-0.3281150758266449,0.9854427576065063,0.9947271943092346
side_person17.mp4,side,242,8067,30.0,848,478,16,right_wrist,0.34367993474006653,0.5500741004943848,-0.010149898007512093,0.5003261566162109,0.9945942759513855
side_person17.mp4,side,242,8067,30.0,848,478,17,left_pinky,0.2982005774974823,0.561881422996521,-0.3770744502544403,0.9780735373497009,0.9905440807342529
side_person17.mp4,side,242,8067,30.0,848,478,18,right_pinky,0.32908937335014343,0.5419377684593201,-0.01904022879898548,0.5348100662231445,0.9911074042320251
side_person17.mp4,side,242,8067,30.0,848,478,19,left_index,0.3096437156200409,0.5510656237602234,-0.3585660457611084,0.9765331745147705,0.9903367757797241
side_person17.mp4,side,242,8067,30.0,848,478,20,right_index,0.32734212279319763,0.5403792858123779,-0.05375298485159874,0.5514981150627136,0.9894493222236633
side_person17.mp4,side,242,8067,30.0,848,478,21,left_thumb,0.31324994564056396,0.5542580485343933,-0.32364729046821594,0.9617019295692444,0.9917621612548828
side_person17.mp4,side,242,8067,30.0,848,478,22,right_thumb,0.33077728748321533,0.5439761877059937,-0.028546538203954697,0.5754504799842834,0.9917782545089722
side_person17.mp4,side,242,8067,30.0,848,478,23,left_hip,0.5624579191207886,0.7329503297805786,-0.09862524271011353,0.9993327260017395,0.9989051818847656
side_person17.mp4,side,242,8067,30.0,848,478,24,right_hip,0.5453743934631348,0.7030582427978516,0.0986914187669754,0.9988957643508911,0.9993871450424194
side_person17.mp4,side,242,8067,30.0,848,478,25,left_knee,0.45265525579452515,0.7566226720809937,-0.09556449949741364,0.9144600033760071,0.9980734586715698
side_person17.mp4,side,242,8067,30.0,848,478,26,right_knee,0.450350821018219,0.7146435379981995,0.158228799700737,0.272018164396286,0.9985679388046265
side_person17.mp4,side,242,8067,30.0,848,478,27,left_ankle,0.5030654668807983,0.9011908769607544,0.0788288414478302,0.8568678498268127,0.9971256852149963
side_person17.mp4,side,242,8067,30.0,848,478,28,right_ankle,0.4997698664665222,0.8558599948883057,0.3038212060928345,0.3051113188266754,0.9978920817375183
side_person17.mp4,side,242,8067,30.0,848,478,29,left_heel,0.5204558372497559,0.9219744205474854,0.09792649745941162,0.8312177658081055,0.9975190162658691
side_person17.mp4,side,242,8067,30.0,848,478,30,right_heel,0.5112278461456299,0.8719529509544373,0.318569153547287,0.4622334837913513,0.997945249080658
side_person17.mp4,side,242,8067,30.0,848,478,31,left_foot_index,0.4643024802207947,0.9277398586273193,0.12161307781934738,0.7975628972053528,0.9964150190353394
side_person17.mp4,side,242,8067,30.0,848,478,32,right_foot_index,0.4659920930862427,0.9063230752944946,0.33192750811576843,0.4294421076774597,0.9969156980514526
side_person17.mp4,side,243,8100,30.0,848,478,0,nose,0.43852874636650085,0.4788784980773926,-0.1335558146238327,0.9985553622245789,0.9979978203773499
side_person17.mp4,side,243,8100,30.0,848,478,1,left_eye_inner,0.43902453780174255,0.4614790976047516,-0.15486551821231842,0.9987837672233582,0.9982873797416687
side_person17.mp4,side,243,8100,30.0,848,478,2,left_eye,0.4401947259902954,0.4606231451034546,-0.1548689603805542,0.9988921880722046,0.9983661770820618
side_person17.mp4,side,243,8100,30.0,848,478,3,left_eye_outer,0.4414716362953186,0.45975461602211,-0.15491728484630585,0.9990878105163574,0.9984644651412964
side_person17.mp4,side,243,8100,30.0,848,478,4,right_eye_inner,0.43869584798812866,0.46044695377349854,-0.12274608016014099,0.9981434345245361,0.9981671571731567
side_person17.mp4,side,243,8100,30.0,848,478,5,right_eye,0.43960264325141907,0.4589725732803345,-0.12277087569236755,0.9981493949890137,0.9981042146682739
side_person17.mp4,side,243,8100,30.0,848,478,6,right_eye_outer,0.44068020582199097,0.45745420455932617,-0.12277191877365112,0.998614490032196,0.998100221157074
side_person17.mp4,side,243,8100,30.0,848,478,7,left_ear,0.4556032121181488,0.45759856700897217,-0.20289085805416107,0.9975510239601135,0.99803227186203
side_person17.mp4,side,243,8100,30.0,848,478,8,right_ear,0.4546032249927521,0.4544908404350281,-0.058389466255903244,0.998343825340271,0.9977017045021057
side_person17.mp4,side,243,8100,30.0,848,478,9,mouth_left,0.4464966058731079,0.4923785924911499,-0.14882990717887878,0.9972048401832581,0.9979835748672485
side_person17.mp4,side,243,8100,30.0,848,478,10,mouth_right,0.4464336931705475,0.49201932549476624,-0.10662149637937546,0.9966724514961243,0.9979054927825928
side_person17.mp4,side,243,8100,30.0,848,478,11,left_shoulder,0.48277121782302856,0.5294652581214905,-0.27179059386253357,0.9984862804412842,0.996243953704834
side_person17.mp4,side,243,8100,30.0,848,478,12,right_shoulder,0.4776709973812103,0.5123679041862488,0.036141473799943924,0.996753990650177,0.9980446100234985
side_person17.mp4,side,243,8100,30.0,848,478,13,left_elbow,0.4001047611236572,0.5600806474685669,-0.33593621850013733,0.9827799201011658,0.998450756072998
side_person17.mp4,side,243,8100,30.0,848,478,14,right_elbow,0.4067528247833252,0.5410240292549133,0.0745607241988182,0.2780238389968872,0.9988424181938171
side_person17.mp4,side,243,8100,30.0,848,478,15,left_wrist,0.3191693127155304,0.5536784529685974,-0.3210994005203247,0.9854172468185425,0.9940283298492432
side_person17.mp4,side,243,8100,30.0,848,478,16,right_wrist,0.3437056541442871,0.5453195571899414,-0.010545562021434307,0.4891374111175537,0.9931822419166565
side_person17.mp4,side,243,8100,30.0,848,478,17,left_pinky,0.2959592938423157,0.5504266619682312,-0.3693143427371979,0.9780799746513367,0.9893181920051575
side_person17.mp4,side,243,8100,30.0,848,478,18,right_pinky,0.3281248211860657,0.5362901091575623,-0.02058657631278038,0.5250699520111084,0.9894905686378479
side_person17.mp4,side,243,8100,30.0,848,478,19,left_index,0.3091062605381012,0.53990238904953,-0.3514012098312378,0.9765434861183167,0.9891254901885986
side_person17.mp4,side,243,8100,30.0,848,478,20,right_index,0.3264973759651184,0.5345200300216675,-0.05417927727103233,0.5414491891860962,0.9879040122032166
side_person17.mp4,side,243,8100,30.0,848,478,21,left_thumb,0.31326815485954285,0.5409086346626282,-0.31665927171707153,0.9617571234703064,0.9906877875328064
side_person17.mp4,side,243,8100,30.0,848,478,22,right_thumb,0.32941916584968567,0.5378103256225586,-0.028747117146849632,0.5658471584320068,0.9901751279830933
side_person17.mp4,side,243,8100,30.0,848,478,23,left_hip,0.5629557967185974,0.7200242877006531,-0.09892323613166809,0.9993081092834473,0.9987267851829529
side_person17.mp4,side,243,8100,30.0,848,478,24,right_hip,0.5457731485366821,0.6907375454902649,0.09898409992456436,0.9988593459129333,0.9992552399635315
side_person17.mp4,side,243,8100,30.0,848,478,25,left_knee,0.45265963673591614,0.7561584711074829,-0.09836912900209427,0.9163867235183716,0.9981834292411804
side_person17.mp4,side,243,8100,30.0,848,478,26,right_knee,0.45269912481307983,0.7158665060997009,0.14523936808109283,0.27431026101112366,0.9982319474220276
side_person17.mp4,side,243,8100,30.0,848,478,27,left_ankle,0.5027231574058533,0.90081387758255,0.07313743978738785,0.8633651733398438,0.9973790645599365
side_person17.mp4,side,243,8100,30.0,848,478,28,right_ankle,0.5000615119934082,0.8634078502655029,0.2878293991088867,0.3091827630996704,0.9978203773498535
side_person17.mp4,side,243,8100,30.0,848,478,29,left_heel,0.5198639035224915,0.921963632106781,0.09237004071474075,0.8385303020477295,0.997721254825592
side_person17.mp4,side,243,8100,30.0,848,478,30,right_heel,0.5119752883911133,0.8824478983879089,0.30207353830337524,0.46729564666748047,0.9979641437530518
side_person17.mp4,side,243,8100,30.0,848,478,31,left_foot_index,0.46414005756378174,0.9288690090179443,0.11329039186239243,0.8061270117759705,0.9965698719024658
side_person17.mp4,side,243,8100,30.0,848,478,32,right_foot_index,0.4659818112850189,0.9093006253242493,0.31263622641563416,0.4353082776069641,0.9968591928482056
side_person17.mp4,side,244,8133,30.0,848,478,0,nose,0.438456267118454,0.46565794944763184,-0.13331831991672516,0.9986191391944885,0.9979091286659241
side_person17.mp4,side,244,8133,30.0,848,478,1,left_eye_inner,0.4388716220855713,0.44817790389060974,-0.15481409430503845,0.9988141059875488,0.9981343150138855
side_person17.mp4,side,244,8133,30.0,848,478,2,left_eye,0.44000354409217834,0.44724196195602417,-0.1548193097114563,0.9989174604415894,0.9981978535652161
side_person17.mp4,side,244,8133,30.0,848,478,3,left_eye_outer,0.4412194490432739,0.4462530016899109,-0.15486718714237213,0.9991125464439392,0.9982865452766418
side_person17.mp4,side,244,8133,30.0,848,478,4,right_eye_inner,0.4385742247104645,0.44722315669059753,-0.1223411038517952,0.9982147812843323,0.9981197714805603
side_person17.mp4,side,244,8133,30.0,848,478,5,right_eye,0.43946579098701477,0.4456859827041626,-0.12236670404672623,0.9982186555862427,0.9981067180633545
side_person17.mp4,side,244,8133,30.0,848,478,6,right_eye_outer,0.44055381417274475,0.4438628852367401,-0.12236975133419037,0.998668909072876,0.9981558918952942
side_person17.mp4,side,244,8133,30.0,848,478,7,left_ear,0.4552205204963684,0.4422144591808319,-0.20299866795539856,0.9975963830947876,0.9976611137390137
side_person17.mp4,side,244,8133,30.0,848,478,8,right_ear,0.454289048910141,0.4394920766353607,-0.057378098368644714,0.9984049797058105,0.9977608919143677
side_person17.mp4,side,244,8133,30.0,848,478,9,mouth_left,0.44625166058540344,0.478550523519516,-0.14861316978931427,0.9973185658454895,0.9977676868438721
side_person17.mp4,side,244,8133,30.0,848,478,10,mouth_right,0.4463196396827698,0.47811853885650635,-0.1059945598244667,0.9967836737632751,0.9978058934211731
side_person17.mp4,side,244,8133,30.0,848,478,11,left_shoulder,0.48268458247184753,0.5113968253135681,-0.27446553111076355,0.9984617829322815,0.9958265423774719
side_person17.mp4,side,244,8133,30.0,848,478,12,right_shoulder,0.4783676862716675,0.4994031488895416,0.03747029975056648,0.9967460036277771,0.9979766011238098
side_person17.mp4,side,244,8133,30.0,848,478,13,left_elbow,0.4014386236667633,0.5453837513923645,-0.3546280860900879,0.983195960521698,0.9986261129379272
side_person17.mp4,side,244,8133,30.0,848,478,14,right_elbow,0.40666458010673523,0.5321739912033081,0.07387971132993698,0.2808126211166382,0.9990285634994507
side_person17.mp4,side,244,8133,30.0,848,478,15,left_wrist,0.31924131512641907,0.5425316095352173,-0.34264394640922546,0.9854205846786499,0.9941589832305908
side_person17.mp4,side,244,8133,30.0,848,478,16,right_wrist,0.34081268310546875,0.5409209728240967,-0.013582749292254448,0.4816136360168457,0.9945899248123169
side_person17.mp4,side,244,8133,30.0,848,478,17,left_pinky,0.2958168387413025,0.5398300886154175,-0.3906172215938568,0.9781124591827393,0.989525318145752
side_person17.mp4,side,244,8133,30.0,848,478,18,right_pinky,0.3259373903274536,0.5340445637702942,-0.02487284317612648,0.5184755325317383,0.9917165637016296
side_person17.mp4,side,244,8133,30.0,848,478,19,left_index,0.30896076560020447,0.5203213095664978,-0.37115126848220825,0.9765401482582092,0.9891664385795593
side_person17.mp4,side,244,8133,30.0,848,478,20,right_index,0.32451173663139343,0.5312768220901489,-0.057796694338321686,0.5345872044563293,0.9906103014945984
side_person17.mp4,side,244,8133,30.0,848,478,21,left_thumb,0.3108219504356384,0.5327742695808411,-0.33778804540634155,0.9617967009544373,0.9907366633415222
side_person17.mp4,side,244,8133,30.0,848,478,22,right_thumb,0.3252376616001129,0.5340278744697571,-0.03203313797712326,0.5596606731414795,0.9922856092453003
side_person17.mp4,side,244,8133,30.0,848,478,23,left_hip,0.5636035203933716,0.7047989368438721,-0.10210517793893814,0.9992601275444031,0.9984074234962463
side_person17.mp4,side,244,8133,30.0,848,478,24,right_hip,0.5461613535881042,0.6802657842636108,0.10214588791131973,0.9987993240356445,0.9990400671958923
side_person17.mp4,side,244,8133,30.0,848,478,25,left_knee,0.45320793986320496,0.7537072896957397,-0.10453689098358154,0.9172783493995667,0.998392641544342
side_person17.mp4,side,244,8133,30.0,848,478,26,right_knee,0.4528813362121582,0.7161695957183838,0.1335650384426117,0.27864620089530945,0.9983081817626953
side_person17.mp4,side,244,8133,30.0,848,478,27,left_ankle,0.5025526285171509,0.9019184708595276,0.06318908929824829,0.8704386353492737,0.9971603155136108
side_person17.mp4,side,244,8133,30.0,848,478,28,right_ankle,0.5000585913658142,0.8687329888343811,0.27837568521499634,0.3141208589076996,0.9979448914527893
side_person17.mp4,side,244,8133,30.0,848,478,29,left_heel,0.5184804201126099,0.9220025539398193,0.08164317905902863,0.8463982939720154,0.9974912405014038
side_person17.mp4,side,244,8133,30.0,848,478,30,right_heel,0.5121908187866211,0.8943730592727661,0.292618989944458,0.4740152955055237,0.9980608820915222
side_person17.mp4,side,244,8133,30.0,848,478,31,left_foot_index,0.46395766735076904,0.9292206168174744,0.09192800521850586,0.8155544400215149,0.9962093830108643
side_person17.mp4,side,244,8133,30.0,848,478,32,right_foot_index,0.46578341722488403,0.9150200486183167,0.2962115705013275,0.4414559006690979,0.9970992803573608
side_person17.mp4,side,245,8167,30.0,848,478,0,nose,0.4384750425815582,0.4497990906238556,-0.12893034517765045,0.9986591339111328,0.9977895021438599
side_person17.mp4,side,245,8167,30.0,848,478,1,left_eye_inner,0.43886759877204895,0.4329068064689636,-0.15051579475402832,0.9988200068473816,0.9978975057601929
side_person17.mp4,side,245,8167,30.0,848,478,2,left_eye,0.4399957060813904,0.43186232447624207,-0.15051813423633575,0.9989186525344849,0.9979352951049805
side_person17.mp4,side,245,8167,30.0,848,478,3,left_eye_outer,0.44120287895202637,0.43075963854789734,-0.1505555808544159,0.9991186261177063,0.9979919195175171
side_person17.mp4,side,245,8167,30.0,848,478,4,right_eye_inner,0.43856918811798096,0.4321889877319336,-0.11781034618616104,0.9982585906982422,0.9979382157325745
side_person17.mp4,side,245,8167,30.0,848,478,5,right_eye,0.43945473432540894,0.4306546151638031,-0.11783759295940399,0.9982613921165466,0.997943103313446
side_person17.mp4,side,245,8167,30.0,848,478,6,right_eye_outer,0.44052252173423767,0.4289586842060089,-0.1178521066904068,0.9987028241157532,0.9979922771453857
side_person17.mp4,side,245,8167,30.0,848,478,7,left_ear,0.4551251232624054,0.42594099044799805,-0.19850552082061768,0.9975784420967102,0.9971572160720825
side_person17.mp4,side,245,8167,30.0,848,478,8,right_ear,0.45415499806404114,0.42373529076576233,-0.052237048745155334,0.9984345436096191,0.9975183010101318
side_person17.mp4,side,245,8167,30.0,848,478,9,mouth_left,0.4462570250034332,0.46163931488990784,-0.1442626267671585,0.997383177280426,0.9974971413612366
side_person17.mp4,side,245,8167,30.0,848,478,10,mouth_right,0.4463018774986267,0.46148425340652466,-0.10143337398767471,0.9968162178993225,0.9975692629814148
side_person17.mp4,side,245,8167,30.0,848,478,11,left_shoulder,0.4830740690231323,0.4954495429992676,-0.2726932466030121,0.9984140992164612,0.9952952265739441
side_person17.mp4,side,245,8167,30.0,848,478,12,right_shoulder,0.4793596863746643,0.48622655868530273,0.04520004987716675,0.9966800212860107,0.9977371692657471
side_person17.mp4,side,245,8167,30.0,848,478,13,left_elbow,0.404604971408844,0.5305129289627075,-0.34729665517807007,0.9833019971847534,0.9985575079917908
side_person17.mp4,side,245,8167,30.0,848,478,14,right_elbow,0.40669283270835876,0.5208353400230408,0.07452553510665894,0.2821934223175049,0.9990394711494446
side_person17.mp4,side,245,8167,30.0,848,478,15,left_wrist,0.32437148690223694,0.5290088057518005,-0.3317059874534607,0.985214352607727,0.9949125051498413
side_person17.mp4,side,245,8167,30.0,848,478,16,right_wrist,0.3409505784511566,0.5310333371162415,-0.012987295165657997,0.47192367911338806,0.9946658611297607
side_person17.mp4,side,245,8167,30.0,848,478,17,left_pinky,0.30637097358703613,0.5130633115768433,-0.38037368655204773,0.9779191017150879,0.9913278222084045
side_person17.mp4,side,245,8167,30.0,848,478,18,right_pinky,0.32625284790992737,0.5260643362998962,-0.023065488785505295,0.5095741748809814,0.9919694066047668
side_person17.mp4,side,245,8167,30.0,848,478,19,left_index,0.31228169798851013,0.5008373856544495,-0.361875057220459,0.9763075709342957,0.9909512996673584
side_person17.mp4,side,245,8167,30.0,848,478,20,right_index,0.32496294379234314,0.5221015214920044,-0.05596620589494705,0.5254010558128357,0.9908211827278137
side_person17.mp4,side,245,8167,30.0,848,478,21,left_thumb,0.31658846139907837,0.5191887021064758,-0.3271274268627167,0.9615716338157654,0.9921403527259827
side_person17.mp4,side,245,8167,30.0,848,478,22,right_thumb,0.32546281814575195,0.5249154567718506,-0.03174712508916855,0.5516035556793213,0.9923883080482483
side_person17.mp4,side,245,8167,30.0,848,478,23,left_hip,0.5647467970848083,0.6892665028572083,-0.10332028567790985,0.9991987347602844,0.9984523057937622
side_person17.mp4,side,245,8167,30.0,848,478,24,right_hip,0.5468530058860779,0.6674267649650574,0.1033630445599556,0.9987236857414246,0.9990755319595337
side_person17.mp4,side,245,8167,30.0,848,478,25,left_knee,0.4560052752494812,0.7526564598083496,-0.10622298717498779,0.9182370901107788,0.9985815286636353
side_person17.mp4,side,245,8167,30.0,848,478,26,right_knee,0.45433685183525085,0.7161858677864075,0.1253977119922638,0.2824425995349884,0.9985029697418213
side_person17.mp4,side,245,8167,30.0,848,478,27,left_ankle,0.5024104714393616,0.9021875858306885,0.04634123295545578,0.8779568076133728,0.9970778226852417
side_person17.mp4,side,245,8167,30.0,848,478,28,right_ankle,0.49964573979377747,0.8679361343383789,0.26413026452064514,0.320703387260437,0.9981608986854553
side_person17.mp4,side,245,8167,30.0,848,478,29,left_heel,0.5168933272361755,0.9219216704368591,0.06256307661533356,0.8548778295516968,0.9972944855690002
side_person17.mp4,side,245,8167,30.0,848,478,30,right_heel,0.5122017860412598,0.8975443840026855,0.27756598591804504,0.4819512963294983,0.9982070922851562
side_person17.mp4,side,245,8167,30.0,848,478,31,left_foot_index,0.46366938948631287,0.9303460121154785,0.0643535852432251,0.8255902528762817,0.9958179593086243
side_person17.mp4,side,245,8167,30.0,848,478,32,right_foot_index,0.4647718071937561,0.9169415831565857,0.2767951488494873,0.44882702827453613,0.9973403811454773
side_person17.mp4,side,246,8200,30.0,848,478,0,nose,0.43847593665122986,0.4315101206302643,-0.12434510141611099,0.9986616969108582,0.997178316116333
side_person17.mp4,side,246,8200,30.0,848,478,1,left_eye_inner,0.43887150287628174,0.41519349813461304,-0.14601917564868927,0.9987844228744507,0.9973222613334656
side_person17.mp4,side,246,8200,30.0,848,478,2,left_eye,0.4399978816509247,0.41409629583358765,-0.146030455827713,0.9988815784454346,0.9973675608634949
side_person17.mp4,side,246,8200,30.0,848,478,3,left_eye_outer,0.4412047863006592,0.413042277097702,-0.14606532454490662,0.9990963935852051,0.9974364638328552
side_person17.mp4,side,246,8200,30.0,848,478,4,right_eye_inner,0.43858739733695984,0.41447365283966064,-0.11296440660953522,0.9982515573501587,0.9973803162574768
side_person17.mp4,side,246,8200,30.0,848,478,5,right_eye,0.4394831359386444,0.41290706396102905,-0.11299196630716324,0.9982495903968811,0.9973962306976318
side_person17.mp4,side,246,8200,30.0,848,478,6,right_eye_outer,0.44055619835853577,0.41129449009895325,-0.11301543563604355,0.9986958503723145,0.9974557757377625
side_person17.mp4,side,246,8200,30.0,848,478,7,left_ear,0.45510968565940857,0.4081116318702698,-0.19390738010406494,0.9974716901779175,0.9962766766548157
side_person17.mp4,side,246,8200,30.0,848,478,8,right_ear,0.45416226983070374,0.40606704354286194,-0.04625017195940018,0.9983938336372375,0.9967328310012817
side_person17.mp4,side,246,8200,30.0,848,478,9,mouth_left,0.44635874032974243,0.44363880157470703,-0.13959527015686035,0.9973684549331665,0.9967831373214722
side_person17.mp4,side,246,8200,30.0,848,478,10,mouth_right,0.4464108347892761,0.4434991478919983,-0.09640119969844818,0.996716320514679,0.9968229532241821
side_person17.mp4,side,246,8200,30.0,848,478,11,left_shoulder,0.48376408219337463,0.47682684659957886,-0.27150774002075195,0.9983298182487488,0.9947208166122437
side_person17.mp4,side,246,8200,30.0,848,478,12,right_shoulder,0.4799650311470032,0.4731307625770569,0.05487557500600815,0.996472179889679,0.9969795942306519
side_person17.mp4,side,246,8200,30.0,848,478,13,left_elbow,0.40560561418533325,0.514626681804657,-0.34428972005844116,0.9833011627197266,0.9985713958740234
side_person17.mp4,side,246,8200,30.0,848,478,14,right_elbow,0.4065619707107544,0.5081208348274231,0.08370662480592728,0.28251296281814575,0.9990614056587219
side_person17.mp4,side,246,8200,30.0,848,478,15,left_wrist,0.32551315426826477,0.5160198211669922,-0.3272467255592346,0.9849588871002197,0.9955849647521973
side_person17.mp4,side,246,8200,30.0,848,478,16,right_wrist,0.3409901261329651,0.5180537700653076,0.0012156169395893812,0.4632619023323059,0.9954284429550171
side_person17.mp4,side,246,8200,30.0,848,478,17,left_pinky,0.3091047406196594,0.5005139112472534,-0.3698120713233948,0.9776686429977417,0.9925277233123779
side_person17.mp4,side,246,8200,30.0,848,478,18,right_pinky,0.32633352279663086,0.5139638185501099,-0.00811831932514906,0.5013307332992554,0.9929753541946411
side_person17.mp4,side,246,8200,30.0,848,478,19,left_index,0.31332269310951233,0.4892062246799469,-0.3513629734516144,0.9760204553604126,0.9922102689743042
side_person17.mp4,side,246,8200,30.0,848,478,20,right_index,0.32493361830711365,0.5110453963279724,-0.03891078755259514,0.5169699192047119,0.9919596314430237
side_person17.mp4,side,246,8200,30.0,848,478,21,left_thumb,0.3193773329257965,0.4978298544883728,-0.32152408361434937,0.9612615704536438,0.9932504892349243
side_person17.mp4,side,246,8200,30.0,848,478,22,right_thumb,0.3257869482040405,0.5142718553543091,-0.016847452148795128,0.5440983772277832,0.9934127926826477
side_person17.mp4,side,246,8200,30.0,848,478,23,left_hip,0.5651163458824158,0.674717128276825,-0.1044340506196022,0.9991304874420166,0.9984487295150757
side_person17.mp4,side,246,8200,30.0,848,478,24,right_hip,0.547256588935852,0.6556512713432312,0.10447864979505539,0.9986351132392883,0.9990025162696838
side_person17.mp4,side,246,8200,30.0,848,478,25,left_knee,0.4589689373970032,0.7516034841537476,-0.10577687621116638,0.9184107184410095,0.9987536668777466
side_person17.mp4,side,246,8200,30.0,848,478,26,right_knee,0.45477402210235596,0.7166466116905212,0.1259370893239975,0.28976336121559143,0.9987105131149292
side_person17.mp4,side,246,8200,30.0,848,478,27,left_ankle,0.5024380683898926,0.9028899669647217,0.04371291399002075,0.8850489854812622,0.9974923133850098
side_person17.mp4,side,246,8200,30.0,848,478,28,right_ankle,0.4996807873249054,0.8685489892959595,0.2680007517337799,0.33085381984710693,0.9987877011299133
side_person17.mp4,side,246,8200,30.0,848,478,29,left_heel,0.5163477063179016,0.921942949295044,0.05902139097452164,0.8630044460296631,0.9976353645324707
side_person17.mp4,side,246,8200,30.0,848,478,30,right_heel,0.5124733448028564,0.8985434770584106,0.2819002866744995,0.49323534965515137,0.9987921118736267
side_person17.mp4,side,246,8200,30.0,848,478,31,left_foot_index,0.46382269263267517,0.9305311441421509,0.054022155702114105,0.8353440761566162,0.9963935017585754
side_person17.mp4,side,246,8200,30.0,848,478,32,right_foot_index,0.4647875428199768,0.9173398613929749,0.27995309233665466,0.45978519320487976,0.9982336759567261
side_person17.mp4,side,247,8233,30.0,848,478,0,nose,0.4384825825691223,0.41262996196746826,-0.11845725774765015,0.9986739754676819,0.9969123601913452
side_person17.mp4,side,247,8233,30.0,848,478,1,left_eye_inner,0.43897929787635803,0.39658090472221375,-0.14020292460918427,0.9987667798995972,0.996815025806427
side_person17.mp4,side,247,8233,30.0,848,478,2,left_eye,0.4400840997695923,0.395641952753067,-0.1402149200439453,0.9988619685173035,0.9968147873878479
side_person17.mp4,side,247,8233,30.0,848,478,3,left_eye_outer,0.44128796458244324,0.39461609721183777,-0.14024683833122253,0.9990857839584351,0.996829092502594
side_person17.mp4,side,247,8233,30.0,848,478,4,right_eye_inner,0.4387458860874176,0.3958190679550171,-0.1070309579372406,0.9982523322105408,0.9969118237495422
side_person17.mp4,side,247,8233,30.0,848,478,5,right_eye,0.4396553039550781,0.3944210112094879,-0.10706256330013275,0.9982472658157349,0.9969233870506287
side_person17.mp4,side,247,8233,30.0,848,478,6,right_eye_outer,0.44077616930007935,0.3928321301937103,-0.10708913952112198,0.9986966252326965,0.9969391822814941
side_person17.mp4,side,247,8233,30.0,848,478,7,left_ear,0.4551049768924713,0.3908930718898773,-0.18911831080913544,0.9974109530448914,0.9953945279121399
side_person17.mp4,side,247,8233,30.0,848,478,8,right_ear,0.4542013108730316,0.3888927698135376,-0.04116043448448181,0.998369038105011,0.9959354400634766
side_person17.mp4,side,247,8233,30.0,848,478,9,mouth_left,0.446376770734787,0.42486318945884705,-0.13409145176410675,0.9973847270011902,0.9963854551315308
side_person17.mp4,side,247,8233,30.0,848,478,10,mouth_right,0.4464266002178192,0.42471033334732056,-0.09081359952688217,0.9966465830802917,0.9963155388832092
side_person17.mp4,side,247,8233,30.0,848,478,11,left_shoulder,0.48376137018203735,0.46069586277008057,-0.2692846953868866,0.9982450604438782,0.9932770133018494
side_person17.mp4,side,247,8233,30.0,848,478,12,right_shoulder,0.48088812828063965,0.45686933398246765,0.0596361979842186,0.9962505102157593,0.9958814382553101
side_person17.mp4,side,247,8233,30.0,848,478,13,left_elbow,0.4053533971309662,0.5008069276809692,-0.33645468950271606,0.983210563659668,0.9981973767280579
side_person17.mp4,side,247,8233,30.0,848,478,14,right_elbow,0.4067055284976959,0.49481675028800964,0.08981376141309738,0.2859093248844147,0.9988579750061035
side_person17.mp4,side,247,8233,30.0,848,478,15,left_wrist,0.3245304822921753,0.49865561723709106,-0.2975356876850128,0.9846881031990051,0.9957925081253052
side_person17.mp4,side,247,8233,30.0,848,478,16,right_wrist,0.33452489972114563,0.5022033452987671,0.011785315349698067,0.45622411370277405,0.9941841959953308
side_person17.mp4,side,247,8233,30.0,848,478,17,left_pinky,0.31148967146873474,0.4816683232784271,-0.33808666467666626,0.9773848652839661,0.9929652214050293
side_person17.mp4,side,247,8233,30.0,848,478,18,right_pinky,0.3231900632381439,0.49739426374435425,0.004042636137455702,0.4938978850841522,0.9909924268722534
side_person17.mp4,side,247,8233,30.0,848,478,19,left_index,0.312170147895813,0.4854700565338135,-0.3207066059112549,0.9757107496261597,0.9927581548690796
side_person17.mp4,side,247,8233,30.0,848,478,20,right_index,0.3211193084716797,0.49489760398864746,-0.026485202834010124,0.5094000101089478,0.9896835088729858
side_person17.mp4,side,247,8233,30.0,848,478,21,left_thumb,0.3171157240867615,0.48915231227874756,-0.29197046160697937,0.960981547832489,0.993755578994751
side_person17.mp4,side,247,8233,30.0,848,478,22,right_thumb,0.3226622939109802,0.49777793884277344,-0.005875479429960251,0.5377708077430725,0.9914968609809875
side_person17.mp4,side,247,8233,30.0,848,478,23,left_hip,0.565455973148346,0.6585032343864441,-0.10427072644233704,0.9990332126617432,0.9979144930839539
side_person17.mp4,side,247,8233,30.0,848,478,24,right_hip,0.5477474927902222,0.6416786313056946,0.10432027280330658,0.9985359907150269,0.9986489415168762
side_person17.mp4,side,247,8233,30.0,848,478,25,left_knee,0.4628724455833435,0.750542938709259,-0.1002877950668335,0.9192558526992798,0.9982798099517822
side_person17.mp4,side,247,8233,30.0,848,478,26,right_knee,0.455871045589447,0.7137441039085388,0.11661029607057571,0.29991060495376587,0.9982531666755676
side_person17.mp4,side,247,8233,30.0,848,478,27,left_ankle,0.5023298263549805,0.9041841626167297,0.043440062552690506,0.891758918762207,0.9963034391403198
side_person17.mp4,side,247,8233,30.0,848,478,28,right_ankle,0.49942436814308167,0.8734674453735352,0.25993654131889343,0.3419859707355499,0.9984303116798401
side_person17.mp4,side,247,8233,30.0,848,478,29,left_heel,0.5160742402076721,0.9235941767692566,0.05791627988219261,0.8706170320510864,0.9964128136634827
side_person17.mp4,side,247,8233,30.0,848,478,30,right_heel,0.5119386315345764,0.9029311537742615,0.27413004636764526,0.5048934817314148,0.9983903169631958
side_person17.mp4,side,247,8233,30.0,848,478,31,left_foot_index,0.4637300372123718,0.9305423498153687,0.046552594751119614,0.8445273041725159,0.994594395160675
side_person17.mp4,side,247,8233,30.0,848,478,32,right_foot_index,0.46449437737464905,0.9169669151306152,0.26813846826553345,0.47048845887184143,0.9976432919502258
side_person17.mp4,side,248,8267,30.0,848,478,0,nose,0.438649445772171,0.3927612006664276,-0.10194230824708939,0.9987241625785828,0.996787428855896
side_person17.mp4,side,248,8267,30.0,848,478,1,left_eye_inner,0.4393583834171295,0.3764744699001312,-0.12172045558691025,0.9987887144088745,0.9965382814407349
side_person17.mp4,side,248,8267,30.0,848,478,2,left_eye,0.4404910206794739,0.37539079785346985,-0.12173835188150406,0.9988804459571838,0.9964511394500732
side_person17.mp4,side,248,8267,30.0,848,478,3,left_eye_outer,0.44172409176826477,0.3745468258857727,-0.12176842987537384,0.9991042613983154,0.9963864088058472
side_person17.mp4,side,248,8267,30.0,848,478,4,right_eye_inner,0.4391816258430481,0.3759499192237854,-0.09030063450336456,0.9983009099960327,0.9966967105865479
side_person17.mp4,side,248,8267,30.0,848,478,5,right_eye,0.44018733501434326,0.37452906370162964,-0.09033852815628052,0.9982966184616089,0.996673583984375
side_person17.mp4,side,248,8267,30.0,848,478,6,right_eye_outer,0.44134873151779175,0.3730510473251343,-0.09036611020565033,0.9987346529960632,0.9965813755989075
side_person17.mp4,side,248,8267,30.0,848,478,7,left_ear,0.4554443061351776,0.37112221121788025,-0.1680280864238739,0.9974441528320312,0.9948328733444214
side_person17.mp4,side,248,8267,30.0,848,478,8,right_ear,0.45469677448272705,0.36917683482170105,-0.02836047299206257,0.998406708240509,0.9954137206077576
side_person17.mp4,side,248,8267,30.0,848,478,9,mouth_left,0.4467461109161377,0.4043562412261963,-0.11697941273450851,0.9974494576454163,0.995219886302948
side_person17.mp4,side,248,8267,30.0,848,478,10,mouth_right,0.4467514753341675,0.4043520987033844,-0.07609602808952332,0.996637761592865,0.9950060248374939
side_person17.mp4,side,248,8267,30.0,848,478,11,left_shoulder,0.4837866425514221,0.44311997294425964,-0.24733838438987732,0.9980769157409668,0.9883395433425903
side_person17.mp4,side,248,8267,30.0,848,478,12,right_shoulder,0.48305827379226685,0.43834060430526733,0.06557276099920273,0.9956365823745728,0.991094172000885
side_person17.mp4,side,248,8267,30.0,848,478,13,left_elbow,0.40515124797821045,0.4832053482532501,-0.309693306684494,0.9828006625175476,0.9974784255027771
side_person17.mp4,side,248,8267,30.0,848,478,14,right_elbow,0.4065495729446411,0.48182982206344604,0.08896011114120483,0.2824917137622833,0.9977656602859497
side_person17.mp4,side,248,8267,30.0,848,478,15,left_wrist,0.3206065595149994,0.4819204807281494,-0.2713773250579834,0.9836591482162476,0.9928467869758606
side_person17.mp4,side,248,8267,30.0,848,478,16,right_wrist,0.33044347167015076,0.4841911494731903,0.014854494482278824,0.43690335750579834,0.9858831763267517
side_person17.mp4,side,248,8267,30.0,848,478,17,left_pinky,0.3103703260421753,0.46675917506217957,-0.31060492992401123,0.9760830998420715,0.9877455830574036
side_person17.mp4,side,248,8267,30.0,848,478,18,right_pinky,0.31733235716819763,0.4793248474597931,0.007606311235576868,0.4732693135738373,0.9796685576438904
side_person17.mp4,side,248,8267,30.0,848,478,19,left_index,0.3123169243335724,0.458187073469162,-0.2917119562625885,0.974293053150177,0.9873384237289429
side_person17.mp4,side,248,8267,30.0,848,478,20,right_index,0.3147633373737335,0.4769086539745331,-0.022002119570970535,0.4883013367652893,0.9768507480621338
side_person17.mp4,side,248,8267,30.0,848,478,21,left_thumb,0.31146174669265747,0.4737496078014374,-0.26540324091911316,0.9592657089233398,0.9891505837440491
side_person17.mp4,side,248,8267,30.0,848,478,22,right_thumb,0.3178344666957855,0.4806411862373352,-0.0024090621154755354,0.5172728896141052,0.9800608158111572
side_person17.mp4,side,248,8267,30.0,848,478,23,left_hip,0.5657477378845215,0.6422133445739746,-0.10297399014234543,0.998930811882019,0.9974034428596497
side_person17.mp4,side,248,8267,30.0,848,478,24,right_hip,0.5484351515769958,0.6275677680969238,0.1030154749751091,0.9984134435653687,0.9982383251190186
side_person17.mp4,side,248,8267,30.0,848,478,25,left_knee,0.4701937139034271,0.7506570816040039,-0.08261765539646149,0.9209124445915222,0.9972749352455139
side_person17.mp4,side,248,8267,30.0,848,478,26,right_knee,0.4578917622566223,0.7111222147941589,0.10080274194478989,0.3127279281616211,0.9973998069763184
side_person17.mp4,side,248,8267,30.0,848,478,27,left_ankle,0.5019153952598572,0.9052464365959167,0.0480060949921608,0.8977335095405579,0.9926338791847229
side_person17.mp4,side,248,8267,30.0,848,478,28,right_ankle,0.4983309507369995,0.8795450329780579,0.24134543538093567,0.35471904277801514,0.9979159235954285
side_person17.mp4,side,248,8267,30.0,848,478,29,left_heel,0.5160136818885803,0.9271712899208069,0.06300681829452515,0.8768901824951172,0.9922996163368225
side_person17.mp4,side,248,8267,30.0,848,478,30,right_heel,0.5105688571929932,0.9068850874900818,0.2552081048488617,0.5164733529090881,0.9976019263267517
side_person17.mp4,side,248,8267,30.0,848,478,31,left_foot_index,0.46309545636177063,0.9314044713973999,0.04591003805398941,0.8523768186569214,0.9894369840621948
side_person17.mp4,side,248,8267,30.0,848,478,32,right_foot_index,0.46264463663101196,0.918008029460907,0.24210859835147858,0.480496346950531,0.9962785840034485
side_person17.mp4,side,249,8300,30.0,848,478,0,nose,0.4387419819831848,0.373624324798584,-0.10751872509717941,0.9987935423851013,0.998080849647522
side_person17.mp4,side,249,8300,30.0,848,478,1,left_eye_inner,0.43949389457702637,0.3569854497909546,-0.1275358498096466,0.9988414645195007,0.9977118968963623
side_person17.mp4,side,249,8300,30.0,848,478,2,left_eye,0.440660297870636,0.35575342178344727,-0.12755483388900757,0.9989265203475952,0.9976377487182617
side_person17.mp4,side,249,8300,30.0,848,478,3,left_eye_outer,0.4419628977775574,0.3544764518737793,-0.12759271264076233,0.9991429448127747,0.9975538849830627
side_person17.mp4,side,249,8300,30.0,848,478,4,right_eye_inner,0.439264178276062,0.35679304599761963,-0.09585294127464294,0.9983857870101929,0.9978452920913696
side_person17.mp4,side,249,8300,30.0,848,478,5,right_eye,0.4402623474597931,0.3554231524467468,-0.09588997066020966,0.9983792901039124,0.9978366494178772
side_person17.mp4,side,249,8300,30.0,848,478,6,right_eye_outer,0.44143715500831604,0.35385704040527344,-0.09591176360845566,0.9987934231758118,0.9977607727050781
side_person17.mp4,side,249,8300,30.0,848,478,7,left_ear,0.45594438910484314,0.3503296375274658,-0.17292778193950653,0.9975574016571045,0.9966906309127808
side_person17.mp4,side,249,8300,30.0,848,478,8,right_ear,0.4550171494483948,0.34888309240341187,-0.03236494958400726,0.9984732866287231,0.9971428513526917
side_person17.mp4,side,249,8300,30.0,848,478,9,mouth_left,0.44710573554039,0.38499295711517334,-0.1222272664308548,0.9975709319114685,0.9970133304595947
side_person17.mp4,side,249,8300,30.0,848,478,10,mouth_right,0.44693586230278015,0.3851047158241272,-0.08096476644277573,0.9967352747917175,0.9968668818473816
side_person17.mp4,side,249,8300,30.0,848,478,11,left_shoulder,0.48506617546081543,0.42328155040740967,-0.25104907155036926,0.9980122447013855,0.9920759201049805
side_person17.mp4,side,249,8300,30.0,848,478,12,right_shoulder,0.4839020371437073,0.42230385541915894,0.0642605647444725,0.9952881336212158,0.9945131540298462
side_person17.mp4,side,249,8300,30.0,848,478,13,left_elbow,0.4060656726360321,0.4647904634475708,-0.3075900673866272,0.9823370575904846,0.9977031350135803
side_person17.mp4,side,249,8300,30.0,848,478,14,right_elbow,0.4064510762691498,0.46329596638679504,0.08804679661989212,0.2861393988132477,0.9987058639526367
side_person17.mp4,side,249,8300,30.0,848,478,15,left_wrist,0.3375052213668823,0.45976001024246216,-0.2581180930137634,0.9820311665534973,0.9953171014785767
side_person17.mp4,side,249,8300,30.0,848,478,16,right_wrist,0.3289929926395416,0.46640443801879883,0.012932407669723034,0.42415615916252136,0.9905235171318054
side_person17.mp4,side,249,8300,30.0,848,478,17,left_pinky,0.32065171003341675,0.44690075516700745,-0.29509133100509644,0.9737278819084167,0.9925330877304077
side_person17.mp4,side,249,8300,30.0,848,478,18,right_pinky,0.31797775626182556,0.47511976957321167,0.005794200114905834,0.45728617906570435,0.9853640198707581
side_person17.mp4,side,249,8300,30.0,848,478,19,left_index,0.32416272163391113,0.4361656606197357,-0.27854225039482117,0.971798300743103,0.9923740029335022
side_person17.mp4,side,249,8300,30.0,848,478,20,right_index,0.3161648213863373,0.47270843386650085,-0.02324729971587658,0.4721801280975342,0.983242392539978
side_person17.mp4,side,249,8300,30.0,848,478,21,left_thumb,0.3302974998950958,0.4443678557872772,-0.25246936082839966,0.9561959505081177,0.9934222102165222
side_person17.mp4,side,249,8300,30.0,848,478,22,right_thumb,0.3190455436706543,0.4802306890487671,-0.004253134597092867,0.5019878149032593,0.986161470413208
side_person17.mp4,side,249,8300,30.0,848,478,23,left_hip,0.5659639239311218,0.6268764138221741,-0.10293354094028473,0.9989070892333984,0.9984727501869202
side_person17.mp4,side,249,8300,30.0,848,478,24,right_hip,0.5488497018814087,0.6146332025527954,0.10297388583421707,0.9984168410301208,0.9990527033805847
side_person17.mp4,side,249,8300,30.0,848,478,25,left_knee,0.47511953115463257,0.7507029175758362,-0.06432853639125824,0.922964870929718,0.9979604482650757
side_person17.mp4,side,249,8300,30.0,848,478,26,right_knee,0.4593786597251892,0.708007276058197,0.1070462092757225,0.3314572274684906,0.9983931183815002
side_person17.mp4,side,249,8300,30.0,848,478,27,left_ankle,0.5019416213035583,0.9064000844955444,0.0652802363038063,0.9038108587265015,0.9945986270904541
side_person17.mp4,side,249,8300,30.0,848,478,28,right_ankle,0.49837252497673035,0.8795406818389893,0.25214970111846924,0.3717537522315979,0.9987884163856506
side_person17.mp4,side,249,8300,30.0,848,478,29,left_heel,0.5157158970832825,0.9286301136016846,0.07744437456130981,0.8833313584327698,0.9940726161003113
side_person17.mp4,side,249,8300,30.0,848,478,30,right_heel,0.5105541944503784,0.9082545638084412,0.2664638161659241,0.5308172106742859,0.9984866380691528
side_person17.mp4,side,249,8300,30.0,848,478,31,left_foot_index,0.4625623822212219,0.9313703775405884,0.05441552400588989,0.8608412742614746,0.992052435874939
side_person17.mp4,side,249,8300,30.0,848,478,32,right_foot_index,0.4616999626159668,0.9178746342658997,0.25209593772888184,0.49362337589263916,0.9976152181625366
side_person17.mp4,side,250,8333,30.0,848,478,0,nose,0.4393215775489807,0.354536771774292,-0.09861860424280167,0.9988206624984741,0.9972338080406189
side_person17.mp4,side,250,8333,30.0,848,478,1,left_eye_inner,0.439934104681015,0.33764544129371643,-0.11876815557479858,0.9988400340080261,0.997007429599762
side_person17.mp4,side,250,8333,30.0,848,478,2,left_eye,0.44113314151763916,0.3363083004951477,-0.11881306767463684,0.9989234805107117,0.9969651103019714
side_person17.mp4,side,250,8333,30.0,848,478,3,left_eye_outer,0.4424736201763153,0.3349141478538513,-0.11885973066091537,0.9991486668586731,0.9969334602355957
side_person17.mp4,side,250,8333,30.0,848,478,4,right_eye_inner,0.4396449327468872,0.33782288432121277,-0.08677047491073608,0.9984096884727478,0.9970691800117493
side_person17.mp4,side,250,8333,30.0,848,478,5,right_eye,0.4406206011772156,0.336550235748291,-0.08679654449224472,0.9983998537063599,0.9970189332962036
side_person17.mp4,side,250,8333,30.0,848,478,6,right_eye_outer,0.4417734444141388,0.3350721001625061,-0.08681944012641907,0.9988025426864624,0.9968891739845276
side_person17.mp4,side,250,8333,30.0,848,478,7,left_ear,0.4571334421634674,0.3301998972892761,-0.16529510915279388,0.9975886344909668,0.9960756897926331
side_person17.mp4,side,250,8333,30.0,848,478,8,right_ear,0.45619407296180725,0.3289758861064911,-0.023269914090633392,0.9984837174415588,0.99614018201828
side_person17.mp4,side,250,8333,30.0,848,478,9,mouth_left,0.44796890020370483,0.36651676893234253,-0.11317978799343109,0.9976237416267395,0.9961413741111755
side_person17.mp4,side,250,8333,30.0,848,478,10,mouth_right,0.44763585925102234,0.3671439588069916,-0.07155533134937286,0.9966967701911926,0.9956845045089722
side_person17.mp4,side,250,8333,30.0,848,478,11,left_shoulder,0.486116886138916,0.40396392345428467,-0.24746710062026978,0.9979934692382812,0.9918667674064636
side_person17.mp4,side,250,8333,30.0,848,478,12,right_shoulder,0.4871041774749756,0.40375208854675293,0.0772772878408432,0.9949327707290649,0.9918963313102722
side_person17.mp4,side,250,8333,30.0,848,478,13,left_elbow,0.40616360306739807,0.4457641839981079,-0.30975690484046936,0.9821789860725403,0.9980409741401672
side_person17.mp4,side,250,8333,30.0,848,478,14,right_elbow,0.409790962934494,0.4454050064086914,0.09614672511816025,0.280512273311615,0.9983434677124023
side_person17.mp4,side,250,8333,30.0,848,478,15,left_wrist,0.33426979184150696,0.4436771273612976,-0.2706451117992401,0.9812899827957153,0.9945159554481506
side_person17.mp4,side,250,8333,30.0,848,478,16,right_wrist,0.3304898142814636,0.4459235668182373,0.02332162670791149,0.40611520409584045,0.9899696707725525
side_person17.mp4,side,250,8333,30.0,848,478,17,left_pinky,0.32004719972610474,0.4414927661418915,-0.311291366815567,0.9727280139923096,0.9909583330154419
side_person17.mp4,side,250,8333,30.0,848,478,18,right_pinky,0.31847646832466125,0.4443773031234741,0.017347542569041252,0.4370478093624115,0.9858191013336182
side_person17.mp4,side,250,8333,30.0,848,478,19,left_index,0.32225003838539124,0.41763412952423096,-0.29229864478111267,0.970689594745636,0.9908280372619629
side_person17.mp4,side,250,8333,30.0,848,478,20,right_index,0.3168538510799408,0.442252516746521,-0.011785591952502728,0.4512423276901245,0.9833058714866638
side_person17.mp4,side,250,8333,30.0,848,478,21,left_thumb,0.328770250082016,0.42626115679740906,-0.2646480202674866,0.9547016024589539,0.9920427203178406
side_person17.mp4,side,250,8333,30.0,848,478,22,right_thumb,0.3195490837097168,0.4458753168582916,0.006140131503343582,0.4811628460884094,0.9858483076095581
side_person17.mp4,side,250,8333,30.0,848,478,23,left_hip,0.5661235451698303,0.6139322519302368,-0.10289083421230316,0.9989112615585327,0.9985474944114685
side_person17.mp4,side,250,8333,30.0,848,478,24,right_hip,0.5494091510772705,0.6022042036056519,0.10293272882699966,0.998404324054718,0.9987480640411377
side_person17.mp4,side,250,8333,30.0,848,478,25,left_knee,0.4795481860637665,0.7509095668792725,-0.061588674783706665,0.9247879981994629,0.997546374797821
side_person17.mp4,side,250,8333,30.0,848,478,26,right_knee,0.4641128480434418,0.7005789279937744,0.11339495331048965,0.34945595264434814,0.9977200627326965
side_person17.mp4,side,250,8333,30.0,848,478,27,left_ankle,0.501761257648468,0.907414436340332,0.06624912470579147,0.9088077545166016,0.992840051651001
side_person17.mp4,side,250,8333,30.0,848,478,28,right_ankle,0.4983055293560028,0.8781417608261108,0.2586807608604431,0.3889944851398468,0.9983991980552673
side_person17.mp4,side,250,8333,30.0,848,478,29,left_heel,0.5148417353630066,0.9287432432174683,0.07793054729700089,0.8883646130561829,0.9919946193695068
side_person17.mp4,side,250,8333,30.0,848,478,30,right_heel,0.510554850101471,0.9071865081787109,0.27304109930992126,0.5462071895599365,0.9979619979858398
side_person17.mp4,side,250,8333,30.0,848,478,31,left_foot_index,0.46191105246543884,0.9310371279716492,0.04687473922967911,0.8677023649215698,0.9902797341346741
side_person17.mp4,side,250,8333,30.0,848,478,32,right_foot_index,0.4610491096973419,0.9172245860099792,0.25816407799720764,0.507978081703186,0.9971182346343994
side_person17.mp4,side,251,8367,30.0,848,478,0,nose,0.44170430302619934,0.3384622633457184,-0.048714522272348404,0.9988420009613037,0.9972375631332397
side_person17.mp4,side,251,8367,30.0,848,478,1,left_eye_inner,0.4420257806777954,0.320820152759552,-0.06951331347227097,0.9988425970077515,0.9968169331550598
side_person17.mp4,side,251,8367,30.0,848,478,2,left_eye,0.44325190782546997,0.31938454508781433,-0.0695585235953331,0.9989199638366699,0.9967231154441833
side_person17.mp4,side,251,8367,30.0,848,478,3,left_eye_outer,0.44463345408439636,0.31785663962364197,-0.06959792226552963,0.9991559386253357,0.9965952038764954
side_person17.mp4,side,251,8367,30.0,848,478,4,right_eye_inner,0.44175803661346436,0.3209049701690674,-0.03657232224941254,0.9984397888183594,0.9969944953918457
side_person17.mp4,side,251,8367,30.0,848,478,5,right_eye,0.4427541196346283,0.3195013403892517,-0.036587752401828766,0.998424232006073,0.9969621300697327
side_person17.mp4,side,251,8367,30.0,848,478,6,right_eye_outer,0.44392654299736023,0.3178684115409851,-0.03661734610795975,0.998820960521698,0.9968433380126953
side_person17.mp4,side,251,8367,30.0,848,478,7,left_ear,0.4602575898170471,0.3121083676815033,-0.11968369781970978,0.9976246953010559,0.9958921670913696
side_person17.mp4,side,251,8367,30.0,848,478,8,right_ear,0.45919257402420044,0.3113323748111725,0.02624409645795822,0.9984997510910034,0.9963173866271973
side_person17.mp4,side,251,8367,30.0,848,478,9,mouth_left,0.4503210186958313,0.3501087725162506,-0.06446636468172073,0.9976573586463928,0.9960655570030212
side_person17.mp4,side,251,8367,30.0,848,478,10,mouth_right,0.4499766230583191,0.3506639301776886,-0.021798506379127502,0.9966559410095215,0.9956684112548828
side_person17.mp4,side,251,8367,30.0,848,478,11,left_shoulder,0.4869253635406494,0.38431641459465027,-0.20888833701610565,0.9980049133300781,0.991662859916687
side_person17.mp4,side,251,8367,30.0,848,478,12,right_shoulder,0.4894539415836334,0.38745951652526855,0.12908333539962769,0.9947830438613892,0.9911216497421265
side_person17.mp4,side,251,8367,30.0,848,478,13,left_elbow,0.40871256589889526,0.42838719487190247,-0.26316043734550476,0.9815106391906738,0.9975599050521851
side_person17.mp4,side,251,8367,30.0,848,478,14,right_elbow,0.41524872183799744,0.4315739572048187,0.15457051992416382,0.2694215774536133,0.9979432225227356
side_person17.mp4,side,251,8367,30.0,848,478,15,left_wrist,0.3339967131614685,0.4232683479785919,-0.21009060740470886,0.9802010655403137,0.9934397339820862
side_person17.mp4,side,251,8367,30.0,848,478,16,right_wrist,0.34279146790504456,0.4267732501029968,0.08560820668935776,0.3860788345336914,0.9888277053833008
side_person17.mp4,side,251,8367,30.0,848,478,17,left_pinky,0.3172276020050049,0.42264148592948914,-0.24641166627407074,0.9714867472648621,0.989495575428009
side_person17.mp4,side,251,8367,30.0,848,478,18,right_pinky,0.33048927783966064,0.42414724826812744,0.08358271420001984,0.41536280512809753,0.9844282269477844
side_person17.mp4,side,251,8367,30.0,848,478,19,left_index,0.32338976860046387,0.39705145359039307,-0.22619757056236267,0.9693124294281006,0.9892227649688721
side_person17.mp4,side,251,8367,30.0,848,478,20,right_index,0.33727607131004333,0.4209374189376831,0.05533577501773834,0.428783655166626,0.9819237589836121
side_person17.mp4,side,251,8367,30.0,848,478,21,left_thumb,0.3270789682865143,0.4146357476711273,-0.2026863992214203,0.9530085325241089,0.9908444285392761
side_person17.mp4,side,251,8367,30.0,848,478,22,right_thumb,0.3286426365375519,0.42353901267051697,0.06926411390304565,0.4583742022514343,0.9841424822807312
side_person17.mp4,side,251,8367,30.0,848,478,23,left_hip,0.5661758184432983,0.5993819236755371,-0.10353849828243256,0.9988855719566345,0.9983635544776917
side_person17.mp4,side,251,8367,30.0,848,478,24,right_hip,0.5505647659301758,0.5901423692703247,0.103587806224823,0.998357892036438,0.9983718991279602
side_person17.mp4,side,251,8367,30.0,848,478,25,left_knee,0.4826423227787018,0.7509180307388306,-0.07012153416872025,0.9255199432373047,0.9955804944038391
side_person17.mp4,side,251,8367,30.0,848,478,26,right_knee,0.47026506066322327,0.700745165348053,0.10755842924118042,0.35952043533325195,0.9955898523330688
side_person17.mp4,side,251,8367,30.0,848,478,27,left_ankle,0.500306248664856,0.9088107943534851,0.032871268689632416,0.9117966294288635,0.9849004745483398
side_person17.mp4,side,251,8367,30.0,848,478,28,right_ankle,0.49831101298332214,0.8864040970802307,0.22524110972881317,0.3990674614906311,0.9957596659660339
side_person17.mp4,side,251,8367,30.0,848,478,29,left_heel,0.5121564865112305,0.9325677752494812,0.04191075637936592,0.8912528157234192,0.9824402332305908
side_person17.mp4,side,251,8367,30.0,848,478,30,right_heel,0.5103216171264648,0.9115310907363892,0.23638701438903809,0.5555075407028198,0.994432270526886
side_person17.mp4,side,251,8367,30.0,848,478,31,left_foot_index,0.4604518413543701,0.9304347634315491,0.0051073189824819565,0.8716382384300232,0.9801749587059021
side_person17.mp4,side,251,8367,30.0,848,478,32,right_foot_index,0.4606775641441345,0.9170363545417786,0.2114855945110321,0.5142021775245667,0.9927999973297119
side_person17.mp4,side,252,8400,30.0,848,478,0,nose,0.4433326721191406,0.3163300156593323,-0.05048249289393425,0.9988588690757751,0.9968698620796204
side_person17.mp4,side,252,8400,30.0,848,478,1,left_eye_inner,0.4433719217777252,0.29822665452957153,-0.07116984575986862,0.9988391399383545,0.9967029690742493
side_person17.mp4,side,252,8400,30.0,848,478,2,left_eye,0.44460663199424744,0.2965722680091858,-0.07121562212705612,0.9989092946052551,0.9966790676116943
side_person17.mp4,side,252,8400,30.0,848,478,3,left_eye_outer,0.4460671842098236,0.2949221432209015,-0.07125617563724518,0.9991574883460999,0.9966562986373901
side_person17.mp4,side,252,8400,30.0,848,478,4,right_eye_inner,0.44303664565086365,0.29861095547676086,-0.037359531968832016,0.9984525442123413,0.9967994689941406
side_person17.mp4,side,252,8400,30.0,848,478,5,right_eye,0.4439709484577179,0.2971564829349518,-0.03736855462193489,0.9984323978424072,0.9967681169509888
side_person17.mp4,side,252,8400,30.0,848,478,6,right_eye_outer,0.4451305568218231,0.29558053612709045,-0.037397321313619614,0.9988300800323486,0.9966699481010437
side_person17.mp4,side,252,8400,30.0,848,478,7,left_ear,0.4625900089740753,0.29016855359077454,-0.12091623991727829,0.9976421594619751,0.9962128400802612
side_person17.mp4,side,252,8400,30.0,848,478,8,right_ear,0.46145522594451904,0.29003655910491943,0.029028045013546944,0.9985055923461914,0.9961541295051575
side_person17.mp4,side,252,8400,30.0,848,478,9,mouth_left,0.45167768001556396,0.32791846990585327,-0.06641708314418793,0.997691810131073,0.9961932897567749
side_person17.mp4,side,252,8400,30.0,848,478,10,mouth_right,0.45125383138656616,0.3285518288612366,-0.02252296544611454,0.9966327548027039,0.9957082271575928
side_person17.mp4,side,252,8400,30.0,848,478,11,left_shoulder,0.4874027669429779,0.3658028244972229,-0.21190357208251953,0.9980772733688354,0.9935290217399597
side_person17.mp4,side,252,8400,30.0,848,478,12,right_shoulder,0.49143320322036743,0.367631196975708,0.13235986232757568,0.9947147965431213,0.9920464754104614
side_person17.mp4,side,252,8400,30.0,848,478,13,left_elbow,0.4084227979183197,0.4037966728210449,-0.2767682671546936,0.981307327747345,0.9979198575019836
side_person17.mp4,side,252,8400,30.0,848,478,14,right_elbow,0.4183743894100189,0.4069976806640625,0.15342676639556885,0.2590191662311554,0.9980560541152954
side_person17.mp4,side,252,8400,30.0,848,478,15,left_wrist,0.33386096358299255,0.4018988609313965,-0.2409931719303131,0.9796427488327026,0.9933053851127625
side_person17.mp4,side,252,8400,30.0,848,478,16,right_wrist,0.34355390071868896,0.4050652086734772,0.07753939926624298,0.3676677346229553,0.9886916875839233
side_person17.mp4,side,252,8400,30.0,848,478,17,left_pinky,0.31642383337020874,0.3991541862487793,-0.28227168321609497,0.9709194302558899,0.9889005422592163
side_person17.mp4,side,252,8400,30.0,848,478,18,right_pinky,0.3333761692047119,0.40009164810180664,0.07537113130092621,0.3955903649330139,0.9843869805335999
side_person17.mp4,side,252,8400,30.0,848,478,19,left_index,0.3194969594478607,0.3892894387245178,-0.2600730061531067,0.9686094522476196,0.9886553287506104
side_person17.mp4,side,252,8400,30.0,848,478,20,right_index,0.33531391620635986,0.39808592200279236,0.04391586408019066,0.4080435335636139,0.9810647368431091
side_person17.mp4,side,252,8400,30.0,848,478,21,left_thumb,0.3257604241371155,0.3935285210609436,-0.23360612988471985,0.9519014954566956,0.9902806282043457
side_person17.mp4,side,252,8400,30.0,848,478,22,right_thumb,0.33317646384239197,0.40183186531066895,0.059875041246414185,0.43729156255722046,0.9833012819290161
side_person17.mp4,side,252,8400,30.0,848,478,23,left_hip,0.5661628842353821,0.5840837955474854,-0.10573001205921173,0.9988968372344971,0.9989827275276184
side_person17.mp4,side,252,8400,30.0,848,478,24,right_hip,0.5505132079124451,0.5747320055961609,0.10579944401979446,0.9983333945274353,0.9988905787467957
side_person17.mp4,side,252,8400,30.0,848,478,25,left_knee,0.48630738258361816,0.7509605288505554,-0.07437131553888321,0.9274302124977112,0.9963537454605103
side_person17.mp4,side,252,8400,30.0,848,478,26,right_knee,0.47393107414245605,0.7002648115158081,0.09908930957317352,0.365713894367218,0.9957667589187622
side_person17.mp4,side,252,8400,30.0,848,478,27,left_ankle,0.5003030896186829,0.9104246497154236,0.012817085720598698,0.9156256318092346,0.9866732358932495
side_person17.mp4,side,252,8400,30.0,848,478,28,right_ankle,0.49831628799438477,0.8903883695602417,0.21673265099525452,0.40481242537498474,0.9961167573928833
side_person17.mp4,side,252,8400,30.0,848,478,29,left_heel,0.5116351246833801,0.9365828037261963,0.021316539496183395,0.8948736190795898,0.9844093918800354
side_person17.mp4,side,252,8400,30.0,848,478,30,right_heel,0.5100727081298828,0.9098889231681824,0.22793658077716827,0.5612592101097107,0.994929313659668
side_person17.mp4,side,252,8400,30.0,848,478,31,left_foot_index,0.4601370394229889,0.9302989840507507,-0.019336821511387825,0.8761054277420044,0.9817164540290833
side_person17.mp4,side,252,8400,30.0,848,478,32,right_foot_index,0.46053412556648254,0.918680727481842,0.19855377078056335,0.5171979069709778,0.993095338344574
side_person17.mp4,side,253,8433,30.0,848,478,0,nose,0.44459399580955505,0.2971007823944092,-0.03535962477326393,0.9988968968391418,0.9975255131721497
side_person17.mp4,side,253,8433,30.0,848,478,1,left_eye_inner,0.4445513188838959,0.2778543531894684,-0.05701907351613045,0.9988683462142944,0.9972067475318909
side_person17.mp4,side,253,8433,30.0,848,478,2,left_eye,0.4458135962486267,0.27603787183761597,-0.05705881118774414,0.9989292621612549,0.9971356391906738
side_person17.mp4,side,253,8433,30.0,848,478,3,left_eye_outer,0.44731152057647705,0.27421504259109497,-0.057096388190984726,0.9991798400878906,0.997012734413147
side_person17.mp4,side,253,8433,30.0,848,478,4,right_eye_inner,0.4441477656364441,0.27825334668159485,-0.02202851139008999,0.998508870601654,0.9974148273468018
side_person17.mp4,side,253,8433,30.0,848,478,5,right_eye,0.4450536370277405,0.2766697406768799,-0.02203977480530739,0.9984850883483887,0.9974164962768555
side_person17.mp4,side,253,8433,30.0,848,478,6,right_eye_outer,0.44618886709213257,0.27495378255844116,-0.02207205630838871,0.9988747239112854,0.997359573841095
side_person17.mp4,side,253,8433,30.0,848,478,7,left_ear,0.4642665684223175,0.2691083252429962,-0.10934722423553467,0.9977130889892578,0.9964399933815002
side_person17.mp4,side,253,8433,30.0,848,478,8,right_ear,0.4629504978656769,0.26917922496795654,0.04568975791335106,0.9985454082489014,0.9969428181648254
side_person17.mp4,side,253,8433,30.0,848,478,9,mouth_left,0.4527128338813782,0.30885711312294006,-0.052057672291994095,0.9977428913116455,0.9963576197624207
side_person17.mp4,side,253,8433,30.0,848,478,10,mouth_right,0.45221635699272156,0.3094967305660248,-0.0066537028178572655,0.9966704845428467,0.9961663484573364
side_person17.mp4,side,253,8433,30.0,848,478,11,left_shoulder,0.488487184047699,0.3443106412887573,-0.2025376558303833,0.9981169104576111,0.9919288158416748
side_person17.mp4,side,253,8433,30.0,848,478,12,right_shoulder,0.49349305033683777,0.3507858216762543,0.15159288048744202,0.9946668148040771,0.9917444586753845
side_person17.mp4,side,253,8433,30.0,848,478,13,left_elbow,0.40818357467651367,0.3825480341911316,-0.26822346448898315,0.9811668992042542,0.9980229139328003
side_person17.mp4,side,253,8433,30.0,848,478,14,right_elbow,0.42082834243774414,0.3877248764038086,0.17287486791610718,0.24830147624015808,0.9984094500541687
side_person17.mp4,side,253,8433,30.0,848,478,15,left_wrist,0.3331665098667145,0.3817283511161804,-0.22830162942409515,0.9789535999298096,0.993255615234375
side_person17.mp4,side,253,8433,30.0,848,478,16,right_wrist,0.3467027246952057,0.3861146867275238,0.09478521347045898,0.350161612033844,0.9911999106407166
side_person17.mp4,side,253,8433,30.0,848,478,17,left_pinky,0.3154853880405426,0.3780185878276825,-0.26921430230140686,0.9701127409934998,0.9889380931854248
side_person17.mp4,side,253,8433,30.0,848,478,18,right_pinky,0.3357110321521759,0.3813793361186981,0.09441686421632767,0.3770202100276947,0.9876015782356262
side_person17.mp4,side,253,8433,30.0,848,478,19,left_index,0.3166133463382721,0.3687833845615387,-0.24396027624607086,0.9676098227500916,0.988909900188446
side_person17.mp4,side,253,8433,30.0,848,478,20,right_index,0.3349092900753021,0.3774959146976471,0.062260039150714874,0.38878560066223145,0.9851898550987244
side_person17.mp4,side,253,8433,30.0,848,478,21,left_thumb,0.3243178129196167,0.3725202977657318,-0.21939894556999207,0.9504048228263855,0.990510880947113
side_person17.mp4,side,253,8433,30.0,848,478,22,right_thumb,0.3356815278530121,0.38220828771591187,0.07698848843574524,0.4176022708415985,0.9869399666786194
side_person17.mp4,side,253,8433,30.0,848,478,23,left_hip,0.5657282471656799,0.5691915154457092,-0.10840064287185669,0.9988887310028076,0.9990394711494446
side_person17.mp4,side,253,8433,30.0,848,478,24,right_hip,0.5506195425987244,0.5629473328590393,0.1084805577993393,0.9983037114143372,0.9990507960319519
side_person17.mp4,side,253,8433,30.0,848,478,25,left_knee,0.48993584513664246,0.7474026083946228,-0.08501451462507248,0.9290412664413452,0.9954947233200073
side_person17.mp4,side,253,8433,30.0,848,478,26,right_knee,0.47882190346717834,0.7021183371543884,0.09410584717988968,0.37098127603530884,0.9959765076637268
side_person17.mp4,side,253,8433,30.0,848,478,27,left_ankle,0.49895960092544556,0.9109198451042175,-0.002601427026093006,0.9190698266029358,0.9881982207298279
side_person17.mp4,side,253,8433,30.0,848,478,28,right_ankle,0.4982113242149353,0.8900268077850342,0.19827580451965332,0.41422978043556213,0.9960709810256958
side_person17.mp4,side,253,8433,30.0,848,478,29,left_heel,0.5091326832771301,0.9358963370323181,0.005247808992862701,0.8992614150047302,0.9865012764930725
side_person17.mp4,side,253,8433,30.0,848,478,30,right_heel,0.5095312595367432,0.9142564535140991,0.20785115659236908,0.5696995854377747,0.9946088790893555
side_person17.mp4,side,253,8433,30.0,848,478,31,left_foot_index,0.4590485394001007,0.9301289319992065,-0.035539790987968445,0.880130410194397,0.9850148558616638
side_person17.mp4,side,253,8433,30.0,848,478,32,right_foot_index,0.4602786600589752,0.9190546870231628,0.17253632843494415,0.521888792514801,0.9933011531829834
side_person17.mp4,side,254,8467,30.0,848,478,0,nose,0.4464309513568878,0.273566335439682,-0.038870710879564285,0.9988990426063538,0.9960806965827942
side_person17.mp4,side,254,8467,30.0,848,478,1,left_eye_inner,0.4466893970966339,0.25389185547828674,-0.06101502105593681,0.9988725781440735,0.9959255456924438
side_person17.mp4,side,254,8467,30.0,848,478,2,left_eye,0.44797855615615845,0.25210776925086975,-0.06105673685669899,0.9989246129989624,0.9959396123886108
side_person17.mp4,side,254,8467,30.0,848,478,3,left_eye_outer,0.4494853913784027,0.2504357099533081,-0.06109665334224701,0.999187171459198,0.9958791732788086
side_person17.mp4,side,254,8467,30.0,848,478,4,right_eye_inner,0.4463028013706207,0.2542861998081207,-0.02525578998029232,0.9985431432723999,0.9961227774620056
side_person17.mp4,side,254,8467,30.0,848,478,5,right_eye,0.4472506046295166,0.2527278661727905,-0.025261854752898216,0.9985122680664062,0.9961906671524048
side_person17.mp4,side,254,8467,30.0,848,478,6,right_eye_outer,0.4484283924102783,0.25114384293556213,-0.02529161237180233,0.9989040493965149,0.9962040781974792
side_person17.mp4,side,254,8467,30.0,848,478,7,left_ear,0.4662202000617981,0.24715664982795715,-0.11290254443883896,0.9977512359619141,0.9955611228942871
side_person17.mp4,side,254,8467,30.0,848,478,8,right_ear,0.4651188850402832,0.2472027987241745,0.0455545075237751,0.998558759689331,0.9960809350013733
side_person17.mp4,side,254,8467,30.0,848,478,9,mouth_left,0.4542604386806488,0.2859976887702942,-0.05509091913700104,0.9977364540100098,0.9955287575721741
side_person17.mp4,side,254,8467,30.0,848,478,10,mouth_right,0.4538494646549225,0.28664323687553406,-0.008725205436348915,0.9966503977775574,0.9952764511108398
side_person17.mp4,side,254,8467,30.0,848,478,11,left_shoulder,0.4896562695503235,0.32526326179504395,-0.20588456094264984,0.9981658458709717,0.9931073784828186
side_person17.mp4,side,254,8467,30.0,848,478,12,right_shoulder,0.49560534954071045,0.3322664797306061,0.1579718291759491,0.9947511553764343,0.9926202297210693
side_person17.mp4,side,254,8467,30.0,848,478,13,left_elbow,0.40800806879997253,0.36066657304763794,-0.267294317483902,0.9813005924224854,0.9980785846710205
side_person17.mp4,side,254,8467,30.0,848,478,14,right_elbow,0.4270789325237274,0.37546324729919434,0.18339355289936066,0.23969237506389618,0.9981129169464111
side_person17.mp4,side,254,8467,30.0,848,478,15,left_wrist,0.3328820466995239,0.3602507412433624,-0.21923236548900604,0.9786643981933594,0.9930217862129211
side_person17.mp4,side,254,8467,30.0,848,478,16,right_wrist,0.36042946577072144,0.383710116147995,0.10191985964775085,0.33490538597106934,0.9913456439971924
side_person17.mp4,side,254,8467,30.0,848,478,17,left_pinky,0.31459635496139526,0.3568998873233795,-0.2607937157154083,0.9697362780570984,0.9888624548912048
side_person17.mp4,side,254,8467,30.0,848,478,18,right_pinky,0.33922356367111206,0.3662364184856415,0.10163139551877975,0.3606676161289215,0.9886441230773926
side_person17.mp4,side,254,8467,30.0,848,478,19,left_index,0.31568774580955505,0.3495666980743408,-0.23532329499721527,0.9670839905738831,0.9886797070503235
side_person17.mp4,side,254,8467,30.0,848,478,20,right_index,0.33668050169944763,0.36267149448394775,0.06873517483472824,0.3717382252216339,0.9865016341209412
side_person17.mp4,side,254,8467,30.0,848,478,21,left_thumb,0.3238917887210846,0.35380563139915466,-0.2099386602640152,0.9494358897209167,0.990380048751831
side_person17.mp4,side,254,8467,30.0,848,478,22,right_thumb,0.3385126292705536,0.3661107122898102,0.08394596725702286,0.3996105492115021,0.9878667593002319
side_person17.mp4,side,254,8467,30.0,848,478,23,left_hip,0.5642727017402649,0.5552213788032532,-0.11015909165143967,0.9988394975662231,0.9987027645111084
side_person17.mp4,side,254,8467,30.0,848,478,24,right_hip,0.5511330366134644,0.5501428842544556,0.11025480926036835,0.9981905221939087,0.9985857009887695
side_person17.mp4,side,254,8467,30.0,848,478,25,left_knee,0.4901512563228607,0.7380909323692322,-0.0850522443652153,0.9302611947059631,0.9940699934959412
side_person17.mp4,side,254,8467,30.0,848,478,26,right_knee,0.48442110419273376,0.7008705735206604,0.09990575909614563,0.3744191527366638,0.9939472675323486
side_person17.mp4,side,254,8467,30.0,848,478,27,left_ankle,0.4990285038948059,0.9096984267234802,0.007292579859495163,0.9211195111274719,0.9861742258071899
side_person17.mp4,side,254,8467,30.0,848,478,28,right_ankle,0.5001102089881897,0.8887472748756409,0.2139013558626175,0.41968071460723877,0.9939969778060913
side_person17.mp4,side,254,8467,30.0,848,478,29,left_heel,0.5092423558235168,0.9338618516921997,0.015837762504816055,0.9025097489356995,0.9844523668289185
side_person17.mp4,side,254,8467,30.0,848,478,30,right_heel,0.5122932195663452,0.9141194224357605,0.223984956741333,0.5726954936981201,0.9919641017913818
side_person17.mp4,side,254,8467,30.0,848,478,31,left_foot_index,0.4591625928878784,0.9301173090934753,-0.024460090324282646,0.8825936913490295,0.9846678376197815
side_person17.mp4,side,254,8467,30.0,848,478,32,right_foot_index,0.46214941143989563,0.9191102981567383,0.18779604136943817,0.5237892270088196,0.9921254515647888
side_person17.mp4,side,255,8500,30.0,848,478,0,nose,0.4491344094276428,0.25088974833488464,-0.04131444916129112,0.9989166855812073,0.9953115582466125
side_person17.mp4,side,255,8500,30.0,848,478,1,left_eye_inner,0.44980642199516296,0.23072808980941772,-0.0632503479719162,0.9988917708396912,0.9947264790534973
side_person17.mp4,side,255,8500,30.0,848,478,2,left_eye,0.45103853940963745,0.22913068532943726,-0.06329017877578735,0.9989327192306519,0.9945704340934753
side_person17.mp4,side,255,8500,30.0,848,478,3,left_eye_outer,0.45245423913002014,0.22764292359352112,-0.06332801282405853,0.9991993308067322,0.9943422079086304
side_person17.mp4,side,255,8500,30.0,848,478,4,right_eye_inner,0.44952863454818726,0.23112016916275024,-0.027115346863865852,0.9985969066619873,0.9954934120178223
side_person17.mp4,side,255,8500,30.0,848,478,5,right_eye,0.4504863917827606,0.2297050654888153,-0.02712726779282093,0.9985643625259399,0.9957765936851501
side_person17.mp4,side,255,8500,30.0,848,478,6,right_eye_outer,0.45168840885162354,0.22819246351718903,-0.027161862701177597,0.9989513158798218,0.99599289894104
side_person17.mp4,side,255,8500,30.0,848,478,7,left_ear,0.46856221556663513,0.2260667383670807,-0.11392371356487274,0.9978110194206238,0.9938871264457703
side_person17.mp4,side,255,8500,30.0,848,478,8,right_ear,0.46752065420150757,0.225732684135437,0.04634471982717514,0.9986143112182617,0.9962508082389832
side_person17.mp4,side,255,8500,30.0,848,478,9,mouth_left,0.45634350180625916,0.263571560382843,-0.05721660703420639,0.9977802634239197,0.995400607585907
side_person17.mp4,side,255,8500,30.0,848,478,10,mouth_right,0.4560695290565491,0.26438280940055847,-0.010307387448847294,0.9967378377914429,0.995799720287323
side_person17.mp4,side,255,8500,30.0,848,478,11,left_shoulder,0.4914807081222534,0.3059758245944977,-0.20722928643226624,0.9982196092605591,0.9926798343658447
side_person17.mp4,side,255,8500,30.0,848,478,12,right_shoulder,0.4967109262943268,0.3138027489185333,0.15982213616371155,0.9950153827667236,0.9956640601158142
side_person17.mp4,side,255,8500,30.0,848,478,13,left_elbow,0.4087073802947998,0.3421509563922882,-0.26889222860336304,0.9816155433654785,0.997925877571106
side_person17.mp4,side,255,8500,30.0,848,478,14,right_elbow,0.42765820026397705,0.3562399744987488,0.18559086322784424,0.2438085824251175,0.9988962411880493
side_person17.mp4,side,255,8500,30.0,848,478,15,left_wrist,0.3330272138118744,0.34108424186706543,-0.22777792811393738,0.9788235425949097,0.9930996894836426
side_person17.mp4,side,255,8500,30.0,848,478,16,right_wrist,0.35700178146362305,0.3574158847332001,0.09997139871120453,0.33787596225738525,0.9954600930213928
side_person17.mp4,side,255,8500,30.0,848,478,17,left_pinky,0.3142968416213989,0.3385184407234192,-0.27127087116241455,0.9699479937553406,0.9892035126686096
side_person17.mp4,side,255,8500,30.0,848,478,18,right_pinky,0.34042075276374817,0.3550647795200348,0.09986227750778198,0.36082518100738525,0.9936188459396362
side_person17.mp4,side,255,8500,30.0,848,478,19,left_index,0.3156762421131134,0.3341018259525299,-0.24522972106933594,0.9671844840049744,0.9891625642776489
side_person17.mp4,side,255,8500,30.0,848,478,20,right_index,0.3384387195110321,0.353039413690567,0.064730204641819,0.37148457765579224,0.9923589825630188
side_person17.mp4,side,255,8500,30.0,848,478,21,left_thumb,0.3235863447189331,0.3380109369754791,-0.218482106924057,0.9493968486785889,0.9907733201980591
side_person17.mp4,side,255,8500,30.0,848,478,22,right_thumb,0.34011951088905334,0.35358569025993347,0.08120900392532349,0.3987354040145874,0.9933043122291565
side_person17.mp4,side,255,8500,30.0,848,478,23,left_hip,0.5617877840995789,0.5428962111473083,-0.11204157769680023,0.9987626075744629,0.9980443716049194
side_person17.mp4,side,255,8500,30.0,848,478,24,right_hip,0.5513526797294617,0.5382375121116638,0.11215031147003174,0.9980865716934204,0.9984116554260254
side_person17.mp4,side,255,8500,30.0,848,478,25,left_knee,0.4917975664138794,0.729258120059967,-0.08726673573255539,0.931668221950531,0.9905451536178589
side_person17.mp4,side,255,8500,30.0,848,478,26,right_knee,0.48808395862579346,0.7001487016677856,0.10376652330160141,0.375449538230896,0.9927676916122437
side_person17.mp4,side,255,8500,30.0,848,478,27,left_ankle,0.49896061420440674,0.9080184102058411,0.004481672775000334,0.9223243594169617,0.9766570329666138
side_person17.mp4,side,255,8500,30.0,848,478,28,right_ankle,0.5002614259719849,0.8888117671012878,0.21456468105316162,0.4188082814216614,0.9903501868247986
side_person17.mp4,side,255,8500,30.0,848,478,29,left_heel,0.5115879774093628,0.9394405484199524,0.012491735629737377,0.904700756072998,0.9737420678138733
side_person17.mp4,side,255,8500,30.0,848,478,30,right_heel,0.5121020078659058,0.9163459539413452,0.22429783642292023,0.5694199800491333,0.9864875674247742
side_person17.mp4,side,255,8500,30.0,848,478,31,left_foot_index,0.4590940773487091,0.929355800151825,-0.03213997930288315,0.8837519288063049,0.9765069484710693
side_person17.mp4,side,255,8500,30.0,848,478,32,right_foot_index,0.46187013387680054,0.9190104603767395,0.1812262386083603,0.5195772647857666,0.9880468845367432
side_person17.mp4,side,256,8533,30.0,848,478,0,nose,0.45190373063087463,0.23085761070251465,-0.04210358113050461,0.9988605380058289,0.9958195686340332
side_person17.mp4,side,256,8533,30.0,848,478,1,left_eye_inner,0.4528869390487671,0.21085090935230255,-0.06550893187522888,0.9988222718238831,0.9952994585037231
side_person17.mp4,side,256,8533,30.0,848,478,2,left_eye,0.45414936542510986,0.20922665297985077,-0.06561113893985748,0.9988569021224976,0.9951298236846924
side_person17.mp4,side,256,8533,30.0,848,478,3,left_eye_outer,0.45563647150993347,0.20770932734012604,-0.06557538360357285,0.9991475939750671,0.9949235320091248
side_person17.mp4,side,256,8533,30.0,848,478,4,right_eye_inner,0.45257753133773804,0.21116618812084198,-0.03079511970281601,0.9985651969909668,0.9959945678710938
side_person17.mp4,side,256,8533,30.0,848,478,5,right_eye,0.45356178283691406,0.2096986174583435,-0.030812999233603477,0.998526394367218,0.9962252378463745
side_person17.mp4,side,256,8533,30.0,848,478,6,right_eye_outer,0.4547998607158661,0.20822462439537048,-0.030762312933802605,0.9989334940910339,0.9964107871055603
side_person17.mp4,side,256,8533,30.0,848,478,7,left_ear,0.471398264169693,0.20619285106658936,-0.1199299767613411,0.9977458715438843,0.9941028952598572
side_person17.mp4,side,256,8533,30.0,848,478,8,right_ear,0.4704892933368683,0.20628558099269867,0.0309229027479887,0.9985848069190979,0.9964396357536316
side_person17.mp4,side,256,8533,30.0,848,478,9,mouth_left,0.4593079686164856,0.24513885378837585,-0.06207524612545967,0.9977276921272278,0.9957135915756226
side_person17.mp4,side,256,8533,30.0,848,478,10,mouth_right,0.4589463472366333,0.24590609967708588,-0.01934094727039337,0.9966722130775452,0.9961727261543274
side_person17.mp4,side,256,8533,30.0,848,478,11,left_shoulder,0.4932633638381958,0.2866302728652954,-0.210295170545578,0.9982423186302185,0.9919924736022949
side_person17.mp4,side,256,8533,30.0,848,478,12,right_shoulder,0.497900128364563,0.29556310176849365,0.14053310453891754,0.9951772093772888,0.9952919483184814
side_person17.mp4,side,256,8533,30.0,848,478,13,left_elbow,0.41039881110191345,0.3227112591266632,-0.28636348247528076,0.9821737408638,0.9981398582458496
side_person17.mp4,side,256,8533,30.0,848,478,14,right_elbow,0.42883506417274475,0.3399277329444885,0.17015275359153748,0.25393733382225037,0.9991057515144348
side_person17.mp4,side,256,8533,30.0,848,478,15,left_wrist,0.334968239068985,0.32237932085990906,-0.2656419575214386,0.9790058732032776,0.9934939742088318
side_person17.mp4,side,256,8533,30.0,848,478,16,right_wrist,0.3571583330631256,0.34338706731796265,0.08416782319545746,0.34960755705833435,0.9968744516372681
side_person17.mp4,side,256,8533,30.0,848,478,17,left_pinky,0.3160783648490906,0.3211332857608795,-0.31315550208091736,0.9701189994812012,0.9904735684394836
side_person17.mp4,side,256,8533,30.0,848,478,18,right_pinky,0.344953328371048,0.34256505966186523,0.08233992755413055,0.3700382709503174,0.9956334233283997
side_person17.mp4,side,256,8533,30.0,848,478,19,left_index,0.31674066185951233,0.31758347153663635,-0.2858830392360687,0.9672154784202576,0.9903712868690491
side_person17.mp4,side,256,8533,30.0,848,478,20,right_index,0.34260615706443787,0.34106481075286865,0.047373756766319275,0.38069918751716614,0.994845986366272
side_person17.mp4,side,256,8533,30.0,848,478,21,left_thumb,0.32438135147094727,0.31929492950439453,-0.2561066746711731,0.9493075013160706,0.9915465712547302
side_person17.mp4,side,256,8533,30.0,848,478,22,right_thumb,0.3435353934764862,0.3414473831653595,0.06531913578510284,0.4074702262878418,0.9954527616500854
side_person17.mp4,side,256,8533,30.0,848,478,23,left_hip,0.5595259666442871,0.5326335430145264,-0.1116672083735466,0.9986302256584167,0.9970628619194031
side_person17.mp4,side,256,8533,30.0,848,478,24,right_hip,0.5501552224159241,0.5284075140953064,0.11175519227981567,0.9978340268135071,0.9973880648612976
side_person17.mp4,side,256,8533,30.0,848,478,25,left_knee,0.49698805809020996,0.7159408926963806,-0.07816431671380997,0.932487964630127,0.992820680141449
side_person17.mp4,side,256,8533,30.0,848,478,26,right_knee,0.49058252573013306,0.6974242329597473,0.11623521894216537,0.38347920775413513,0.9935232400894165
side_person17.mp4,side,256,8533,30.0,848,478,27,left_ankle,0.4990071952342987,0.9017988443374634,0.012782437726855278,0.9252064228057861,0.9836475253105164
side_person17.mp4,side,256,8533,30.0,848,478,28,right_ankle,0.500239372253418,0.8835658431053162,0.22286249697208405,0.4292077422142029,0.99437415599823
side_person17.mp4,side,256,8533,30.0,848,478,29,left_heel,0.5115501880645752,0.9347730278968811,0.023180993273854256,0.9086769819259644,0.9798628687858582
side_person17.mp4,side,256,8533,30.0,848,478,30,right_heel,0.5116334557533264,0.9162198901176453,0.23025250434875488,0.5792269706726074,0.9919633865356445
side_person17.mp4,side,256,8533,30.0,848,478,31,left_foot_index,0.45915788412094116,0.9285932183265686,-0.026553338393568993,0.8872683644294739,0.9830806851387024
side_person17.mp4,side,256,8533,30.0,848,478,32,right_foot_index,0.46187493205070496,0.9139707684516907,0.19892746210098267,0.5289883017539978,0.9937453269958496
side_person17.mp4,side,257,8567,30.0,848,478,0,nose,0.45533475279808044,0.2119574248790741,-0.09946129471063614,0.9988219141960144,0.9973913431167603
side_person17.mp4,side,257,8567,30.0,848,478,1,left_eye_inner,0.4565352201461792,0.19230760633945465,-0.12160072475671768,0.9987491965293884,0.9970636963844299
side_person17.mp4,side,257,8567,30.0,848,478,2,left_eye,0.4578149616718292,0.1907859444618225,-0.12165189534425735,0.9987804889678955,0.9969720840454102
side_person17.mp4,side,257,8567,30.0,848,478,3,left_eye_outer,0.45930755138397217,0.1893642544746399,-0.12164432555437088,0.9990861415863037,0.9968373775482178
side_person17.mp4,side,257,8567,30.0,848,478,4,right_eye_inner,0.4561229944229126,0.19269433617591858,-0.08620891720056534,0.9985202550888062,0.9975205063819885
side_person17.mp4,side,257,8567,30.0,848,478,5,right_eye,0.457064688205719,0.19135965406894684,-0.0862138494849205,0.998481273651123,0.9976747632026672
side_person17.mp4,side,257,8567,30.0,848,478,6,right_eye_outer,0.4582269489765167,0.19004875421524048,-0.08625710755586624,0.9989058375358582,0.9978027939796448
side_person17.mp4,side,257,8567,30.0,848,478,7,left_ear,0.4746783375740051,0.18836867809295654,-0.16644132137298584,0.9976879358291626,0.99626225233078
side_person17.mp4,side,257,8567,30.0,848,478,8,right_ear,0.47369399666786194,0.18843840062618256,-0.009500209242105484,0.9985297322273254,0.9977697134017944
side_person17.mp4,side,257,8567,30.0,848,478,9,mouth_left,0.46243587136268616,0.2259169965982437,-0.11299027502536774,0.9977326989173889,0.9974283576011658
side_person17.mp4,side,257,8567,30.0,848,478,10,mouth_right,0.461867094039917,0.22666078805923462,-0.06721922755241394,0.9966523051261902,0.9977477192878723
side_person17.mp4,side,257,8567,30.0,848,478,11,left_shoulder,0.49621060490608215,0.26748737692832947,-0.24805405735969543,0.9983010292053223,0.9948699474334717
side_person17.mp4,side,257,8567,30.0,848,478,12,right_shoulder,0.49821415543556213,0.2792280912399292,0.10918211191892624,0.995370626449585,0.997073769569397
side_person17.mp4,side,257,8567,30.0,848,478,13,left_elbow,0.41268956661224365,0.3066204786300659,-0.33579686284065247,0.9826951622962952,0.9984594583511353
side_person17.mp4,side,257,8567,30.0,848,478,14,right_elbow,0.42878633737564087,0.32448822259902954,0.1391984075307846,0.26824241876602173,0.9992960691452026
side_person17.mp4,side,257,8567,30.0,848,478,15,left_wrist,0.33896100521087646,0.3045211732387543,-0.3340138792991638,0.9787706732749939,0.9949029684066772
side_person17.mp4,side,257,8567,30.0,848,478,16,right_wrist,0.35690343379974365,0.32961714267730713,0.04341045767068863,0.36336272954940796,0.9977765679359436
side_person17.mp4,side,257,8567,30.0,848,478,17,left_pinky,0.32025182247161865,0.3035641610622406,-0.38417690992355347,0.9696741104125977,0.9933770298957825
side_person17.mp4,side,257,8567,30.0,848,478,18,right_pinky,0.3442564904689789,0.3276720941066742,0.040145065635442734,0.3810892105102539,0.9971237778663635
side_person17.mp4,side,257,8567,30.0,848,478,19,left_index,0.31869611144065857,0.2974582314491272,-0.35769665241241455,0.9665299654006958,0.9933453798294067
side_person17.mp4,side,257,8567,30.0,848,478,20,right_index,0.3417823314666748,0.3254854381084442,0.0006542480550706387,0.39200350642204285,0.996528685092926
side_person17.mp4,side,257,8567,30.0,848,478,21,left_thumb,0.32715317606925964,0.30226364731788635,-0.3257267475128174,0.9480093121528625,0.9937719702720642
side_person17.mp4,side,257,8567,30.0,848,478,22,right_thumb,0.3436761498451233,0.32643237709999084,0.022519873455166817,0.4185604751110077,0.9968451261520386
side_person17.mp4,side,257,8567,30.0,848,478,23,left_hip,0.5585474371910095,0.5182209014892578,-0.11137274652719498,0.9985122680664062,0.9974017143249512
side_person17.mp4,side,257,8567,30.0,848,478,24,right_hip,0.5455881953239441,0.5163276195526123,0.11142664402723312,0.9975500106811523,0.9973210692405701
side_person17.mp4,side,257,8567,30.0,848,478,25,left_knee,0.5107486844062805,0.7065680623054504,-0.07919815927743912,0.9340630769729614,0.9973516464233398
side_person17.mp4,side,257,8567,30.0,848,478,26,right_knee,0.49341508746147156,0.6936770081520081,0.11687786132097244,0.3991366922855377,0.9966031312942505
side_person17.mp4,side,257,8567,30.0,848,478,27,left_ankle,0.5015752911567688,0.900869607925415,0.004934270400553942,0.9297200441360474,0.9921687245368958
side_person17.mp4,side,257,8567,30.0,848,478,28,right_ankle,0.5002955794334412,0.8794297575950623,0.2251110076904297,0.450834721326828,0.9973504543304443
side_person17.mp4,side,257,8567,30.0,848,478,29,left_heel,0.5118132829666138,0.9316731095314026,0.009319987148046494,0.9127926826477051,0.9886415600776672
side_person17.mp4,side,257,8567,30.0,848,478,30,right_heel,0.51011061668396,0.9149518013000488,0.23373627662658691,0.5957733392715454,0.9959650039672852
side_person17.mp4,side,257,8567,30.0,848,478,31,left_foot_index,0.4598385691642761,0.9275440573692322,-0.06863627582788467,0.8931493163108826,0.9896613359451294
side_person17.mp4,side,257,8567,30.0,848,478,32,right_foot_index,0.46187785267829895,0.9073687791824341,0.18245436251163483,0.5494749546051025,0.9965224266052246
side_person17.mp4,side,258,8600,30.0,848,478,0,nose,0.45891624689102173,0.19396528601646423,-0.1165279746055603,0.9988144636154175,0.9986314177513123
side_person17.mp4,side,258,8600,30.0,848,478,1,left_eye_inner,0.4603382349014282,0.17435666918754578,-0.1394711583852768,0.9987292289733887,0.9985337257385254
side_person17.mp4,side,258,8600,30.0,848,478,2,left_eye,0.4616330564022064,0.17302903532981873,-0.13951320946216583,0.9987560510635376,0.9985388517379761
side_person17.mp4,side,258,8600,30.0,848,478,3,left_eye_outer,0.46317172050476074,0.17176799476146698,-0.13952462375164032,0.9990682601928711,0.998497724533081
side_person17.mp4,side,258,8600,30.0,848,478,4,right_eye_inner,0.45997849106788635,0.17469026148319244,-0.10333386063575745,0.9985014200210571,0.998633086681366
side_person17.mp4,side,258,8600,30.0,848,478,5,right_eye,0.4609524607658386,0.17345353960990906,-0.10332070291042328,0.9984588623046875,0.9986648559570312
side_person17.mp4,side,258,8600,30.0,848,478,6,right_eye_outer,0.46217530965805054,0.1721435785293579,-0.10336500406265259,0.9989002346992493,0.9986718893051147
side_person17.mp4,side,258,8600,30.0,848,478,7,left_ear,0.47901204228401184,0.17140212655067444,-0.1862393617630005,0.9977128505706787,0.9984123706817627
side_person17.mp4,side,258,8600,30.0,848,478,8,right_ear,0.47811928391456604,0.17131298780441284,-0.025138864293694496,0.9985119104385376,0.9986683130264282
side_person17.mp4,side,258,8600,30.0,848,478,9,mouth_left,0.46600428223609924,0.20899055898189545,-0.13007807731628418,0.997808039188385,0.9987882971763611
side_person17.mp4,side,258,8600,30.0,848,478,10,mouth_right,0.46533551812171936,0.20983558893203735,-0.0829208493232727,0.9967150688171387,0.9988064765930176
side_person17.mp4,side,258,8600,30.0,848,478,11,left_shoulder,0.4982253611087799,0.2522016763687134,-0.26493701338768005,0.9984109997749329,0.9979852437973022
side_person17.mp4,side,258,8600,30.0,848,478,12,right_shoulder,0.5003472566604614,0.2639799118041992,0.09490172564983368,0.995614230632782,0.9980902075767517
side_person17.mp4,side,258,8600,30.0,848,478,13,left_elbow,0.41290995478630066,0.29149407148361206,-0.3501051366329193,0.9830756187438965,0.998950183391571
side_person17.mp4,side,258,8600,30.0,848,478,14,right_elbow,0.4284186065196991,0.31107428669929504,0.12474138289690018,0.27761679887771606,0.9992626309394836
side_person17.mp4,side,258,8600,30.0,848,478,15,left_wrist,0.3385077714920044,0.2855391204357147,-0.3423919975757599,0.9781287312507629,0.9966896772384644
side_person17.mp4,side,258,8600,30.0,848,478,16,right_wrist,0.35630741715431213,0.31648194789886475,0.030352722853422165,0.36845168471336365,0.9976390600204468
side_person17.mp4,side,258,8600,30.0,848,478,17,left_pinky,0.31934213638305664,0.28223496675491333,-0.39319726824760437,0.9687488079071045,0.9959160685539246
side_person17.mp4,side,258,8600,30.0,848,478,18,right_pinky,0.3441404402256012,0.31277257204055786,0.026759805157780647,0.38534629344940186,0.9972712397575378
side_person17.mp4,side,258,8600,30.0,848,478,19,left_index,0.3176659047603607,0.27513763308525085,-0.36544039845466614,0.9653655886650085,0.9959957599639893
side_person17.mp4,side,258,8600,30.0,848,478,20,right_index,0.34092655777931213,0.3108835518360138,-0.014145700260996819,0.3968324363231659,0.996698796749115
side_person17.mp4,side,258,8600,30.0,848,478,21,left_thumb,0.32690274715423584,0.2812371551990509,-0.33382731676101685,0.9460142850875854,0.9961575865745544
side_person17.mp4,side,258,8600,30.0,848,478,22,right_thumb,0.3429275453090668,0.312362939119339,0.008835367858409882,0.42360109090805054,0.9968260526657104
side_person17.mp4,side,258,8600,30.0,848,478,23,left_hip,0.5564435720443726,0.5105167031288147,-0.11102613061666489,0.9984971284866333,0.9985966086387634
side_person17.mp4,side,258,8600,30.0,848,478,24,right_hip,0.5418207049369812,0.5077163577079773,0.11109383404254913,0.9973684549331665,0.9979718327522278
side_person17.mp4,side,258,8600,30.0,848,478,25,left_knee,0.5142985582351685,0.705424427986145,-0.07849930226802826,0.9341557621955872,0.9986918568611145
side_person17.mp4,side,258,8600,30.0,848,478,26,right_knee,0.49312013387680054,0.6875324845314026,0.12708589434623718,0.4051078259944916,0.997394323348999
side_person17.mp4,side,258,8600,30.0,848,478,27,left_ankle,0.5032615065574646,0.9010353088378906,0.006772757042199373,0.9332733154296875,0.9939849972724915
side_person17.mp4,side,258,8600,30.0,848,478,28,right_ankle,0.4998560845851898,0.8694721460342407,0.2400294989347458,0.4642592668533325,0.997831404209137
side_person17.mp4,side,258,8600,30.0,848,478,29,left_heel,0.5121526122093201,0.9306985139846802,0.010594268329441547,0.9151377081871033,0.9901152849197388
side_person17.mp4,side,258,8600,30.0,848,478,30,right_heel,0.5086140036582947,0.9086136221885681,0.24924002587795258,0.6073152422904968,0.9966576099395752
side_person17.mp4,side,258,8600,30.0,848,478,31,left_foot_index,0.4598482549190521,0.9272925853729248,-0.06976576894521713,0.8970313668251038,0.990588903427124
side_person17.mp4,side,258,8600,30.0,848,478,32,right_foot_index,0.4616875946521759,0.9011416435241699,0.1957184076309204,0.564958393573761,0.9972165822982788
side_person17.mp4,side,259,8633,30.0,848,478,0,nose,0.4619850516319275,0.17823776602745056,-0.11682470142841339,0.9987930655479431,0.999068558216095
side_person17.mp4,side,259,8633,30.0,848,478,1,left_eye_inner,0.4640280306339264,0.15921945869922638,-0.13976699113845825,0.9987026453018188,0.9989331364631653
side_person17.mp4,side,259,8633,30.0,848,478,2,left_eye,0.4653542935848236,0.15797992050647736,-0.13980598747730255,0.9987247586250305,0.9989351630210876
side_person17.mp4,side,259,8633,30.0,848,478,3,left_eye_outer,0.4669444262981415,0.15679453313350677,-0.13981644809246063,0.999039888381958,0.9988897442817688
side_person17.mp4,side,259,8633,30.0,848,478,4,right_eye_inner,0.4637977182865143,0.15954773128032684,-0.10374253988265991,0.9984776973724365,0.9990091323852539
side_person17.mp4,side,259,8633,30.0,848,478,5,right_eye,0.4648895561695099,0.15842658281326294,-0.10372120141983032,0.9984285831451416,0.9990326166152954
side_person17.mp4,side,259,8633,30.0,848,478,6,right_eye_outer,0.46627068519592285,0.1571776270866394,-0.10376192629337311,0.9988839626312256,0.999038577079773
side_person17.mp4,side,259,8633,30.0,848,478,7,left_ear,0.48320308327674866,0.1569301187992096,-0.1859685182571411,0.9977298974990845,0.9988652467727661
side_person17.mp4,side,259,8633,30.0,848,478,8,right_ear,0.48259902000427246,0.15649409592151642,-0.025496413931250572,0.9984625577926636,0.9990371465682983
side_person17.mp4,side,259,8633,30.0,848,478,9,mouth_left,0.4688788056373596,0.19334407150745392,-0.1300545334815979,0.9978776574134827,0.9992809891700745
side_person17.mp4,side,259,8633,30.0,848,478,10,mouth_right,0.4683552384376526,0.19416768848896027,-0.0830758735537529,0.9967962503433228,0.9993029832839966
side_person17.mp4,side,259,8633,30.0,848,478,11,left_shoulder,0.5011558532714844,0.23784931004047394,-0.26581093668937683,0.9985309839248657,0.9989301562309265
side_person17.mp4,side,259,8633,30.0,848,478,12,right_shoulder,0.5025030970573425,0.2535044550895691,0.0967058390378952,0.9958971738815308,0.9988871216773987
side_person17.mp4,side,259,8633,30.0,848,478,13,left_elbow,0.41632768511772156,0.27727210521698,-0.3423713147640228,0.9837552309036255,0.9993069171905518
side_person17.mp4,side,259,8633,30.0,848,478,14,right_elbow,0.4328885078430176,0.3006536364555359,0.1278330683708191,0.2906979024410248,0.999508261680603
side_person17.mp4,side,259,8633,30.0,848,478,15,left_wrist,0.3430066406726837,0.27212488651275635,-0.32512611150741577,0.977851390838623,0.9983106851577759
side_person17.mp4,side,259,8633,30.0,848,478,16,right_wrist,0.3611854314804077,0.30597689747810364,0.034850429743528366,0.38122180104255676,0.998784601688385
side_person17.mp4,side,259,8633,30.0,848,478,17,left_pinky,0.32396408915519714,0.2715051472187042,-0.3742190897464752,0.968015193939209,0.9979817867279053
side_person17.mp4,side,259,8633,30.0,848,478,18,right_pinky,0.3487878441810608,0.30690687894821167,0.03116227500140667,0.39644432067871094,0.998570442199707
side_person17.mp4,side,259,8633,30.0,848,478,19,left_index,0.32485491037368774,0.26852571964263916,-0.3487778902053833,0.9644644260406494,0.9979733824729919
side_person17.mp4,side,259,8633,30.0,848,478,20,right_index,0.3462092876434326,0.3045211732387543,-0.009258965961635113,0.40871337056159973,0.9983307719230652
side_person17.mp4,side,259,8633,30.0,848,478,21,left_thumb,0.3313356935977936,0.27172502875328064,-0.3168545365333557,0.9445356130599976,0.9980870485305786
side_person17.mp4,side,259,8633,30.0,848,478,22,right_thumb,0.3490082025527954,0.3037939965724945,0.013627871870994568,0.4352549612522125,0.998401939868927
side_person17.mp4,side,259,8633,30.0,848,478,23,left_hip,0.5529376864433289,0.5040950179100037,-0.11089794337749481,0.998471200466156,0.9985631108283997
side_person17.mp4,side,259,8633,30.0,848,478,24,right_hip,0.5385594367980957,0.5012816786766052,0.11094024777412415,0.9971526861190796,0.9977115392684937
side_person17.mp4,side,259,8633,30.0,848,478,25,left_knee,0.5154888033866882,0.7043998837471008,-0.06541936844587326,0.9330701231956482,0.9991222023963928
side_person17.mp4,side,259,8633,30.0,848,478,26,right_knee,0.4959881603717804,0.6841323971748352,0.15666165947914124,0.4003123342990875,0.9979693293571472
side_person17.mp4,side,259,8633,30.0,848,478,27,left_ankle,0.50350421667099,0.9005974531173706,0.012881550937891006,0.9360649585723877,0.996091902256012
side_person17.mp4,side,259,8633,30.0,848,478,28,right_ankle,0.49985015392303467,0.8670667409896851,0.2704389691352844,0.47131916880607605,0.9980048537254333
side_person17.mp4,side,259,8633,30.0,848,478,29,left_heel,0.5121824741363525,0.9304414391517639,0.01393742673099041,0.9175923466682434,0.9931580424308777
side_person17.mp4,side,259,8633,30.0,848,478,30,right_heel,0.5078583359718323,0.8971909880638123,0.27981796860694885,0.6145987510681152,0.9968969821929932
side_person17.mp4,side,259,8633,30.0,848,478,31,left_foot_index,0.4591144919395447,0.9276161193847656,-0.05770936980843544,0.9006128907203674,0.9938938021659851
side_person17.mp4,side,259,8633,30.0,848,478,32,right_foot_index,0.46119970083236694,0.8944985270500183,0.21869775652885437,0.5778764486312866,0.9979497790336609
side_person17.mp4,side,260,8667,30.0,848,478,0,nose,0.4644937813282013,0.16645000874996185,-0.08061261475086212,0.9987964034080505,0.9994568228721619
side_person17.mp4,side,260,8667,30.0,848,478,1,left_eye_inner,0.4668041169643402,0.1473284661769867,-0.10303326696157455,0.9987078905105591,0.9993044137954712
side_person17.mp4,side,260,8667,30.0,848,478,2,left_eye,0.4681181013584137,0.14597223699092865,-0.10306920856237411,0.9987229108810425,0.9992712140083313
side_person17.mp4,side,260,8667,30.0,848,478,3,left_eye_outer,0.469602108001709,0.14463259279727936,-0.10305097699165344,0.9990332126617432,0.9991899132728577
side_person17.mp4,side,260,8667,30.0,848,478,4,right_eye_inner,0.4665500223636627,0.14764858782291412,-0.06696983426809311,0.9984924793243408,0.9994022846221924
side_person17.mp4,side,260,8667,30.0,848,478,5,right_eye,0.46763908863067627,0.14650826156139374,-0.06693094223737717,0.9984371066093445,0.9994152784347534
side_person17.mp4,side,260,8667,30.0,848,478,6,right_eye_outer,0.46895402669906616,0.1452021449804306,-0.0669584795832634,0.9988986253738403,0.9994139671325684
side_person17.mp4,side,260,8667,30.0,848,478,7,left_ear,0.48518598079681396,0.14510101079940796,-0.15005016326904297,0.9977848529815674,0.9991093277931213
side_person17.mp4,side,260,8667,30.0,848,478,8,right_ear,0.4846491813659668,0.1450677514076233,0.010605364106595516,0.9984599947929382,0.999366819858551
side_person17.mp4,side,260,8667,30.0,848,478,9,mouth_left,0.47134342789649963,0.18175724148750305,-0.09419336169958115,0.9979564547538757,0.9994781613349915
side_person17.mp4,side,260,8667,30.0,848,478,10,mouth_right,0.47076699137687683,0.18282832205295563,-0.04718539118766785,0.9969130158424377,0.9995405673980713
side_person17.mp4,side,260,8667,30.0,848,478,11,left_shoulder,0.5028330683708191,0.22502334415912628,-0.23645718395709991,0.9986419081687927,0.9988380074501038
side_person17.mp4,side,260,8667,30.0,848,478,12,right_shoulder,0.5033656358718872,0.24540580809116364,0.13244380056858063,0.9961634874343872,0.9990121126174927
side_person17.mp4,side,260,8667,30.0,848,478,13,left_elbow,0.41620999574661255,0.2655700743198395,-0.31522977352142334,0.984504759311676,0.999270498752594
side_person17.mp4,side,260,8667,30.0,848,478,14,right_elbow,0.4337621331214905,0.2924448549747467,0.1726788431406021,0.30591318011283875,0.999565064907074
side_person17.mp4,side,260,8667,30.0,848,478,15,left_wrist,0.34161972999572754,0.25927481055259705,-0.30499008297920227,0.9776225686073303,0.9982984662055969
side_person17.mp4,side,260,8667,30.0,848,478,16,right_wrist,0.362439900636673,0.296772301197052,0.07762180268764496,0.3961043655872345,0.9990297555923462
side_person17.mp4,side,260,8667,30.0,848,478,17,left_pinky,0.32294657826423645,0.2558390498161316,-0.35520949959754944,0.9671720266342163,0.9980565905570984
side_person17.mp4,side,260,8667,30.0,848,478,18,right_pinky,0.35027411580085754,0.2952949106693268,0.07674964517354965,0.4082372784614563,0.998853325843811
side_person17.mp4,side,260,8667,30.0,848,478,19,left_index,0.3243303596973419,0.25126129388809204,-0.32296648621559143,0.9634109139442444,0.9980223178863525
side_person17.mp4,side,260,8667,30.0,848,478,20,right_index,0.3482641875743866,0.2931425869464874,0.034797560423612595,0.4216121435165405,0.998663067817688
side_person17.mp4,side,260,8667,30.0,848,478,21,left_thumb,0.3306114673614502,0.2569517493247986,-0.29398462176322937,0.9429044127464294,0.9981058835983276
side_person17.mp4,side,260,8667,30.0,848,478,22,right_thumb,0.35082125663757324,0.29326000809669495,0.05612713843584061,0.4477604925632477,0.9987272620201111
side_person17.mp4,side,260,8667,30.0,848,478,23,left_hip,0.5482037663459778,0.49401041865348816,-0.11116846650838852,0.9984151721000671,0.9978281855583191
side_person17.mp4,side,260,8667,30.0,848,478,24,right_hip,0.5353981256484985,0.49286386370658875,0.11117905378341675,0.9969024658203125,0.9969351291656494
side_person17.mp4,side,260,8667,30.0,848,478,25,left_knee,0.5151435136795044,0.698122501373291,-0.06909482181072235,0.9307574033737183,0.998837411403656
side_person17.mp4,side,260,8667,30.0,848,478,26,right_knee,0.49834567308425903,0.6805387139320374,0.15577080845832825,0.38873419165611267,0.9979257583618164
side_person17.mp4,side,260,8667,30.0,848,478,27,left_ankle,0.5040257573127747,0.8979985117912292,0.0008108594338409603,0.9374359846115112,0.9945175051689148
side_person17.mp4,side,260,8667,30.0,848,478,28,right_ankle,0.5000706911087036,0.8636336326599121,0.2655780613422394,0.4729814827442169,0.9971285462379456
side_person17.mp4,side,260,8667,30.0,848,478,29,left_heel,0.5129067301750183,0.9303582310676575,0.002373118419200182,0.918952226638794,0.9899026155471802
side_person17.mp4,side,260,8667,30.0,848,478,30,right_heel,0.5078044533729553,0.8927866220474243,0.26574456691741943,0.6193121671676636,0.9950373768806458
side_person17.mp4,side,260,8667,30.0,848,478,31,left_foot_index,0.4594760835170746,0.9273598194122314,-0.0820709615945816,0.902969479560852,0.9921361207962036
side_person17.mp4,side,260,8667,30.0,848,478,32,right_foot_index,0.4616636633872986,0.8903008699417114,0.19069747626781464,0.5869749784469604,0.996831476688385
side_person17.mp4,side,261,8700,30.0,848,478,0,nose,0.4672231376171112,0.1583888977766037,-0.06327812373638153,0.9988086819648743,0.9996127486228943
side_person17.mp4,side,261,8700,30.0,848,478,1,left_eye_inner,0.469509482383728,0.13773484528064728,-0.08585600554943085,0.9987319111824036,0.9995187520980835
side_person17.mp4,side,261,8700,30.0,848,478,2,left_eye,0.4708651006221771,0.13671261072158813,-0.08589717000722885,0.99874347448349,0.9995054006576538
side_person17.mp4,side,261,8700,30.0,848,478,3,left_eye_outer,0.4724562168121338,0.13564449548721313,-0.08589038252830505,0.9990445375442505,0.9994587302207947
side_person17.mp4,side,261,8700,30.0,848,478,4,right_eye_inner,0.4689505100250244,0.13802677392959595,-0.04936125874519348,0.9985218048095703,0.9995576739311218
side_person17.mp4,side,261,8700,30.0,848,478,5,right_eye,0.46988019347190857,0.13711801171302795,-0.049304354935884476,0.9984571933746338,0.9995549321174622
side_person17.mp4,side,261,8700,30.0,848,478,6,right_eye_outer,0.47109583020210266,0.13613873720169067,-0.049321889877319336,0.998917818069458,0.9995375871658325
side_person17.mp4,side,261,8700,30.0,848,478,7,left_ear,0.4876843988895416,0.13589918613433838,-0.1359524130821228,0.9978784918785095,0.99943608045578
side_person17.mp4,side,261,8700,30.0,848,478,8,right_ear,0.4867338538169861,0.13576669991016388,0.02689775824546814,0.9984779357910156,0.9994900226593018
side_person17.mp4,side,261,8700,30.0,848,478,9,mouth_left,0.4739777147769928,0.17414608597755432,-0.07793780416250229,0.9980552792549133,0.9996675252914429
side_person17.mp4,side,261,8700,30.0,848,478,10,mouth_right,0.47309109568595886,0.17521145939826965,-0.03032016009092331,0.997057318687439,0.9996843338012695
side_person17.mp4,side,261,8700,30.0,848,478,11,left_shoulder,0.5056324005126953,0.2160312980413437,-0.2280864715576172,0.9987576603889465,0.9993470311164856
side_person17.mp4,side,261,8700,30.0,848,478,12,right_shoulder,0.5050398111343384,0.23781873285770416,0.15077437460422516,0.9964250922203064,0.9992190599441528
side_person17.mp4,side,261,8700,30.0,848,478,13,left_elbow,0.4174736738204956,0.25465676188468933,-0.30612897872924805,0.9853786826133728,0.9994679093360901
side_person17.mp4,side,261,8700,30.0,848,478,14,right_elbow,0.4352453052997589,0.2861407995223999,0.19465254247188568,0.3163885176181793,0.9996122717857361
side_person17.mp4,side,261,8700,30.0,848,478,15,left_wrist,0.34442296624183655,0.257241815328598,-0.2944367527961731,0.9778857231140137,0.9989044666290283
side_person17.mp4,side,261,8700,30.0,848,478,16,right_wrist,0.36339935660362244,0.2883342206478119,0.09889788180589676,0.4084610641002655,0.9992865920066833
side_person17.mp4,side,261,8700,30.0,848,478,17,left_pinky,0.3224870264530182,0.24453967809677124,-0.3459606170654297,0.9671459794044495,0.9987831711769104
side_person17.mp4,side,261,8700,30.0,848,478,18,right_pinky,0.35081416368484497,0.2865070402622223,0.09851784259080887,0.4183509647846222,0.9991891980171204
side_person17.mp4,side,261,8700,30.0,848,478,19,left_index,0.32418930530548096,0.24088892340660095,-0.3112686574459076,0.9633208513259888,0.9987527132034302
side_person17.mp4,side,261,8700,30.0,848,478,20,right_index,0.3489077091217041,0.28507477045059204,0.0565609335899353,0.43258407711982727,0.999067485332489
side_person17.mp4,side,261,8700,30.0,848,478,21,left_thumb,0.330423504114151,0.24694675207138062,-0.28239357471466064,0.9425621032714844,0.9987913966178894
side_person17.mp4,side,261,8700,30.0,848,478,22,right_thumb,0.3515250086784363,0.28511399030685425,0.07730643451213837,0.4584040641784668,0.9991106390953064
side_person17.mp4,side,261,8700,30.0,848,478,23,left_hip,0.542814314365387,0.4897976815700531,-0.11375012248754501,0.9984062314033508,0.997991681098938
side_person17.mp4,side,261,8700,30.0,848,478,24,right_hip,0.533059298992157,0.488249808549881,0.11372716724872589,0.9966989159584045,0.9968859553337097
side_person17.mp4,side,261,8700,30.0,848,478,25,left_knee,0.5140941143035889,0.6967238783836365,-0.06510259956121445,0.9294865727424622,0.9991348385810852
side_person17.mp4,side,261,8700,30.0,848,478,26,right_knee,0.5020264983177185,0.6780781745910645,0.1759813278913498,0.373483270406723,0.9983665347099304
side_person17.mp4,side,261,8700,30.0,848,478,27,left_ankle,0.5048458576202393,0.893115222454071,0.0020669852383434772,0.9387215971946716,0.9943959712982178
side_person17.mp4,side,261,8700,30.0,848,478,28,right_ankle,0.5030680894851685,0.8562430739402771,0.27298834919929504,0.46828365325927734,0.9971886277198792
side_person17.mp4,side,261,8700,30.0,848,478,29,left_heel,0.5143004655838013,0.9291185736656189,0.008902672678232193,0.9211433529853821,0.9890775680541992
side_person17.mp4,side,261,8700,30.0,848,478,30,right_heel,0.5099495649337769,0.8864338397979736,0.2792353630065918,0.62111496925354,0.9948204755783081
side_person17.mp4,side,261,8700,30.0,848,478,31,left_foot_index,0.4594988226890564,0.9252035021781921,-0.0660228356719017,0.9047123193740845,0.9917340278625488
side_person17.mp4,side,261,8700,30.0,848,478,32,right_foot_index,0.46167299151420593,0.879880964756012,0.2092568725347519,0.5912937521934509,0.9970651268959045
side_person17.mp4,side,262,8733,30.0,848,478,0,nose,0.47054293751716614,0.15466468036174774,-0.05613256245851517,0.9987351298332214,0.9991725087165833
side_person17.mp4,side,262,8733,30.0,848,478,1,left_eye_inner,0.47321799397468567,0.1334867626428604,-0.07893700897693634,0.9986591339111328,0.9989081621170044
side_person17.mp4,side,262,8733,30.0,848,478,2,left_eye,0.47474876046180725,0.1323242038488388,-0.07898516952991486,0.9986681938171387,0.9988545179367065
side_person17.mp4,side,262,8733,30.0,848,478,3,left_eye_outer,0.47632771730422974,0.1312410533428192,-0.07898151874542236,0.9989725947380066,0.9987496137619019
side_person17.mp4,side,262,8733,30.0,848,478,4,right_eye_inner,0.472387433052063,0.13385699689388275,-0.043048687279224396,0.9984309673309326,0.9990420937538147
side_person17.mp4,side,262,8733,30.0,848,478,5,right_eye,0.47324681282043457,0.1329980045557022,-0.043010395020246506,0.9983556866645813,0.9990527033805847
side_person17.mp4,side,262,8733,30.0,848,478,6,right_eye_outer,0.4743344187736511,0.13204073905944824,-0.04304008185863495,0.998855710029602,0.9990224838256836
side_person17.mp4,side,262,8733,30.0,848,478,7,left_ear,0.49084508419036865,0.13218605518341064,-0.13029497861862183,0.9978405237197876,0.9987863898277283
side_person17.mp4,side,262,8733,30.0,848,478,8,right_ear,0.48917996883392334,0.13240233063697815,0.029999570921063423,0.9983597993850708,0.9989725351333618
side_person17.mp4,side,262,8733,30.0,848,478,9,mouth_left,0.4770520329475403,0.1699034571647644,-0.07095050066709518,0.9980409741401672,0.9994301199913025
side_person17.mp4,side,262,8733,30.0,848,478,10,mouth_right,0.4759678840637207,0.17094609141349792,-0.024140380322933197,0.9970460534095764,0.9994707703590393
side_person17.mp4,side,262,8733,30.0,848,478,11,left_shoulder,0.5084473490715027,0.21020741760730743,-0.22655540704727173,0.9988600611686707,0.9992570281028748
side_person17.mp4,side,262,8733,30.0,848,478,12,right_shoulder,0.5065346360206604,0.23309475183486938,0.15541596710681915,0.9966280460357666,0.9989790916442871
side_person17.mp4,side,262,8733,30.0,848,478,13,left_elbow,0.4187401235103607,0.24849452078342438,-0.29794958233833313,0.9859629273414612,0.9993460774421692
side_person17.mp4,side,262,8733,30.0,848,478,14,right_elbow,0.43461909890174866,0.2782726585865021,0.1942492574453354,0.31927332282066345,0.9995793700218201
side_person17.mp4,side,262,8733,30.0,848,478,15,left_wrist,0.34588906168937683,0.24883680045604706,-0.28395184874534607,0.9777636528015137,0.9983024597167969
side_person17.mp4,side,262,8733,30.0,848,478,16,right_wrist,0.36297982931137085,0.282854288816452,0.10133382678031921,0.4134771525859833,0.9989637136459351
side_person17.mp4,side,262,8733,30.0,848,478,17,left_pinky,0.32480841875076294,0.2396964430809021,-0.33288806676864624,0.9668029546737671,0.9980827569961548
side_person17.mp4,side,262,8733,30.0,848,478,18,right_pinky,0.35047897696495056,0.2788129150867462,0.10139034688472748,0.42230716347694397,0.9987704157829285
side_person17.mp4,side,262,8733,30.0,848,478,19,left_index,0.3248448967933655,0.2357194721698761,-0.30149614810943604,0.9628971219062805,0.9979958534240723
side_person17.mp4,side,262,8733,30.0,848,478,20,right_index,0.3481696546077728,0.2763069272041321,0.06020745635032654,0.43718212842941284,0.9985564351081848
side_person17.mp4,side,262,8733,30.0,848,478,21,left_thumb,0.3311218023300171,0.2415189892053604,-0.272474080324173,0.941722571849823,0.998033344745636
side_person17.mp4,side,262,8733,30.0,848,478,22,right_thumb,0.35086819529533386,0.27850908041000366,0.08012927323579788,0.46286123991012573,0.9986259937286377
side_person17.mp4,side,262,8733,30.0,848,478,23,left_hip,0.5386776924133301,0.4906625747680664,-0.11631500720977783,0.9983572363853455,0.998075008392334
side_person17.mp4,side,262,8733,30.0,848,478,24,right_hip,0.5314377546310425,0.48877570033073425,0.1162547692656517,0.9964110851287842,0.9969208240509033
side_person17.mp4,side,262,8733,30.0,848,478,25,left_knee,0.5127778649330139,0.6973143815994263,-0.053963907063007355,0.9261255264282227,0.9991434812545776
side_person17.mp4,side,262,8733,30.0,848,478,26,right_knee,0.504887580871582,0.6784013509750366,0.19629234075546265,0.35285279154777527,0.9983007311820984
side_person17.mp4,side,262,8733,30.0,848,478,27,left_ankle,0.5061959624290466,0.8923748731613159,0.029393771663308144,0.9383314251899719,0.9943999648094177
side_person17.mp4,side,262,8733,30.0,848,478,28,right_ankle,0.5040930509567261,0.851879894733429,0.3118358254432678,0.4570824205875397,0.9975031018257141
side_person17.mp4,side,262,8733,30.0,848,478,29,left_heel,0.5164293646812439,0.9274827241897583,0.033850520849227905,0.9216453433036804,0.9890617728233337
side_person17.mp4,side,262,8733,30.0,848,478,30,right_heel,0.5133693814277649,0.8882876634597778,0.321798175573349,0.617655873298645,0.9954915642738342
side_person17.mp4,side,262,8733,30.0,848,478,31,left_foot_index,0.45943108201026917,0.9253839254379272,-0.06277259439229965,0.9052906036376953,0.9924768805503845
side_person17.mp4,side,262,8733,30.0,848,478,32,right_foot_index,0.46183860301971436,0.8695179224014282,0.26231998205184937,0.5918798446655273,0.9976904392242432
side_person17.mp4,side,263,8767,30.0,848,478,0,nose,0.47231948375701904,0.14739803969860077,-0.049635760486125946,0.9987561106681824,0.9995433688163757
side_person17.mp4,side,263,8767,30.0,848,478,1,left_eye_inner,0.47578632831573486,0.12733234465122223,-0.07255595922470093,0.9986833333969116,0.9993410706520081
side_person17.mp4,side,263,8767,30.0,848,478,2,left_eye,0.4773508906364441,0.12646177411079407,-0.07259207963943481,0.998683512210846,0.999289870262146
side_person17.mp4,side,263,8767,30.0,848,478,3,left_eye_outer,0.47899171710014343,0.12560540437698364,-0.07257789373397827,0.9989821314811707,0.9991982579231262
side_person17.mp4,side,263,8767,30.0,848,478,4,right_eye_inner,0.47490015625953674,0.1275348961353302,-0.03654070571064949,0.9984592795372009,0.9994485974311829
side_person17.mp4,side,263,8767,30.0,848,478,5,right_eye,0.47577759623527527,0.12680546939373016,-0.036508891731500626,0.9983722567558289,0.9994578957557678
side_person17.mp4,side,263,8767,30.0,848,478,6,right_eye_outer,0.4768776297569275,0.12600617110729218,-0.03654355928301811,0.9988765716552734,0.9994458556175232
side_person17.mp4,side,263,8767,30.0,848,478,7,left_ear,0.49347010254859924,0.1287003606557846,-0.12505291402339935,0.9978870749473572,0.9991401433944702
side_person17.mp4,side,263,8767,30.0,848,478,8,right_ear,0.4915858209133148,0.12854592502117157,0.035653527826070786,0.9983516931533813,0.9993951320648193
side_person17.mp4,side,263,8767,30.0,848,478,9,mouth_left,0.47865623235702515,0.16379216313362122,-0.06501912325620651,0.9980958104133606,0.9995967745780945
side_person17.mp4,side,263,8767,30.0,848,478,10,mouth_right,0.47755277156829834,0.16483819484710693,-0.018097158521413803,0.9971405267715454,0.9996428489685059
side_person17.mp4,side,263,8767,30.0,848,478,11,left_shoulder,0.5102989077568054,0.20651723444461823,-0.22139494121074677,0.9989492893218994,0.9992758631706238
side_person17.mp4,side,263,8767,30.0,848,478,12,right_shoulder,0.5102688074111938,0.2276068925857544,0.15702491998672485,0.9968454837799072,0.9992509484291077
side_person17.mp4,side,263,8767,30.0,848,478,13,left_elbow,0.4202035963535309,0.24121512472629547,-0.2876308560371399,0.9865099191665649,0.9994027614593506
side_person17.mp4,side,263,8767,30.0,848,478,14,right_elbow,0.4376293420791626,0.2751929759979248,0.19286751747131348,0.3281490206718445,0.9996830224990845
side_person17.mp4,side,263,8767,30.0,848,478,15,left_wrist,0.34893637895584106,0.24155299365520477,-0.26509228348731995,0.9777165651321411,0.998833954334259
side_person17.mp4,side,263,8767,30.0,848,478,16,right_wrist,0.36408573389053345,0.2756984233856201,0.10134489089250565,0.4260209798812866,0.9993701577186584
side_person17.mp4,side,263,8767,30.0,848,478,17,left_pinky,0.32708248496055603,0.23434114456176758,-0.31036806106567383,0.9664929509162903,0.9987169504165649
side_person17.mp4,side,263,8767,30.0,848,478,18,right_pinky,0.3521187901496887,0.2732315957546234,0.10074233263731003,0.4321587383747101,0.9992454051971436
side_person17.mp4,side,263,8767,30.0,848,478,19,left_index,0.32620903849601746,0.23165258765220642,-0.2833084762096405,0.9625832438468933,0.9986245632171631
side_person17.mp4,side,263,8767,30.0,848,478,20,right_index,0.34992629289627075,0.2711637616157532,0.0611153282225132,0.44763126969337463,0.9991276860237122
side_person17.mp4,side,263,8767,30.0,848,478,21,left_thumb,0.3330582082271576,0.23557835817337036,-0.2550109028816223,0.941302478313446,0.9986684322357178
side_person17.mp4,side,263,8767,30.0,848,478,22,right_thumb,0.3525718152523041,0.27221670746803284,0.08071904629468918,0.47280290722846985,0.9991717338562012
side_person17.mp4,side,263,8767,30.0,848,478,23,left_hip,0.5363699793815613,0.4866383969783783,-0.11674069613218307,0.9983406066894531,0.9983991980552673
side_person17.mp4,side,263,8767,30.0,848,478,24,right_hip,0.5306888222694397,0.4864240288734436,0.1166708692908287,0.9963233470916748,0.9978947043418884
side_person17.mp4,side,263,8767,30.0,848,478,25,left_knee,0.5119370818138123,0.6922696232795715,-0.05841970071196556,0.923638105392456,0.9994288086891174
side_person17.mp4,side,263,8767,30.0,848,478,26,right_knee,0.5074102878570557,0.6768200397491455,0.19656750559806824,0.33607885241508484,0.999081015586853
side_person17.mp4,side,263,8767,30.0,848,478,27,left_ankle,0.5087586045265198,0.8912495374679565,0.025640657171607018,0.938908040523529,0.997329831123352
side_person17.mp4,side,263,8767,30.0,848,478,28,right_ankle,0.5066458582878113,0.8517737984657288,0.31251218914985657,0.451743483543396,0.9987572431564331
side_person17.mp4,side,263,8767,30.0,848,478,29,left_heel,0.5209323167800903,0.9274433851242065,0.028410490602254868,0.9235547780990601,0.9947659969329834
side_person17.mp4,side,263,8767,30.0,848,478,30,right_heel,0.5154017806053162,0.8852279782295227,0.3225570321083069,0.618213415145874,0.9976863861083984
side_person17.mp4,side,263,8767,30.0,848,478,31,left_foot_index,0.46200644969940186,0.926833987236023,-0.05935679376125336,0.9075893759727478,0.9960171580314636
side_person17.mp4,side,263,8767,30.0,848,478,32,right_foot_index,0.4647129774093628,0.8717667460441589,0.26625004410743713,0.5965341925621033,0.9987296462059021
side_person17.mp4,side,264,8800,30.0,848,478,0,nose,0.4743298292160034,0.14417582750320435,-0.047625940293073654,0.9988069534301758,0.9996446371078491
side_person17.mp4,side,264,8800,30.0,848,478,1,left_eye_inner,0.4787682890892029,0.12411132454872131,-0.07056159526109695,0.9987432360649109,0.999496340751648
side_person17.mp4,side,264,8800,30.0,848,478,2,left_eye,0.4802590608596802,0.12337581068277359,-0.07059501856565475,0.9987370371818542,0.9994626641273499
side_person17.mp4,side,264,8800,30.0,848,478,3,left_eye_outer,0.4818643033504486,0.12278726696968079,-0.0705786943435669,0.9990245699882507,0.9993888139724731
side_person17.mp4,side,264,8800,30.0,848,478,4,right_eye_inner,0.4780449867248535,0.12428408116102219,-0.034395426511764526,0.9985310435295105,0.999576985836029
side_person17.mp4,side,264,8800,30.0,848,478,5,right_eye,0.4790104925632477,0.12359824031591415,-0.03436892107129097,0.9984374046325684,0.9995880722999573
side_person17.mp4,side,264,8800,30.0,848,478,6,right_eye_outer,0.4802118241786957,0.12288506329059601,-0.034396763890981674,0.9989298582077026,0.9995792508125305
side_person17.mp4,side,264,8800,30.0,848,478,7,left_ear,0.496579110622406,0.1273515224456787,-0.12287946045398712,0.9979797005653381,0.9993289709091187
side_person17.mp4,side,264,8800,30.0,848,478,8,right_ear,0.495032399892807,0.12682324647903442,0.03834165632724762,0.9983973503112793,0.9995396137237549
side_person17.mp4,side,264,8800,30.0,848,478,9,mouth_left,0.48036423325538635,0.16031016409397125,-0.06309095770120621,0.9981784820556641,0.9996138215065002
side_person17.mp4,side,264,8800,30.0,848,478,10,mouth_right,0.47941938042640686,0.16149650514125824,-0.016033288091421127,0.9972734451293945,0.9996750354766846
side_person17.mp4,side,264,8800,30.0,848,478,11,left_shoulder,0.5105570554733276,0.20906464755535126,-0.21902360022068024,0.9990253448486328,0.9991426467895508
side_person17.mp4,side,264,8800,30.0,848,478,12,right_shoulder,0.5122582912445068,0.23151305317878723,0.15899910032749176,0.9970445036888123,0.9992127418518066
side_person17.mp4,side,264,8800,30.0,848,478,13,left_elbow,0.4197772145271301,0.23585912585258484,-0.28399816155433655,0.9869925379753113,0.999320387840271
side_person17.mp4,side,264,8800,30.0,848,478,14,right_elbow,0.4383586645126343,0.27219176292419434,0.19334471225738525,0.33596664667129517,0.9996389150619507
side_person17.mp4,side,264,8800,30.0,848,478,15,left_wrist,0.347625732421875,0.23322473466396332,-0.2518957853317261,0.977002739906311,0.9986793398857117
side_person17.mp4,side,264,8800,30.0,848,478,16,right_wrist,0.3658723533153534,0.27073803544044495,0.10094622522592545,0.433478981256485,0.999347984790802
side_person17.mp4,side,264,8800,30.0,848,478,17,left_pinky,0.3265765905380249,0.22482441365718842,-0.2957437038421631,0.9650481343269348,0.9986549615859985
side_person17.mp4,side,264,8800,30.0,848,478,18,right_pinky,0.3534785807132721,0.2670322060585022,0.09993966668844223,0.43665871024131775,0.9992591738700867
side_person17.mp4,side,264,8800,30.0,848,478,19,left_index,0.32614850997924805,0.22348818182945251,-0.26912593841552734,0.9610667824745178,0.9985173344612122
side_person17.mp4,side,264,8800,30.0,848,478,20,right_index,0.35143622756004333,0.2660456895828247,0.06134771555662155,0.45267999172210693,0.9991324543952942
side_person17.mp4,side,264,8800,30.0,848,478,21,left_thumb,0.3325200080871582,0.23075398802757263,-0.2420441210269928,0.9392607808113098,0.9985470175743103
side_person17.mp4,side,264,8800,30.0,848,478,22,right_thumb,0.35360008478164673,0.26738405227661133,0.08073365688323975,0.47717365622520447,0.9991641044616699
side_person17.mp4,side,264,8800,30.0,848,478,23,left_hip,0.5342242121696472,0.484704852104187,-0.11713793873786926,0.9983572363853455,0.9986552000045776
side_person17.mp4,side,264,8800,30.0,848,478,24,right_hip,0.5304980278015137,0.4856610894203186,0.11705679446458817,0.9963192939758301,0.9982159733772278
side_person17.mp4,side,264,8800,30.0,848,478,25,left_knee,0.5114841461181641,0.6869015693664551,-0.061192408204078674,0.9212717413902283,0.999612033367157
side_person17.mp4,side,264,8800,30.0,848,478,26,right_knee,0.5106406211853027,0.6738163828849792,0.2063755840063095,0.3207481801509857,0.9993995428085327
side_person17.mp4,side,264,8800,30.0,848,478,27,left_ankle,0.5091060996055603,0.888426661491394,0.012502523139119148,0.9405104517936707,0.9985296726226807
side_person17.mp4,side,264,8800,30.0,848,478,28,right_ankle,0.5085257887840271,0.8491485118865967,0.32858091592788696,0.4510151147842407,0.9993365406990051
side_person17.mp4,side,264,8800,30.0,848,478,29,left_heel,0.5214941501617432,0.925851047039032,0.014778824523091316,0.9269067049026489,0.9970623850822449
side_person17.mp4,side,264,8800,30.0,848,478,30,right_heel,0.517304539680481,0.8815481066703796,0.3391827940940857,0.6222438216209412,0.9987836480140686
side_person17.mp4,side,264,8800,30.0,848,478,31,left_foot_index,0.4621059000492096,0.9264322519302368,-0.06995880603790283,0.9114011526107788,0.9977478384971619
side_person17.mp4,side,264,8800,30.0,848,478,32,right_foot_index,0.46604466438293457,0.8683921694755554,0.2849396765232086,0.6054962277412415,0.9993314743041992
side_person17.mp4,side,265,8833,30.0,848,478,0,nose,0.4752971827983856,0.14427313208580017,-0.04718295484781265,0.9987932443618774,0.9993398785591125
side_person17.mp4,side,265,8833,30.0,848,478,1,left_eye_inner,0.4797638952732086,0.12439902126789093,-0.07016796618700027,0.9987366199493408,0.9990847110748291
side_person17.mp4,side,265,8833,30.0,848,478,2,left_eye,0.4813009798526764,0.12369076162576675,-0.07020504772663116,0.9987230896949768,0.9990160465240479
side_person17.mp4,side,265,8833,30.0,848,478,3,left_eye_outer,0.4829765260219574,0.12313157320022583,-0.07019153982400894,0.99900883436203,0.9988883137702942
side_person17.mp4,side,265,8833,30.0,848,478,4,right_eye_inner,0.47884562611579895,0.12455736100673676,-0.0338553711771965,0.9985204935073853,0.9992330074310303
side_person17.mp4,side,265,8833,30.0,848,478,5,right_eye,0.47972020506858826,0.12387844175100327,-0.03383086621761322,0.9984146356582642,0.9992509484291077
side_person17.mp4,side,265,8833,30.0,848,478,6,right_eye_outer,0.48081037402153015,0.12319061160087585,-0.03386709839105606,0.9989252090454102,0.9992389678955078
side_person17.mp4,side,265,8833,30.0,848,478,7,left_ear,0.49822115898132324,0.12717464566230774,-0.12336166203022003,0.9979896545410156,0.9987877011299133
side_person17.mp4,side,265,8833,30.0,848,478,8,right_ear,0.4959923028945923,0.12671180069446564,0.03867017850279808,0.9983671307563782,0.9991816878318787
side_person17.mp4,side,265,8833,30.0,848,478,9,mouth_left,0.48149317502975464,0.16016076505184174,-0.0629241019487381,0.9981915354728699,0.9994187355041504
side_person17.mp4,side,265,8833,30.0,848,478,10,mouth_right,0.4803335666656494,0.161356121301651,-0.01563771814107895,0.9973058700561523,0.9995038509368896
side_person17.mp4,side,265,8833,30.0,848,478,11,left_shoulder,0.5138846635818481,0.20790159702301025,-0.2189011424779892,0.9990882277488708,0.998877227306366
side_person17.mp4,side,265,8833,30.0,848,478,12,right_shoulder,0.5114747285842896,0.22963114082813263,0.15841196477413177,0.9972068667411804,0.999057948589325
side_person17.mp4,side,265,8833,30.0,848,478,13,left_elbow,0.4215099811553955,0.23359398543834686,-0.2859066128730774,0.9873765707015991,0.9991610050201416
side_person17.mp4,side,265,8833,30.0,848,478,14,right_elbow,0.43840646743774414,0.2699330747127533,0.196073979139328,0.34096845984458923,0.9995867609977722
side_person17.mp4,side,265,8833,30.0,848,478,15,left_wrist,0.35000085830688477,0.23034793138504028,-0.25796401500701904,0.9765536785125732,0.9982682466506958
side_person17.mp4,side,265,8833,30.0,848,478,16,right_wrist,0.3667198121547699,0.2689968943595886,0.1034892350435257,0.4415334165096283,0.9991962313652039
side_person17.mp4,side,265,8833,30.0,848,478,17,left_pinky,0.3264123201370239,0.221664696931839,-0.3020833432674408,0.964225709438324,0.9982239603996277
side_person17.mp4,side,265,8833,30.0,848,478,18,right_pinky,0.3543108105659485,0.2666950523853302,0.10258793085813522,0.4432412087917328,0.9990812540054321
side_person17.mp4,side,265,8833,30.0,848,478,19,left_index,0.32703104615211487,0.22097845375537872,-0.2757652997970581,0.9602277874946594,0.9980353713035583
side_person17.mp4,side,265,8833,30.0,848,478,20,right_index,0.3519347906112671,0.264285147190094,0.06348064541816711,0.4599001407623291,0.9989209175109863
side_person17.mp4,side,265,8833,30.0,848,478,21,left_thumb,0.33283716440200806,0.2248019129037857,-0.24840375781059265,0.9381083846092224,0.9980573058128357
side_person17.mp4,side,265,8833,30.0,848,478,22,right_thumb,0.35424840450286865,0.26474183797836304,0.08299858123064041,0.4837858974933624,0.9989562034606934
side_person17.mp4,side,265,8833,30.0,848,478,23,left_hip,0.5328376293182373,0.48548391461372375,-0.11705021560192108,0.99831622838974,0.9975040555000305
side_person17.mp4,side,265,8833,30.0,848,478,24,right_hip,0.5274761915206909,0.48647886514663696,0.11696183681488037,0.9962100386619568,0.9968711733818054
side_person17.mp4,side,265,8833,30.0,848,478,25,left_knee,0.5107688903808594,0.6890183687210083,-0.062229935079813004,0.9175719022750854,0.9992152452468872
side_person17.mp4,side,265,8833,30.0,848,478,26,right_knee,0.510260283946991,0.6741635799407959,0.19202344119548798,0.3067065477371216,0.998847484588623
side_person17.mp4,side,265,8833,30.0,848,478,27,left_ankle,0.5088381171226501,0.8880048990249634,0.0126588623970747,0.9403983950614929,0.9965458512306213
side_person17.mp4,side,265,8833,30.0,848,478,28,right_ankle,0.5082033276557922,0.849277675151825,0.30583879351615906,0.4464840888977051,0.9985697269439697
side_person17.mp4,side,265,8833,30.0,848,478,29,left_heel,0.5211960673332214,0.9235446453094482,0.015657203271985054,0.9280927181243896,0.9933027029037476
side_person17.mp4,side,265,8833,30.0,848,478,30,right_heel,0.5170485377311707,0.8810088634490967,0.3158213794231415,0.6225880980491638,0.9972994923591614
side_person17.mp4,side,265,8833,30.0,848,478,31,left_foot_index,0.46207982301712036,0.9265638589859009,-0.06224675849080086,0.9125679731369019,0.995015561580658
side_person17.mp4,side,265,8833,30.0,848,478,32,right_foot_index,0.46611860394477844,0.8715174198150635,0.2645445466041565,0.6090608835220337,0.9984251260757446
side_person17.mp4,side,266,8867,30.0,848,478,0,nose,0.47662752866744995,0.14407692849636078,-0.03603484109044075,0.9988227486610413,0.9996159076690674
side_person17.mp4,side,266,8867,30.0,848,478,1,left_eye_inner,0.48110613226890564,0.12430015951395035,-0.05885157361626625,0.9987645149230957,0.9994065761566162
side_person17.mp4,side,266,8867,30.0,848,478,2,left_eye,0.4825364351272583,0.12352097034454346,-0.05888308212161064,0.9987435340881348,0.9993458390235901
side_person17.mp4,side,266,8867,30.0,848,478,3,left_eye_outer,0.4841064214706421,0.12281031161546707,-0.058854930102825165,0.9990264177322388,0.999243974685669
side_person17.mp4,side,266,8867,30.0,848,478,4,right_eye_inner,0.4804968237876892,0.12470605224370956,-0.023480242118239403,0.9985496401786804,0.9995286464691162
side_person17.mp4,side,266,8867,30.0,848,478,5,right_eye,0.4814903438091278,0.12412256747484207,-0.02348071150481701,0.9984362125396729,0.9995473027229309
side_person17.mp4,side,266,8867,30.0,848,478,6,right_eye_outer,0.48272639513015747,0.12348682433366776,-0.023523850366473198,0.9989497065544128,0.9995418787002563
side_person17.mp4,side,266,8867,30.0,848,478,7,left_ear,0.4987955689430237,0.1265886425971985,-0.11335086077451706,0.9980139136314392,0.9991451501846313
side_person17.mp4,side,266,8867,30.0,848,478,8,right_ear,0.49722811579704285,0.1269061267375946,0.04445838928222656,0.9983595609664917,0.9995051622390747
side_person17.mp4,side,266,8867,30.0,848,478,9,mouth_left,0.4826577603816986,0.15911869704723358,-0.05234512314200401,0.9982280135154724,0.9996362924575806
side_person17.mp4,side,266,8867,30.0,848,478,10,mouth_right,0.48183318972587585,0.1604161262512207,-0.006337825208902359,0.9973623156547546,0.9997001886367798
side_person17.mp4,side,266,8867,30.0,848,478,11,left_shoulder,0.513677716255188,0.2087874859571457,-0.20917095243930817,0.9991526007652283,0.9992677569389343
side_person17.mp4,side,266,8867,30.0,848,478,12,right_shoulder,0.5138631463050842,0.23087520897388458,0.16105154156684875,0.9973734617233276,0.99944669008255
side_person17.mp4,side,266,8867,30.0,848,478,13,left_elbow,0.42227378487586975,0.23530960083007812,-0.2675406038761139,0.9876648187637329,0.9995174407958984
side_person17.mp4,side,266,8867,30.0,848,478,14,right_elbow,0.44036275148391724,0.272028386592865,0.20218373835086823,0.3528410792350769,0.9998133778572083
side_person17.mp4,side,266,8867,30.0,848,478,15,left_wrist,0.3527621924877167,0.2311176359653473,-0.23389782011508942,0.9764001965522766,0.9991905093193054
side_person17.mp4,side,266,8867,30.0,848,478,16,right_wrist,0.368358314037323,0.26441487669944763,0.12213677167892456,0.45873627066612244,0.9996523857116699
side_person17.mp4,side,266,8867,30.0,848,478,17,left_pinky,0.3313279151916504,0.2225346863269806,-0.2725517749786377,0.963770866394043,0.9991225600242615
side_person17.mp4,side,266,8867,30.0,848,478,18,right_pinky,0.3563593626022339,0.2607652544975281,0.12320215255022049,0.4561886191368103,0.999562680721283
side_person17.mp4,side,266,8867,30.0,848,478,19,left_index,0.33263495564460754,0.22141599655151367,-0.2494976818561554,0.9598113894462585,0.9990074038505554
side_person17.mp4,side,266,8867,30.0,848,478,20,right_index,0.35318806767463684,0.2583601474761963,0.0873355120420456,0.4730360209941864,0.999477207660675
side_person17.mp4,side,266,8867,30.0,848,478,21,left_thumb,0.33836016058921814,0.22854003310203552,-0.22488448023796082,0.9376662969589233,0.9990604519844055
side_person17.mp4,side,266,8867,30.0,848,478,22,right_thumb,0.35584157705307007,0.25930100679397583,0.10329584777355194,0.4962385594844818,0.999517560005188
side_person17.mp4,side,266,8867,30.0,848,478,23,left_hip,0.5326064229011536,0.486875057220459,-0.11690831929445267,0.9983584880828857,0.9991248250007629
side_person17.mp4,side,266,8867,30.0,848,478,24,right_hip,0.5268257856369019,0.4864414930343628,0.11676019430160522,0.996297299861908,0.998915433883667
side_person17.mp4,side,266,8867,30.0,848,478,25,left_knee,0.5121504068374634,0.6900345087051392,-0.06275572627782822,0.9145996570587158,0.9997797608375549
side_person17.mp4,side,266,8867,30.0,848,478,26,right_knee,0.5091167688369751,0.6745799779891968,0.1987222135066986,0.29562509059906006,0.9996445178985596
side_person17.mp4,side,266,8867,30.0,848,478,27,left_ankle,0.5104864835739136,0.887291431427002,0.0014995665987953544,0.941905677318573,0.9988968372344971
side_person17.mp4,side,266,8867,30.0,848,478,28,right_ankle,0.5090790390968323,0.8446661829948425,0.31679320335388184,0.44729021191596985,0.9995812773704529
side_person17.mp4,side,266,8867,30.0,848,478,29,left_heel,0.5224052667617798,0.9235641956329346,0.00353059871122241,0.9302302002906799,0.9976726174354553
side_person17.mp4,side,266,8867,30.0,848,478,30,right_heel,0.5168647170066833,0.8769898414611816,0.32719549536705017,0.6251958012580872,0.9992415904998779
side_person17.mp4,side,266,8867,30.0,848,478,31,left_foot_index,0.46209684014320374,0.9267453551292419,-0.07712215185165405,0.91642165184021,0.9981769323348999
side_person17.mp4,side,266,8867,30.0,848,478,32,right_foot_index,0.4662598967552185,0.8685192465782166,0.2812149226665497,0.6203658580780029,0.9995542168617249
side_person17.mp4,side,267,8900,30.0,848,478,0,nose,0.4766438603401184,0.1430906355381012,-0.04162956029176712,0.9988677501678467,0.999572217464447
side_person17.mp4,side,267,8900,30.0,848,478,1,left_eye_inner,0.48104095458984375,0.12276171892881393,-0.06439600139856339,0.9988130927085876,0.999330997467041
side_person17.mp4,side,267,8900,30.0,848,478,2,left_eye,0.4824971854686737,0.12200960516929626,-0.06442911922931671,0.9987896680831909,0.9992629885673523
side_person17.mp4,side,267,8900,30.0,848,478,3,left_eye_outer,0.48405197262763977,0.12135079503059387,-0.06441019475460052,0.9990605711936951,0.9991495609283447
side_person17.mp4,side,267,8900,30.0,848,478,4,right_eye_inner,0.48045986890792847,0.12299996614456177,-0.028933683410286903,0.9986059069633484,0.9994683861732483
side_person17.mp4,side,267,8900,30.0,848,478,5,right_eye,0.48145222663879395,0.12233589589595795,-0.028928380459547043,0.9984936714172363,0.999489426612854
side_person17.mp4,side,267,8900,30.0,848,478,6,right_eye_outer,0.48263049125671387,0.12167856097221375,-0.02897065319120884,0.998992919921875,0.9994841814041138
side_person17.mp4,side,267,8900,30.0,848,478,7,left_ear,0.4989381432533264,0.12550808489322662,-0.11783850938081741,0.9980875253677368,0.9990434050559998
side_person17.mp4,side,267,8900,30.0,848,478,8,right_ear,0.49712222814559937,0.1252012401819229,0.04018036648631096,0.998407244682312,0.9994681477546692
side_person17.mp4,side,267,8900,30.0,848,478,9,mouth_left,0.4828189015388489,0.1581571400165558,-0.057547569274902344,0.9983006119728088,0.9995720982551575
side_person17.mp4,side,267,8900,30.0,848,478,10,mouth_right,0.4819835126399994,0.15944832563400269,-0.011450661346316338,0.9974702596664429,0.9996470212936401
side_person17.mp4,side,267,8900,30.0,848,478,11,left_shoulder,0.5138362050056458,0.21015773713588715,-0.21102067828178406,0.999204158782959,0.9990155696868896
side_person17.mp4,side,267,8900,30.0,848,478,12,right_shoulder,0.5147857666015625,0.23036836087703705,0.15680883824825287,0.9975199103355408,0.9992639422416687
side_person17.mp4,side,267,8900,30.0,848,478,13,left_elbow,0.42263200879096985,0.23733706772327423,-0.2669759690761566,0.9877417087554932,0.9992849230766296
side_person17.mp4,side,267,8900,30.0,848,478,14,right_elbow,0.4407652020454407,0.27355533838272095,0.1948440670967102,0.35614365339279175,0.9996906518936157
side_person17.mp4,side,267,8900,30.0,848,478,15,left_wrist,0.3527448773384094,0.22792145609855652,-0.2321106642484665,0.9759860634803772,0.9986453652381897
side_person17.mp4,side,267,8900,30.0,848,478,16,right_wrist,0.36837923526763916,0.2628156244754791,0.11053340137004852,0.466569721698761,0.9993589520454407
side_person17.mp4,side,267,8900,30.0,848,478,17,left_pinky,0.33103424310684204,0.21714340150356293,-0.2715156078338623,0.9632360339164734,0.998595654964447
side_person17.mp4,side,267,8900,30.0,848,478,18,right_pinky,0.35574692487716675,0.25965291261672974,0.1101788729429245,0.46221572160720825,0.9992369413375854
side_person17.mp4,side,267,8900,30.0,848,478,19,left_index,0.33371520042419434,0.21644295752048492,-0.24926690757274628,0.9593030214309692,0.9984152317047119
side_person17.mp4,side,267,8900,30.0,848,478,20,right_index,0.35294803977012634,0.25634685158729553,0.07361795008182526,0.47948697209358215,0.9991242289543152
side_person17.mp4,side,267,8900,30.0,848,478,21,left_thumb,0.33904531598091125,0.22595828771591187,-0.22366686165332794,0.9372208714485168,0.9984802603721619
side_person17.mp4,side,267,8900,30.0,848,478,22,right_thumb,0.3556688725948334,0.25831592082977295,0.09121769666671753,0.5025291442871094,0.999159574508667
side_person17.mp4,side,267,8900,30.0,848,478,23,left_hip,0.5322573781013489,0.4897747337818146,-0.11661838740110397,0.9983643889427185,0.9986119270324707
side_person17.mp4,side,267,8900,30.0,848,478,24,right_hip,0.5271012187004089,0.4885706901550293,0.1164374053478241,0.9963067173957825,0.9983044862747192
side_person17.mp4,side,267,8900,30.0,848,478,25,left_knee,0.5121686458587646,0.6914058327674866,-0.06228438764810562,0.9114331007003784,0.9995984435081482
side_person17.mp4,side,267,8900,30.0,848,478,26,right_knee,0.5088681578636169,0.6751824617385864,0.1978633850812912,0.2841794788837433,0.9993395209312439
side_person17.mp4,side,267,8900,30.0,848,478,27,left_ankle,0.5107243657112122,0.8875786662101746,0.004655506927520037,0.9422717690467834,0.9976363182067871
side_person17.mp4,side,267,8900,30.0,848,478,28,right_ankle,0.5101352334022522,0.846290111541748,0.31545746326446533,0.44421517848968506,0.9991281628608704
side_person17.mp4,side,267,8900,30.0,848,478,29,left_heel,0.5227320194244385,0.9236248731613159,0.007422030903398991,0.9310596585273743,0.9949939846992493
side_person17.mp4,side,267,8900,30.0,848,478,30,right_heel,0.5178490281105042,0.8783596754074097,0.32578080892562866,0.6266136765480042,0.9983878135681152
side_person17.mp4,side,267,8900,30.0,848,478,31,left_foot_index,0.46184083819389343,0.9282125234603882,-0.07243825495243073,0.9182165861129761,0.9961680769920349
side_person17.mp4,side,267,8900,30.0,848,478,32,right_foot_index,0.46762141585350037,0.8690860867500305,0.2774481177330017,0.6256273984909058,0.9990625977516174
side_person17.mp4,side,268,8933,30.0,848,478,0,nose,0.476550817489624,0.1415139138698578,-0.04559766873717308,0.9988360404968262,0.9994000196456909
side_person17.mp4,side,268,8933,30.0,848,478,1,left_eye_inner,0.4809913635253906,0.12147568166255951,-0.06829759478569031,0.9987775087356567,0.9990940093994141
side_person17.mp4,side,268,8933,30.0,848,478,2,left_eye,0.4824375510215759,0.12082536518573761,-0.06833215802907944,0.9987468123435974,0.9990056157112122
side_person17.mp4,side,268,8933,30.0,848,478,3,left_eye_outer,0.4839670658111572,0.12027904391288757,-0.06831811368465424,0.9990234971046448,0.9988675117492676
side_person17.mp4,side,268,8933,30.0,848,478,4,right_eye_inner,0.4804663360118866,0.12165670841932297,-0.032791394740343094,0.998559296131134,0.9992780089378357
side_person17.mp4,side,268,8933,30.0,848,478,5,right_eye,0.48147377371788025,0.12106607109308243,-0.03278328850865364,0.9984416365623474,0.9993085861206055
side_person17.mp4,side,268,8933,30.0,848,478,6,right_eye_outer,0.48265740275382996,0.12048493325710297,-0.03282316401600838,0.9989678263664246,0.9992990493774414
side_person17.mp4,side,268,8933,30.0,848,478,7,left_ear,0.4986816644668579,0.1251440942287445,-0.12090540677309036,0.9980263113975525,0.9987712502479553
side_person17.mp4,side,268,8933,30.0,848,478,8,right_ear,0.4971541166305542,0.12457520514726639,0.03754955902695656,0.9983267784118652,0.9992753863334656
side_person17.mp4,side,268,8933,30.0,848,478,9,mouth_left,0.48267924785614014,0.1572980433702469,-0.061295438557863235,0.9982762336730957,0.9995007514953613
side_person17.mp4,side,268,8933,30.0,848,478,10,mouth_right,0.48195716738700867,0.15851208567619324,-0.015107388608157635,0.9974404573440552,0.9995871186256409
side_person17.mp4,side,268,8933,30.0,848,478,11,left_shoulder,0.5133702158927917,0.21018436551094055,-0.21220672130584717,0.9992503523826599,0.999051034450531
side_person17.mp4,side,268,8933,30.0,848,478,12,right_shoulder,0.514477550983429,0.22998479008674622,0.1542143076658249,0.9976344704627991,0.9992148876190186
side_person17.mp4,side,268,8933,30.0,848,478,13,left_elbow,0.4223012626171112,0.23698176443576813,-0.2734827995300293,0.9879727363586426,0.9993014335632324
side_person17.mp4,side,268,8933,30.0,848,478,14,right_elbow,0.44051891565322876,0.27103495597839355,0.19393470883369446,0.35985100269317627,0.9997032284736633
side_person17.mp4,side,268,8933,30.0,848,478,15,left_wrist,0.35183045268058777,0.23183836042881012,-0.24174056947231293,0.9758856296539307,0.9984347224235535
side_person17.mp4,side,268,8933,30.0,848,478,16,right_wrist,0.36815139651298523,0.264518678188324,0.10621660947799683,0.47406208515167236,0.9993808269500732
side_person17.mp4,side,268,8933,30.0,848,478,17,left_pinky,0.3303677439689636,0.22247612476348877,-0.2834136486053467,0.9630337357521057,0.9983238577842712
side_person17.mp4,side,268,8933,30.0,848,478,18,right_pinky,0.35552722215652466,0.26242122054100037,0.10516900569200516,0.46782878041267395,0.9992545247077942
side_person17.mp4,side,268,8933,30.0,848,478,19,left_index,0.3326805531978607,0.217885822057724,-0.26003730297088623,0.9591127038002014,0.9981459379196167
side_person17.mp4,side,268,8933,30.0,848,478,20,right_index,0.35290706157684326,0.25941112637519836,0.06820248067378998,0.48526617884635925,0.999121367931366
side_person17.mp4,side,268,8933,30.0,848,478,21,left_thumb,0.33829447627067566,0.22775980830192566,-0.23326413333415985,0.9370401501655579,0.9981926083564758
side_person17.mp4,side,268,8933,30.0,848,478,22,right_thumb,0.3556613326072693,0.2611885666847229,0.08657298237085342,0.5080364942550659,0.9991579055786133
side_person17.mp4,side,268,8933,30.0,848,478,23,left_hip,0.5317485332489014,0.4903500974178314,-0.11639425903558731,0.9983363151550293,0.9984210729598999
side_person17.mp4,side,268,8933,30.0,848,478,24,right_hip,0.5268790125846863,0.48850440979003906,0.11623123288154602,0.9962155818939209,0.9980149269104004
side_person17.mp4,side,268,8933,30.0,848,478,25,left_knee,0.5119702816009521,0.6906830072402954,-0.059087637811899185,0.9060400128364563,0.9995162487030029
side_person17.mp4,side,268,8933,30.0,848,478,26,right_knee,0.5087589025497437,0.6741640567779541,0.19991788268089294,0.2702496647834778,0.9992128610610962
side_person17.mp4,side,268,8933,30.0,848,478,27,left_ankle,0.510751485824585,0.8865372538566589,0.012422967702150345,0.9417823553085327,0.9976863861083984
side_person17.mp4,side,268,8933,30.0,848,478,28,right_ankle,0.5106515288352966,0.8445639610290527,0.32075968384742737,0.43717822432518005,0.9991078972816467
side_person17.mp4,side,268,8933,30.0,848,478,29,left_heel,0.5225928425788879,0.9235891103744507,0.015269597060978413,0.9316505193710327,0.9952788352966309
side_person17.mp4,side,268,8933,30.0,848,478,30,right_heel,0.5179256200790405,0.8773679733276367,0.3314878046512604,0.6261402368545532,0.9983996748924255
side_person17.mp4,side,268,8933,30.0,848,478,31,left_foot_index,0.46173495054244995,0.9279600381851196,-0.06959706544876099,0.9192166924476624,0.9968068599700928
side_person17.mp4,side,268,8933,30.0,848,478,32,right_foot_index,0.4674849510192871,0.8666899800300598,0.28305941820144653,0.6281827688217163,0.9991717338562012
side_person17.mp4,side,269,8967,30.0,848,478,0,nose,0.4765259325504303,0.14214764535427094,-0.044722333550453186,0.998844563961029,0.9995135068893433
side_person17.mp4,side,269,8967,30.0,848,478,1,left_eye_inner,0.4811840057373047,0.12182269245386124,-0.0667453333735466,0.9987812638282776,0.9992376565933228
side_person17.mp4,side,269,8967,30.0,848,478,2,left_eye,0.4826812446117401,0.12116622924804688,-0.06677798181772232,0.9987447261810303,0.999160647392273
side_person17.mp4,side,269,8967,30.0,848,478,3,left_eye_outer,0.48426640033721924,0.12063287198543549,-0.0667572095990181,0.9990190863609314,0.9990323781967163
side_person17.mp4,side,269,8967,30.0,848,478,4,right_eye_inner,0.48052719235420227,0.12201013416051865,-0.03184738755226135,0.9985589981079102,0.9993901252746582
side_person17.mp4,side,269,8967,30.0,848,478,5,right_eye,0.4815053343772888,0.12140807509422302,-0.0318390391767025,0.9984360933303833,0.9994072914123535
side_person17.mp4,side,269,8967,30.0,848,478,6,right_eye_outer,0.48266521096229553,0.12081313133239746,-0.03188025578856468,0.9989702701568604,0.999396800994873
side_person17.mp4,side,269,8967,30.0,848,478,7,left_ear,0.4992045760154724,0.12589624524116516,-0.1179029643535614,0.9980270862579346,0.9988991022109985
side_person17.mp4,side,269,8967,30.0,848,478,8,right_ear,0.49720004200935364,0.12555356323719025,0.037793394178152084,0.9983101487159729,0.9993321299552917
side_person17.mp4,side,269,8967,30.0,848,478,9,mouth_left,0.4826839864253998,0.15807221829891205,-0.05999153479933739,0.9982884526252747,0.9995317459106445
side_person17.mp4,side,269,8967,30.0,848,478,10,mouth_right,0.48183462023735046,0.15944790840148926,-0.01452965009957552,0.9974614977836609,0.9996063113212585
side_person17.mp4,side,269,8967,30.0,848,478,11,left_shoulder,0.514335036277771,0.20943021774291992,-0.21055202186107635,0.9992906451225281,0.9989410042762756
side_person17.mp4,side,269,8967,30.0,848,478,12,right_shoulder,0.5141112804412842,0.23061297833919525,0.15362881124019623,0.9977424144744873,0.9992276430130005
side_person17.mp4,side,269,8967,30.0,848,478,13,left_elbow,0.42284780740737915,0.2331727147102356,-0.27452412247657776,0.9881670475006104,0.9993405938148499
side_person17.mp4,side,269,8967,30.0,848,478,14,right_elbow,0.44015175104141235,0.2716643512248993,0.19173169136047363,0.37251144647598267,0.999729335308075
side_person17.mp4,side,269,8967,30.0,848,478,15,left_wrist,0.3534424901008606,0.22838284075260162,-0.2454010397195816,0.9759174585342407,0.9988443851470947
side_person17.mp4,side,269,8967,30.0,848,478,16,right_wrist,0.3678436875343323,0.26453447341918945,0.1060258150100708,0.4906501770019531,0.99947589635849
side_person17.mp4,side,269,8967,30.0,848,478,17,left_pinky,0.3319407105445862,0.21903325617313385,-0.2883259356021881,0.962956428527832,0.9987635612487793
side_person17.mp4,side,269,8967,30.0,848,478,18,right_pinky,0.35520511865615845,0.26216378808021545,0.10575228184461594,0.4817183315753937,0.9993601441383362
side_person17.mp4,side,269,8967,30.0,848,478,19,left_index,0.3340832591056824,0.2173016220331192,-0.2643503248691559,0.9590505361557007,0.9986201524734497
side_person17.mp4,side,269,8967,30.0,848,478,20,right_index,0.352607399225235,0.2588864862918854,0.0683966726064682,0.49934831261634827,0.9992484450340271
side_person17.mp4,side,269,8967,30.0,848,478,21,left_thumb,0.3395954370498657,0.22692438960075378,-0.2366536408662796,0.9371700286865234,0.9986692667007446
side_person17.mp4,side,269,8967,30.0,848,478,22,right_thumb,0.35528120398521423,0.26060429215431213,0.08636794239282608,0.5218036770820618,0.999289870262146
side_person17.mp4,side,269,8967,30.0,848,478,23,left_hip,0.5321152210235596,0.48958122730255127,-0.11610312014818192,0.9982720017433167,0.9976947903633118
side_person17.mp4,side,269,8967,30.0,848,478,24,right_hip,0.5262011289596558,0.4886505603790283,0.11592283099889755,0.9961231350898743,0.9974234104156494
side_person17.mp4,side,269,8967,30.0,848,478,25,left_knee,0.5116201639175415,0.6909410357475281,-0.05988793447613716,0.9031293392181396,0.9993647933006287
side_person17.mp4,side,269,8967,30.0,848,478,26,right_knee,0.5086789131164551,0.6745563745498657,0.1905493140220642,0.26049742102622986,0.9991101622581482
side_person17.mp4,side,269,8967,30.0,848,478,27,left_ankle,0.5106902122497559,0.886878252029419,0.012483712285757065,0.9413314461708069,0.9969757795333862
side_person17.mp4,side,269,8967,30.0,848,478,28,right_ankle,0.5103529095649719,0.8457375764846802,0.2912340462207794,0.4335600435733795,0.9988228678703308
side_person17.mp4,side,269,8967,30.0,848,478,29,left_heel,0.5222911238670349,0.9236747026443481,0.015484867617487907,0.9316310882568359,0.9939213991165161
side_person17.mp4,side,269,8967,30.0,848,478,30,right_heel,0.5177468061447144,0.8776271343231201,0.299784392118454,0.6259110569953918,0.9977728724479675
side_person17.mp4,side,269,8967,30.0,848,478,31,left_foot_index,0.461314857006073,0.9296369552612305,-0.06619761139154434,0.9195088148117065,0.9957150816917419
side_person17.mp4,side,269,8967,30.0,848,478,32,right_foot_index,0.46745774149894714,0.8695230484008789,0.24524442851543427,0.6301441192626953,0.9986879229545593
side_person17.mp4,side,270,9000,30.0,848,478,0,nose,0.47651755809783936,0.14255794882774353,-0.03583219647407532,0.9988837242126465,0.9996585845947266
side_person17.mp4,side,270,9000,30.0,848,478,1,left_eye_inner,0.48125404119491577,0.12228552997112274,-0.057504814118146896,0.9988213181495667,0.9994361996650696
side_person17.mp4,side,270,9000,30.0,848,478,2,left_eye,0.4827549159526825,0.1216062605381012,-0.05753244832158089,0.9987782835960388,0.9993721842765808
side_person17.mp4,side,270,9000,30.0,848,478,3,left_eye_outer,0.4843762218952179,0.12107318639755249,-0.057507775723934174,0.9990449547767639,0.9992609620094299
side_person17.mp4,side,270,9000,30.0,848,478,4,right_eye_inner,0.480583131313324,0.12255024164915085,-0.022970672696828842,0.9986068606376648,0.999559223651886
side_person17.mp4,side,270,9000,30.0,848,478,5,right_eye,0.48156023025512695,0.12196694314479828,-0.02296377718448639,0.9984807968139648,0.9995710253715515
side_person17.mp4,side,270,9000,30.0,848,478,6,right_eye_outer,0.4827349781990051,0.12140005826950073,-0.023004651069641113,0.9990057349205017,0.9995624423027039
side_person17.mp4,side,270,9000,30.0,848,478,7,left_ear,0.4994775652885437,0.12640328705310822,-0.10832400619983673,0.9980834126472473,0.999112069606781
side_person17.mp4,side,270,9000,30.0,848,478,8,right_ear,0.49752113223075867,0.12633219361305237,0.04554799199104309,0.9983584880828857,0.9995075464248657
side_person17.mp4,side,270,9000,30.0,848,478,9,mouth_left,0.48274195194244385,0.15855155885219574,-0.050973616540431976,0.9983329176902771,0.9995915293693542
side_person17.mp4,side,270,9000,30.0,848,478,10,mouth_right,0.4818669855594635,0.1599789708852768,-0.006049302872270346,0.9975428581237793,0.9996737241744995
side_person17.mp4,side,270,9000,30.0,848,478,11,left_shoulder,0.5145519971847534,0.20999348163604736,-0.20176491141319275,0.9993221759796143,0.9988058805465698
side_person17.mp4,side,270,9000,30.0,848,478,12,right_shoulder,0.5135776996612549,0.23207977414131165,0.15875877439975739,0.9978548288345337,0.9992557168006897
side_person17.mp4,side,270,9000,30.0,848,478,13,left_elbow,0.4233250617980957,0.23479969799518585,-0.26872578263282776,0.9883982539176941,0.999308705329895
side_person17.mp4,side,270,9000,30.0,848,478,14,right_elbow,0.4398333728313446,0.2721133232116699,0.19498619437217712,0.3872283101081848,0.9997333884239197
side_person17.mp4,side,270,9000,30.0,848,478,15,left_wrist,0.3546130955219269,0.22700135409832,-0.24523048102855682,0.9760067462921143,0.9987480640411377
side_person17.mp4,side,270,9000,30.0,848,478,16,right_wrist,0.3676547408103943,0.26492610573768616,0.1112065464258194,0.5074695944786072,0.99949049949646
side_person17.mp4,side,270,9000,30.0,848,478,17,left_pinky,0.3345525562763214,0.2177402675151825,-0.2868998944759369,0.9628946185112,0.9986464381217957
side_person17.mp4,side,270,9000,30.0,848,478,18,right_pinky,0.35507863759994507,0.26265934109687805,0.11193989217281342,0.49552860856056213,0.9993665814399719
side_person17.mp4,side,270,9000,30.0,848,478,19,left_index,0.33482858538627625,0.21694454550743103,-0.2621920704841614,0.9589875340461731,0.9985032081604004
side_person17.mp4,side,270,9000,30.0,848,478,20,right_index,0.35245606303215027,0.25916674733161926,0.07448285818099976,0.5133119821548462,0.9992690682411194
side_person17.mp4,side,270,9000,30.0,848,478,21,left_thumb,0.3404555320739746,0.22648966312408447,-0.23632177710533142,0.9373754262924194,0.9985601305961609
side_person17.mp4,side,270,9000,30.0,848,478,22,right_thumb,0.35499995946884155,0.26084309816360474,0.09165414422750473,0.5356953740119934,0.9993149042129517
side_person17.mp4,side,270,9000,30.0,848,478,23,left_hip,0.5318663120269775,0.48926764726638794,-0.11565537005662918,0.9981831312179565,0.9970676302909851
side_person17.mp4,side,270,9000,30.0,848,478,24,right_hip,0.5259835124015808,0.4893030822277069,0.11547131836414337,0.9960291385650635,0.9970186948776245
side_person17.mp4,side,270,9000,30.0,848,478,25,left_knee,0.5106990933418274,0.6912152767181396,-0.06445109099149704,0.9003241658210754,0.9990357160568237
side_person17.mp4,side,270,9000,30.0,848,478,26,right_knee,0.5087854862213135,0.6747682094573975,0.1697748601436615,0.25276684761047363,0.9989184141159058
side_person17.mp4,side,270,9000,30.0,848,478,27,left_ankle,0.5093275904655457,0.889263927936554,0.004973769187927246,0.9402675628662109,0.9959853291511536
side_person17.mp4,side,270,9000,30.0,848,478,28,right_ankle,0.5101750493049622,0.85010826587677,0.25616803765296936,0.4301701486110687,0.9983853101730347
side_person17.mp4,side,270,9000,30.0,848,478,29,left_heel,0.5204732418060303,0.9245275259017944,0.007730446755886078,0.9316030144691467,0.9921380877494812
side_person17.mp4,side,270,9000,30.0,848,478,30,right_heel,0.5179027915000916,0.8801611065864563,0.26318562030792236,0.6258629560470581,0.9968273043632507
side_person17.mp4,side,270,9000,30.0,848,478,31,left_foot_index,0.4607955515384674,0.9302533864974976,-0.07088583707809448,0.9187353253364563,0.994616687297821
side_person17.mp4,side,270,9000,30.0,848,478,32,right_foot_index,0.4674871265888214,0.8750870823860168,0.20701563358306885,0.6295797228813171,0.9981379508972168
side_person17.mp4,side,271,9033,30.0,848,478,0,nose,0.47630101442337036,0.14388665556907654,-0.031979501247406006,0.9989171624183655,0.999672532081604
side_person17.mp4,side,271,9033,30.0,848,478,1,left_eye_inner,0.4809257984161377,0.12339525669813156,-0.05446997657418251,0.9988550543785095,0.9994553923606873
side_person17.mp4,side,271,9033,30.0,848,478,2,left_eye,0.4824109971523285,0.12269143015146255,-0.05450296401977539,0.9988083243370056,0.9993934631347656
side_person17.mp4,side,271,9033,30.0,848,478,3,left_eye_outer,0.48399919271469116,0.12211140245199203,-0.0544787272810936,0.9990671277046204,0.9992889165878296
side_person17.mp4,side,271,9033,30.0,848,478,4,right_eye_inner,0.48031413555145264,0.12361084669828415,-0.019998745992779732,0.9986430406570435,0.999567449092865
side_person17.mp4,side,271,9033,30.0,848,478,5,right_eye,0.48130956292152405,0.12298160791397095,-0.019988490268588066,0.998517632484436,0.9995762705802917
side_person17.mp4,side,271,9033,30.0,848,478,6,right_eye_outer,0.4824906587600708,0.12235476076602936,-0.020022617653012276,0.9990355968475342,0.999560534954071
side_person17.mp4,side,271,9033,30.0,848,478,7,left_ear,0.49895232915878296,0.12697800993919373,-0.10719069093465805,0.9981352686882019,0.9991793036460876
side_person17.mp4,side,271,9033,30.0,848,478,8,right_ear,0.49713632464408875,0.12679199874401093,0.04633621871471405,0.9983953833580017,0.9995168447494507
side_person17.mp4,side,271,9033,30.0,848,478,9,mouth_left,0.4825322926044464,0.15962296724319458,-0.04759230837225914,0.9983827471733093,0.9996368885040283
side_person17.mp4,side,271,9033,30.0,848,478,10,mouth_right,0.48174282908439636,0.16106508672237396,-0.0028000574093312025,0.9976150989532471,0.9997019171714783
side_person17.mp4,side,271,9033,30.0,848,478,11,left_shoulder,0.51417475938797,0.20971953868865967,-0.1993272602558136,0.9993588328361511,0.999076247215271
side_person17.mp4,side,271,9033,30.0,848,478,12,right_shoulder,0.5136539936065674,0.23173700273036957,0.15874648094177246,0.9979509115219116,0.9991675615310669
side_person17.mp4,side,271,9033,30.0,848,478,13,left_elbow,0.42243921756744385,0.23268009722232819,-0.26197877526283264,0.9886071085929871,0.9992904663085938
side_person17.mp4,side,271,9033,30.0,848,478,14,right_elbow,0.4397369623184204,0.2712622582912445,0.19330304861068726,0.3898204565048218,0.9996651411056519
side_person17.mp4,side,271,9033,30.0,848,478,15,left_wrist,0.3528289496898651,0.22907891869544983,-0.23623932898044586,0.9759472608566284,0.998231828212738
side_person17.mp4,side,271,9033,30.0,848,478,16,right_wrist,0.3674905598163605,0.26493167877197266,0.10833736509084702,0.5110980868339539,0.9992883801460266
side_person17.mp4,side,271,9033,30.0,848,478,17,left_pinky,0.333193302154541,0.2206679731607437,-0.2771015465259552,0.9626790881156921,0.9980489015579224
side_person17.mp4,side,271,9033,30.0,848,478,18,right_pinky,0.3548782169818878,0.26269838213920593,0.1086944192647934,0.49805232882499695,0.9991366267204285
side_person17.mp4,side,271,9033,30.0,848,478,19,left_index,0.33355915546417236,0.2197166532278061,-0.25133952498435974,0.9587234854698181,0.9978986978530884
side_person17.mp4,side,271,9033,30.0,848,478,20,right_index,0.3523532450199127,0.2593395411968231,0.07117349654436111,0.5159001350402832,0.998996913433075
side_person17.mp4,side,271,9033,30.0,848,478,21,left_thumb,0.3397982120513916,0.22656501829624176,-0.22677680850028992,0.937298059463501,0.997962236404419
side_person17.mp4,side,271,9033,30.0,848,478,22,right_thumb,0.354839026927948,0.2609824240207672,0.08875665813684464,0.5384101271629333,0.999042809009552
side_person17.mp4,side,271,9033,30.0,848,478,23,left_hip,0.5313348174095154,0.48828524351119995,-0.11405658721923828,0.9981365203857422,0.9977796673774719
side_person17.mp4,side,271,9033,30.0,848,478,24,right_hip,0.5260335803031921,0.4886263906955719,0.11388631165027618,0.995934009552002,0.9973247051239014
side_person17.mp4,side,271,9033,30.0,848,478,25,left_knee,0.5105822682380676,0.6911013722419739,-0.06445612013339996,0.8966299295425415,0.999218225479126
side_person17.mp4,side,271,9033,30.0,848,478,26,right_knee,0.5099469423294067,0.674985945224762,0.16729560494422913,0.24518030881881714,0.9990378618240356
side_person17.mp4,side,271,9033,30.0,848,478,27,left_ankle,0.5088404417037964,0.8899246454238892,0.004464506171643734,0.9393323063850403,0.9961845278739929
side_person17.mp4,side,271,9033,30.0,848,478,28,right_ankle,0.5111808180809021,0.8503385186195374,0.25756165385246277,0.4287809431552887,0.9986497759819031
side_person17.mp4,side,271,9033,30.0,848,478,29,left_heel,0.5195873975753784,0.9248956441879272,0.007005179300904274,0.9321132898330688,0.992154061794281
side_person17.mp4,side,271,9033,30.0,848,478,30,right_heel,0.5190120935440063,0.8805791735649109,0.26509490609169006,0.6283512115478516,0.9973570704460144
side_person17.mp4,side,271,9033,30.0,848,478,31,left_foot_index,0.46004003286361694,0.9293615818023682,-0.07197149097919464,0.9183932542800903,0.9944652915000916
side_person17.mp4,side,271,9033,30.0,848,478,32,right_foot_index,0.46804898977279663,0.8756512403488159,0.2096240371465683,0.6319060921669006,0.9984042048454285
side_person17.mp4,side,272,9067,30.0,848,478,0,nose,0.4760648310184479,0.14450284838676453,-0.01937795989215374,0.9989831447601318,0.999728262424469
side_person17.mp4,side,272,9067,30.0,848,478,1,left_eye_inner,0.4805411100387573,0.12412808835506439,-0.04135039448738098,0.9989251494407654,0.9995182752609253
side_person17.mp4,side,272,9067,30.0,848,478,2,left_eye,0.48202478885650635,0.12336395680904388,-0.04138192906975746,0.9988760948181152,0.9994534850120544
side_person17.mp4,side,272,9067,30.0,848,478,3,left_eye_outer,0.4836156964302063,0.12270009517669678,-0.04136822000145912,0.999121904373169,0.9993372559547424
side_person17.mp4,side,272,9067,30.0,848,478,4,right_eye_inner,0.47992050647735596,0.12442072480916977,-0.007051101885735989,0.998728334903717,0.9996371269226074
side_person17.mp4,side,272,9067,30.0,848,478,5,right_eye,0.48090797662734985,0.12378879636526108,-0.007043353281915188,0.9986054301261902,0.9996485710144043
side_person17.mp4,side,272,9067,30.0,848,478,6,right_eye_outer,0.4820847511291504,0.1231488585472107,-0.007083853241056204,0.9990975856781006,0.999643087387085
side_person17.mp4,side,272,9067,30.0,848,478,7,left_ear,0.49869051575660706,0.12708470225334167,-0.09377919137477875,0.9982419013977051,0.9991753697395325
side_person17.mp4,side,272,9067,30.0,848,478,8,right_ear,0.4967750310897827,0.12735655903816223,0.058900732547044754,0.9984923601150513,0.9996017813682556
side_person17.mp4,side,272,9067,30.0,848,478,9,mouth_left,0.4823959171772003,0.1600964069366455,-0.03493276610970497,0.9984646439552307,0.9995983242988586
side_person17.mp4,side,272,9067,30.0,848,478,10,mouth_right,0.48157766461372375,0.16155463457107544,0.009640958160161972,0.9977446794509888,0.9996967315673828
side_person17.mp4,side,272,9067,30.0,848,478,11,left_shoulder,0.514694333076477,0.21034368872642517,-0.1854810118675232,0.9993793964385986,0.9985496401786804
side_person17.mp4,side,272,9067,30.0,848,478,12,right_shoulder,0.51338130235672,0.23294425010681152,0.16857098042964935,0.998051106929779,0.9992374181747437
side_person17.mp4,side,272,9067,30.0,848,478,13,left_elbow,0.42348653078079224,0.2344077080488205,-0.2453044205904007,0.988674521446228,0.9992364645004272
side_person17.mp4,side,272,9067,30.0,848,478,14,right_elbow,0.439700722694397,0.2724059224128723,0.20612135529518127,0.4009438157081604,0.9997236132621765
side_person17.mp4,side,272,9067,30.0,848,478,15,left_wrist,0.35548505187034607,0.2262759506702423,-0.21173034608364105,0.9757121205329895,0.9986035227775574
side_person17.mp4,side,272,9067,30.0,848,478,16,right_wrist,0.3673059046268463,0.2642551362514496,0.1282046139240265,0.5234761834144592,0.9994602799415588
side_person17.mp4,side,272,9067,30.0,848,478,17,left_pinky,0.3350124657154083,0.21715296804904938,-0.24883601069450378,0.9621738195419312,0.9985111355781555
side_person17.mp4,side,272,9067,30.0,848,478,18,right_pinky,0.354749470949173,0.261264443397522,0.13038073480129242,0.5077396035194397,0.999316930770874
side_person17.mp4,side,272,9067,30.0,848,478,19,left_index,0.33786970376968384,0.21634751558303833,-0.2247897982597351,0.9582006931304932,0.9983540773391724
side_person17.mp4,side,272,9067,30.0,848,478,20,right_index,0.35218536853790283,0.2574380338191986,0.09437747299671173,0.5259503126144409,0.9992239475250244
side_person17.mp4,side,272,9067,30.0,848,478,21,left_thumb,0.3422728180885315,0.22029845416545868,-0.20272639393806458,0.9369876980781555,0.9984384179115295
side_person17.mp4,side,272,9067,30.0,848,478,22,right_thumb,0.3547064960002899,0.25944823026657104,0.10936510562896729,0.5484681725502014,0.9992826581001282
side_person17.mp4,side,272,9067,30.0,848,478,23,left_hip,0.5316740870475769,0.4875181317329407,-0.11270773410797119,0.9980530142784119,0.9967846870422363
side_person17.mp4,side,272,9067,30.0,848,478,24,right_hip,0.5261772871017456,0.48822784423828125,0.11255375295877457,0.9959105253219604,0.9970631003379822
side_person17.mp4,side,272,9067,30.0,848,478,25,left_knee,0.5105050206184387,0.6911832690238953,-0.06737291812896729,0.8942108154296875,0.9987794756889343
side_person17.mp4,side,272,9067,30.0,848,478,26,right_knee,0.5126414895057678,0.6810373663902283,0.15464523434638977,0.24074947834014893,0.998981773853302
side_person17.mp4,side,272,9067,30.0,848,478,27,left_ankle,0.508367121219635,0.8904257416725159,-9.031046647578478e-05,0.9376295208930969,0.9952274560928345
side_person17.mp4,side,272,9067,30.0,848,478,28,right_ankle,0.5110894441604614,0.8560423851013184,0.2344827800989151,0.4283818304538727,0.9981324076652527
side_person17.mp4,side,272,9067,30.0,848,478,29,left_heel,0.5186896920204163,0.9252543449401855,0.0025900076143443584,0.9317126870155334,0.9907203912734985
side_person17.mp4,side,272,9067,30.0,848,478,30,right_heel,0.5192417502403259,0.8849648833274841,0.240768700838089,0.6294894218444824,0.9961267113685608
side_person17.mp4,side,272,9067,30.0,848,478,31,left_foot_index,0.459818035364151,0.9293556809425354,-0.07337430119514465,0.9171060919761658,0.9933463335037231
side_person17.mp4,side,272,9067,30.0,848,478,32,right_foot_index,0.4679737687110901,0.8823860883712769,0.18382064998149872,0.6319164037704468,0.9975614547729492
side_person17.mp4,side,273,9100,30.0,848,478,0,nose,0.475931316614151,0.14594067633152008,-0.02351497858762741,0.998992919921875,0.9996289014816284
side_person17.mp4,side,273,9100,30.0,848,478,1,left_eye_inner,0.4802837073802948,0.1255221962928772,-0.04586765915155411,0.9989314079284668,0.9993776679039001
side_person17.mp4,side,273,9100,30.0,848,478,2,left_eye,0.4817712903022766,0.12470539659261703,-0.045904189348220825,0.9988744854927063,0.999309778213501
side_person17.mp4,side,273,9100,30.0,848,478,3,left_eye_outer,0.4833656847476959,0.12399245798587799,-0.04589095339179039,0.9991229772567749,0.9991831183433533
side_person17.mp4,side,273,9100,30.0,848,478,4,right_eye_inner,0.47965916991233826,0.1258154958486557,-0.010699586011469364,0.9987436532974243,0.9995195865631104
side_person17.mp4,side,273,9100,30.0,848,478,5,right_eye,0.48064419627189636,0.12513571977615356,-0.01069048885256052,0.998609721660614,0.999535322189331
side_person17.mp4,side,273,9100,30.0,848,478,6,right_eye_outer,0.4818187952041626,0.12445139139890671,-0.010730661451816559,0.99910968542099,0.9995355606079102
side_person17.mp4,side,273,9100,30.0,848,478,7,left_ear,0.49842119216918945,0.1279650181531906,-0.09920641779899597,0.9982613325119019,0.9990436434745789
side_person17.mp4,side,273,9100,30.0,848,478,8,right_ear,0.4965185225009918,0.12818576395511627,0.057628415524959564,0.9985124468803406,0.9994977712631226
side_person17.mp4,side,273,9100,30.0,848,478,9,mouth_left,0.48230743408203125,0.16135510802268982,-0.039374399930238724,0.9984723329544067,0.9995811581611633
side_person17.mp4,side,273,9100,30.0,848,478,10,mouth_right,0.4814647138118744,0.16281923651695251,0.006422486621886492,0.9977853894233704,0.9996802806854248
side_person17.mp4,side,273,9100,30.0,848,478,11,left_shoulder,0.5148797631263733,0.21118295192718506,-0.192898690700531,0.9994096755981445,0.9988644123077393
side_person17.mp4,side,273,9100,30.0,848,478,12,right_shoulder,0.5132682919502258,0.23374226689338684,0.1732952892780304,0.9981603622436523,0.9994122982025146
side_person17.mp4,side,273,9100,30.0,848,478,13,left_elbow,0.4236264228820801,0.23184093832969666,-0.24692168831825256,0.9891214370727539,0.999332845211029
side_person17.mp4,side,273,9100,30.0,848,478,14,right_elbow,0.4395849108695984,0.27329200506210327,0.21632592380046844,0.4152776896953583,0.9998003840446472
side_person17.mp4,side,273,9100,30.0,848,478,15,left_wrist,0.35604801774024963,0.22812849283218384,-0.21564649045467377,0.9761547446250916,0.9985532164573669
side_person17.mp4,side,273,9100,30.0,848,478,16,right_wrist,0.36777177453041077,0.2660953104496002,0.13636426627635956,0.5384907722473145,0.9995819926261902
side_person17.mp4,side,273,9100,30.0,848,478,17,left_pinky,0.33440831303596497,0.21975761651992798,-0.2532080411911011,0.9625359773635864,0.9984832406044006
side_person17.mp4,side,273,9100,30.0,848,478,18,right_pinky,0.3551776707172394,0.2632085978984833,0.13935315608978271,0.5201457142829895,0.9994598031044006
side_person17.mp4,side,273,9100,30.0,848,478,19,left_index,0.33692294359207153,0.218947634100914,-0.22898954153060913,0.9585858583450317,0.9983460903167725
side_person17.mp4,side,273,9100,30.0,848,478,20,right_index,0.35288339853286743,0.25959518551826477,0.10179323703050613,0.5386678576469421,0.9993752837181091
side_person17.mp4,side,273,9100,30.0,848,478,21,left_thumb,0.3421451151371002,0.22335323691368103,-0.20328272879123688,0.9374458193778992,0.9983875751495361
side_person17.mp4,side,273,9100,30.0,848,478,22,right_thumb,0.35576823353767395,0.2614918649196625,0.117087721824646,0.5604115128517151,0.9994295239448547
side_person17.mp4,side,273,9100,30.0,848,478,23,left_hip,0.5319749712944031,0.4882478415966034,-0.11311876773834229,0.9979438781738281,0.9965477585792542
side_person17.mp4,side,273,9100,30.0,848,478,24,right_hip,0.5262093544006348,0.48832011222839355,0.11297819763422012,0.9958394169807434,0.996878981590271
side_person17.mp4,side,273,9100,30.0,848,478,25,left_knee,0.5103875994682312,0.6914193630218506,-0.06745154410600662,0.8919481635093689,0.9980650544166565
side_person17.mp4,side,273,9100,30.0,848,478,26,right_knee,0.5124108791351318,0.6835356950759888,0.15906088054180145,0.23694317042827606,0.9985284805297852
side_person17.mp4,side,273,9100,30.0,848,478,27,left_ankle,0.507180392742157,0.8904927968978882,0.006411078851670027,0.9357476830482483,0.9940032362937927
side_person17.mp4,side,273,9100,30.0,848,478,28,right_ankle,0.510981023311615,0.8606835007667542,0.24800394475460052,0.4280015826225281,0.997376561164856
side_person17.mp4,side,273,9100,30.0,848,478,29,left_heel,0.5174937844276428,0.9252671003341675,0.010624442249536514,0.9314237833023071,0.9888514876365662
side_person17.mp4,side,273,9100,30.0,848,478,30,right_heel,0.5191447138786316,0.8915663957595825,0.2551910877227783,0.6303601861000061,0.9946154952049255
side_person17.mp4,side,273,9100,30.0,848,478,31,left_foot_index,0.45961642265319824,0.9288588762283325,-0.060776278376579285,0.9159978628158569,0.9929514527320862
side_person17.mp4,side,273,9100,30.0,848,478,32,right_foot_index,0.46794837713241577,0.8886626362800598,0.19732850790023804,0.6312761902809143,0.9969923496246338
side_person17.mp4,side,274,9133,30.0,848,478,0,nose,0.47566911578178406,0.1467934548854828,-0.027206245809793472,0.9990149140357971,0.9996246099472046
side_person17.mp4,side,274,9133,30.0,848,478,1,left_eye_inner,0.4799081087112427,0.12632319331169128,-0.04874984547495842,0.9989498257637024,0.9993613362312317
side_person17.mp4,side,274,9133,30.0,848,478,2,left_eye,0.48139312863349915,0.1254901885986328,-0.048780784010887146,0.9988881349563599,0.9992738366127014
side_person17.mp4,side,274,9133,30.0,848,478,3,left_eye_outer,0.4829910099506378,0.12477461993694305,-0.04874837026000023,0.9991316795349121,0.9991273283958435
side_person17.mp4,side,274,9133,30.0,848,478,4,right_eye_inner,0.47933611273765564,0.12658078968524933,-0.013653972186148167,0.9987691044807434,0.999523401260376
side_person17.mp4,side,274,9133,30.0,848,478,5,right_eye,0.48036864399909973,0.12585385143756866,-0.013655337505042553,0.9986371397972107,0.9995436072349548
side_person17.mp4,side,274,9133,30.0,848,478,6,right_eye_outer,0.4815866947174072,0.12513738870620728,-0.01370120421051979,0.9991329908370972,0.9995428323745728
side_person17.mp4,side,274,9133,30.0,848,478,7,left_ear,0.4975968897342682,0.12834684550762177,-0.10049782693386078,0.9982770085334778,0.9989246726036072
side_person17.mp4,side,274,9133,30.0,848,478,8,right_ear,0.4960804283618927,0.1284722536802292,0.05633007362484932,0.9985457062721252,0.9994971752166748
side_person17.mp4,side,274,9133,30.0,848,478,9,mouth_left,0.4819551110267639,0.16210180521011353,-0.04257332906126976,0.9985034465789795,0.9995673298835754
side_person17.mp4,side,274,9133,30.0,848,478,10,mouth_right,0.48115459084510803,0.16351312398910522,0.0032519956585019827,0.9978440403938293,0.9996733665466309
side_person17.mp4,side,274,9133,30.0,848,478,11,left_shoulder,0.5147979855537415,0.21069872379302979,-0.19439204037189484,0.999431312084198,0.998608410358429
side_person17.mp4,side,274,9133,30.0,848,478,12,right_shoulder,0.5131055116653442,0.23269122838974,0.16866299510002136,0.9982531666755676,0.9993313550949097
side_person17.mp4,side,274,9133,30.0,848,478,13,left_elbow,0.4235222339630127,0.23310162127017975,-0.25657835602760315,0.9893674254417419,0.9992644190788269
side_person17.mp4,side,274,9133,30.0,848,478,14,right_elbow,0.4396165907382965,0.2733433246612549,0.2047756314277649,0.4265292286872864,0.9997671246528625
side_person17.mp4,side,274,9133,30.0,848,478,15,left_wrist,0.3552502691745758,0.22887255251407623,-0.24213948845863342,0.9765965938568115,0.9986627101898193
side_person17.mp4,side,274,9133,30.0,848,478,16,right_wrist,0.3676503598690033,0.2671595811843872,0.11839233338832855,0.5510368943214417,0.999552309513092
side_person17.mp4,side,274,9133,30.0,848,478,17,left_pinky,0.33030447363853455,0.2189037948846817,-0.2854871451854706,0.9631152153015137,0.9986057877540588
side_person17.mp4,side,274,9133,30.0,848,478,18,right_pinky,0.35511428117752075,0.2644270062446594,0.11926918476819992,0.5310924649238586,0.9994459748268127
side_person17.mp4,side,274,9133,30.0,848,478,19,left_index,0.33263421058654785,0.21831248700618744,-0.2577918469905853,0.9592205286026001,0.9984775185585022
side_person17.mp4,side,274,9133,30.0,848,478,20,right_index,0.3528611660003662,0.260926216840744,0.08055469393730164,0.5496214032173157,0.9993632435798645
side_person17.mp4,side,274,9133,30.0,848,478,21,left_thumb,0.33763614296913147,0.2224605232477188,-0.23138149082660675,0.9383946061134338,0.9985277652740479
side_person17.mp4,side,274,9133,30.0,848,478,22,right_thumb,0.35557693243026733,0.26261377334594727,0.0986490398645401,0.5709307789802551,0.9993988275527954
side_person17.mp4,side,274,9133,30.0,848,478,23,left_hip,0.532124400138855,0.4887084662914276,-0.1130717471241951,0.9979023337364197,0.996832549571991
side_person17.mp4,side,274,9133,30.0,848,478,24,right_hip,0.5263660550117493,0.48859110474586487,0.11293168365955353,0.9958177208900452,0.9972183704376221
side_person17.mp4,side,274,9133,30.0,848,478,25,left_knee,0.510215699672699,0.6916166543960571,-0.06442229449748993,0.8914978504180908,0.9987778067588806
side_person17.mp4,side,274,9133,30.0,848,478,26,right_knee,0.51222163438797,0.6828981041908264,0.16074848175048828,0.23327688872814178,0.998815655708313
side_person17.mp4,side,274,9133,30.0,848,478,27,left_ankle,0.5070942640304565,0.8902591466903687,0.01856946386396885,0.935763418674469,0.9959959983825684
side_person17.mp4,side,274,9133,30.0,848,478,28,right_ankle,0.5109059810638428,0.8598067164421082,0.24824050068855286,0.4294283986091614,0.998360812664032
side_person17.mp4,side,274,9133,30.0,848,478,29,left_heel,0.517351508140564,0.9252447485923767,0.02335752360522747,0.9323317408561707,0.9925475716590881
side_person17.mp4,side,274,9133,30.0,848,478,30,right_heel,0.51908278465271,0.8908247947692871,0.2558770477771759,0.6343989968299866,0.9968559741973877
side_person17.mp4,side,274,9133,30.0,848,478,31,left_foot_index,0.4596281349658966,0.9283483028411865,-0.049281101673841476,0.9164953231811523,0.9948305487632751
side_person17.mp4,side,274,9133,30.0,848,478,32,right_foot_index,0.4678519368171692,0.887718677520752,0.20427192747592926,0.6341798901557922,0.9981263279914856
side_person17.mp4,side,275,9167,30.0,848,478,0,nose,0.4752095639705658,0.1466691792011261,-0.037907641381025314,0.9990283250808716,0.9995723366737366
side_person17.mp4,side,275,9167,30.0,848,478,1,left_eye_inner,0.4794701337814331,0.12625963985919952,-0.05929801985621452,0.9989653825759888,0.9993284940719604
side_person17.mp4,side,275,9167,30.0,848,478,2,left_eye,0.4809674620628357,0.12546402215957642,-0.0593264102935791,0.9989005923271179,0.9992651343345642
side_person17.mp4,side,275,9167,30.0,848,478,3,left_eye_outer,0.4825640618801117,0.1247798502445221,-0.05930088087916374,0.9991395473480225,0.9991416931152344
side_person17.mp4,side,275,9167,30.0,848,478,4,right_eye_inner,0.4788438379764557,0.12650728225708008,-0.02401992492377758,0.9987874031066895,0.9994578957557678
side_person17.mp4,side,275,9167,30.0,848,478,5,right_eye,0.4798310101032257,0.12581206858158112,-0.024007746949791908,0.9986543655395508,0.999470055103302
side_person17.mp4,side,275,9167,30.0,848,478,6,right_eye_outer,0.48099222779273987,0.12512733042240143,-0.024041177704930305,0.9991474151611328,0.9994580149650574
side_person17.mp4,side,275,9167,30.0,848,478,7,left_ear,0.4973340630531311,0.12856104969978333,-0.10885866731405258,0.9982935786247253,0.9989950060844421
side_person17.mp4,side,275,9167,30.0,848,478,8,right_ear,0.49566754698753357,0.1286267340183258,0.04850795492529869,0.998562216758728,0.9993941783905029
side_person17.mp4,side,275,9167,30.0,848,478,9,mouth_left,0.4814237654209137,0.16204583644866943,-0.05272406339645386,0.9985166192054749,0.9994727969169617
side_person17.mp4,side,275,9167,30.0,848,478,10,mouth_right,0.4805425703525543,0.16344426572322845,-0.006753884255886078,0.9978806972503662,0.9995729327201843
side_person17.mp4,side,275,9167,30.0,848,478,11,left_shoulder,0.5140141844749451,0.21088749170303345,-0.20236894488334656,0.9994434118270874,0.9984356760978699
side_person17.mp4,side,275,9167,30.0,848,478,12,right_shoulder,0.5122969150543213,0.2326071411371231,0.1623094379901886,0.9983115792274475,0.9990105628967285
side_person17.mp4,side,275,9167,30.0,848,478,13,left_elbow,0.42051732540130615,0.2340853065252304,-0.269810289144516,0.9895580410957336,0.999067485332489
side_person17.mp4,side,275,9167,30.0,848,478,14,right_elbow,0.43928125500679016,0.2732393145561218,0.19071991741657257,0.4313924312591553,0.9995995163917542
side_person17.mp4,side,275,9167,30.0,848,478,15,left_wrist,0.3492119312286377,0.22970737516880035,-0.25053146481513977,0.9765380024909973,0.9981206059455872
side_person17.mp4,side,275,9167,30.0,848,478,16,right_wrist,0.36696791648864746,0.26778116822242737,0.09968851506710052,0.5532689094543457,0.9991347193717957
side_person17.mp4,side,275,9167,30.0,848,478,17,left_pinky,0.3268294036388397,0.22009962797164917,-0.29572463035583496,0.9629126787185669,0.9980247020721436
side_person17.mp4,side,275,9167,30.0,848,478,18,right_pinky,0.35388439893722534,0.264559268951416,0.09928262233734131,0.5327765941619873,0.9989746809005737
side_person17.mp4,side,275,9167,30.0,848,478,19,left_index,0.3292807340621948,0.2192099243402481,-0.26753926277160645,0.9590069055557251,0.9978561997413635
side_person17.mp4,side,275,9167,30.0,848,478,20,right_index,0.3515741527080536,0.2616368234157562,0.05991344153881073,0.55152827501297,0.9988276362419128
side_person17.mp4,side,275,9167,30.0,848,478,21,left_thumb,0.33379432559013367,0.22314731776714325,-0.24038919806480408,0.9382489919662476,0.9979181885719299
side_person17.mp4,side,275,9167,30.0,848,478,22,right_thumb,0.3538745939731598,0.26318442821502686,0.07943743467330933,0.5729402303695679,0.9988657236099243
side_person17.mp4,side,275,9167,30.0,848,478,23,left_hip,0.5321947932243347,0.4889330267906189,-0.11341549456119537,0.9978334307670593,0.9966944456100464
side_person17.mp4,side,275,9167,30.0,848,478,24,right_hip,0.5264699459075928,0.4888462722301483,0.11329209059476852,0.995732843875885,0.9967819452285767
side_person17.mp4,side,275,9167,30.0,848,478,25,left_knee,0.5096150636672974,0.6917613744735718,-0.064436174929142,0.8916148543357849,0.9982941746711731
side_person17.mp4,side,275,9167,30.0,848,478,26,right_knee,0.5120672583580017,0.6827041506767273,0.16491931676864624,0.22842206060886383,0.9982789754867554
side_person17.mp4,side,275,9167,30.0,848,478,27,left_ankle,0.5070754289627075,0.8902117609977722,0.02150404080748558,0.9354766607284546,0.9948667287826538
side_person17.mp4,side,275,9167,30.0,848,478,28,right_ankle,0.5108784437179565,0.8596835136413574,0.2547622323036194,0.42834341526031494,0.9974464178085327
side_person17.mp4,side,275,9167,30.0,848,478,29,left_heel,0.5173509120941162,0.9251001477241516,0.026608381420373917,0.9335620999336243,0.9906018972396851
side_person17.mp4,side,275,9167,30.0,848,478,30,right_heel,0.5190102458000183,0.8906552195549011,0.262043833732605,0.6360058188438416,0.995136559009552
side_person17.mp4,side,275,9167,30.0,848,478,31,left_foot_index,0.4601360261440277,0.9278979897499084,-0.04528387263417244,0.9163010716438293,0.9933601021766663
side_person17.mp4,side,275,9167,30.0,848,478,32,right_foot_index,0.4677993059158325,0.887484073638916,0.20854179561138153,0.633359432220459,0.997160792350769
side_person17.mp4,side,276,9200,30.0,848,478,0,nose,0.47439295053482056,0.14708268642425537,-0.04598959907889366,0.9989606142044067,0.9993638396263123
side_person17.mp4,side,276,9200,30.0,848,478,1,left_eye_inner,0.47877898812294006,0.1266116499900818,-0.06900054216384888,0.9988890290260315,0.9990723133087158
side_person17.mp4,side,276,9200,30.0,848,478,2,left_eye,0.48031097650527954,0.12583866715431213,-0.06903841346502304,0.9988242387771606,0.9990023970603943
side_person17.mp4,side,276,9200,30.0,848,478,3,left_eye_outer,0.4819394648075104,0.12517739832401276,-0.0690213069319725,0.999072253704071,0.9988641738891602
side_person17.mp4,side,276,9200,30.0,848,478,4,right_eye_inner,0.47810277342796326,0.12682762742042542,-0.03291456773877144,0.998693585395813,0.9992239475250244
side_person17.mp4,side,276,9200,30.0,848,478,5,right_eye,0.4790630042552948,0.12613868713378906,-0.032887525856494904,0.9985526204109192,0.999235987663269
side_person17.mp4,side,276,9200,30.0,848,478,6,right_eye_outer,0.4802100360393524,0.12545977532863617,-0.03292331099510193,0.9990814924240112,0.9992213249206543
side_person17.mp4,side,276,9200,30.0,848,478,7,left_ear,0.4968322515487671,0.12902547419071198,-0.12207451462745667,0.9982060790061951,0.9987449645996094
side_person17.mp4,side,276,9200,30.0,848,478,8,right_ear,0.495076060295105,0.1290457844734192,0.039086535573005676,0.9984671473503113,0.9991477727890015
side_person17.mp4,side,276,9200,30.0,848,478,9,mouth_left,0.48056548833847046,0.16253288090229034,-0.06160350516438484,0.9984555244445801,0.9994075298309326
side_person17.mp4,side,276,9200,30.0,848,478,10,mouth_right,0.47968828678131104,0.16391970217227936,-0.014605402946472168,0.9977923035621643,0.9994869232177734
side_person17.mp4,side,276,9200,30.0,848,478,11,left_shoulder,0.5139824748039246,0.2105378359556198,-0.21637196838855743,0.9994668364524841,0.9988526105880737
side_person17.mp4,side,276,9200,30.0,848,478,12,right_shoulder,0.5121749043464661,0.23252195119857788,0.1590338498353958,0.9983521103858948,0.9990166425704956
side_person17.mp4,side,276,9200,30.0,848,478,13,left_elbow,0.41945457458496094,0.23434258997440338,-0.28530967235565186,0.9897727966308594,0.9991855025291443
side_person17.mp4,side,276,9200,30.0,848,478,14,right_elbow,0.4392487108707428,0.2733028829097748,0.19042924046516418,0.43162280321121216,0.9996225833892822
side_person17.mp4,side,276,9200,30.0,848,478,15,left_wrist,0.34727048873901367,0.23031620681285858,-0.26309850811958313,0.9767712950706482,0.9982731342315674
side_person17.mp4,side,276,9200,30.0,848,478,16,right_wrist,0.36647844314575195,0.26811614632606506,0.10062789171934128,0.5549357533454895,0.9991428852081299
side_person17.mp4,side,276,9200,30.0,848,478,17,left_pinky,0.32451125979423523,0.22084321081638336,-0.30928686261177063,0.9632201790809631,0.9981642365455627
side_person17.mp4,side,276,9200,30.0,848,478,18,right_pinky,0.35359248518943787,0.26507121324539185,0.10048666596412659,0.5344904065132141,0.9989833235740662
side_person17.mp4,side,276,9200,30.0,848,478,19,left_index,0.3250129222869873,0.22001342475414276,-0.2812214493751526,0.9592943787574768,0.9980477094650269
side_person17.mp4,side,276,9200,30.0,848,478,20,right_index,0.3513423502445221,0.2618790566921234,0.06114812567830086,0.5534921288490295,0.9988270401954651
side_person17.mp4,side,276,9200,30.0,848,478,21,left_thumb,0.3317717909812927,0.22384177148342133,-0.2530428469181061,0.9385458827018738,0.9980809688568115
side_person17.mp4,side,276,9200,30.0,848,478,22,right_thumb,0.35352346301078796,0.263534277677536,0.08037663251161575,0.5748555064201355,0.9988732933998108
side_person17.mp4,side,276,9200,30.0,848,478,23,left_hip,0.5344040393829346,0.489164263010025,-0.11386246234178543,0.9978010654449463,0.9972372055053711
side_person17.mp4,side,276,9200,30.0,848,478,24,right_hip,0.5270629525184631,0.48907506465911865,0.11375734955072403,0.9956347942352295,0.9968109726905823
side_person17.mp4,side,276,9200,30.0,848,478,25,left_knee,0.5094302892684937,0.6938024163246155,-0.0606582872569561,0.8921642899513245,0.9986176490783691
side_person17.mp4,side,276,9200,30.0,848,478,26,right_knee,0.506994903087616,0.6829208135604858,0.17423909902572632,0.22553148865699768,0.9982068538665771
side_person17.mp4,side,276,9200,30.0,848,478,27,left_ankle,0.5070728659629822,0.8911117315292358,0.03063729964196682,0.9354351162910461,0.9947788715362549
side_person17.mp4,side,276,9200,30.0,848,478,28,right_ankle,0.5096406936645508,0.8599869608879089,0.2738688886165619,0.42854487895965576,0.9974096417427063
side_person17.mp4,side,276,9200,30.0,848,478,29,left_heel,0.51743483543396,0.9256741404533386,0.03591782972216606,0.9340543150901794,0.9899965524673462
side_person17.mp4,side,276,9200,30.0,848,478,30,right_heel,0.518222451210022,0.8905317783355713,0.28223422169685364,0.637588381767273,0.9951338171958923
side_person17.mp4,side,276,9200,30.0,848,478,31,left_foot_index,0.461416631937027,0.929490864276886,-0.03665248304605484,0.9161044359207153,0.9926900267601013
side_person17.mp4,side,276,9200,30.0,848,478,32,right_foot_index,0.4677588641643524,0.8887750506401062,0.22477471828460693,0.6336743831634521,0.9971097111701965
side_person17.mp4,side,277,9233,30.0,848,478,0,nose,0.47306862473487854,0.14730782806873322,-0.05568389222025871,0.9988372325897217,0.9990708827972412
side_person17.mp4,side,277,9233,30.0,848,478,1,left_eye_inner,0.47722557187080383,0.12680786848068237,-0.07918809354305267,0.9987584352493286,0.9987736344337463
side_person17.mp4,side,277,9233,30.0,848,478,2,left_eye,0.47876596450805664,0.12598201632499695,-0.0792289674282074,0.998697817325592,0.9987159967422485
side_person17.mp4,side,277,9233,30.0,848,478,3,left_eye_outer,0.4804028868675232,0.12526671588420868,-0.07921551167964935,0.998967170715332,0.998576283454895
side_person17.mp4,side,277,9233,30.0,848,478,4,right_eye_inner,0.47648921608924866,0.12709805369377136,-0.042545754462480545,0.9985197186470032,0.9989184141159058
side_person17.mp4,side,277,9233,30.0,848,478,5,right_eye,0.4774152636528015,0.1263989359140396,-0.04251725599169731,0.9983624219894409,0.9989251494407654
side_person17.mp4,side,277,9233,30.0,848,478,6,right_eye_outer,0.47850939631462097,0.12570855021476746,-0.04255882650613785,0.9989555478096008,0.998902440071106
side_person17.mp4,side,277,9233,30.0,848,478,7,left_ear,0.495717853307724,0.12921707332134247,-0.13314189016819,0.998031497001648,0.9984915256500244
side_person17.mp4,side,277,9233,30.0,848,478,8,right_ear,0.49349328875541687,0.12918750941753387,0.030516531318426132,0.9982521533966064,0.9987720847129822
side_person17.mp4,side,277,9233,30.0,848,478,9,mouth_left,0.479559987783432,0.16263128817081451,-0.07162629067897797,0.9983348250389099,0.9992382526397705
side_person17.mp4,side,277,9233,30.0,848,478,10,mouth_right,0.47860366106033325,0.16402213275432587,-0.023859601467847824,0.9975994229316711,0.9992786049842834
side_person17.mp4,side,277,9233,30.0,848,478,11,left_shoulder,0.5136825442314148,0.21088752150535583,-0.22696636617183685,0.9994835257530212,0.9987894892692566
side_person17.mp4,side,277,9233,30.0,848,478,12,right_shoulder,0.5111744403839111,0.2327898144721985,0.1530057191848755,0.9983490705490112,0.9987837672233582
side_person17.mp4,side,277,9233,30.0,848,478,13,left_elbow,0.41878461837768555,0.2347773313522339,-0.2969458997249603,0.9898673295974731,0.9991614818572998
side_person17.mp4,side,277,9233,30.0,848,478,14,right_elbow,0.43919846415519714,0.2734168767929077,0.1895364671945572,0.4289897382259369,0.999544084072113
side_person17.mp4,side,277,9233,30.0,848,478,15,left_wrist,0.34707117080688477,0.2304316908121109,-0.2732592523097992,0.976741373538971,0.9984538555145264
side_person17.mp4,side,277,9233,30.0,848,478,16,right_wrist,0.3658887445926666,0.268325537443161,0.09935951977968216,0.5534741878509521,0.9989697933197021
side_person17.mp4,side,277,9233,30.0,848,478,17,left_pinky,0.3238731324672699,0.22215723991394043,-0.3195335566997528,0.9631798267364502,0.9983519315719604
side_person17.mp4,side,277,9233,30.0,848,478,18,right_pinky,0.35246044397354126,0.26545020937919617,0.09900714457035065,0.5334864258766174,0.9987969398498535
side_person17.mp4,side,277,9233,30.0,848,478,19,left_index,0.32445836067199707,0.22045108675956726,-0.2928311824798584,0.9592428803443909,0.9981978535652161
side_person17.mp4,side,277,9233,30.0,848,478,20,right_index,0.3500690460205078,0.26218873262405396,0.05936112999916077,0.5529190301895142,0.998591959476471
side_person17.mp4,side,277,9233,30.0,848,478,21,left_thumb,0.3306921124458313,0.22446098923683167,-0.26383185386657715,0.9383741617202759,0.9982656836509705
side_person17.mp4,side,277,9233,30.0,848,478,22,right_thumb,0.35240134596824646,0.26378509402275085,0.07883566617965698,0.5743082165718079,0.9986359477043152
side_person17.mp4,side,277,9233,30.0,848,478,23,left_hip,0.5364077687263489,0.4893015921115875,-0.11468624323606491,0.9977564811706543,0.997184693813324
side_person17.mp4,side,277,9233,30.0,848,478,24,right_hip,0.5272156596183777,0.4892314672470093,0.11458937078714371,0.9954881072044373,0.9963935017585754
side_person17.mp4,side,277,9233,30.0,848,478,25,left_knee,0.5100224614143372,0.6960463523864746,-0.0573437474668026,0.8912971615791321,0.9987678527832031
side_person17.mp4,side,277,9233,30.0,848,478,26,right_knee,0.5049903988838196,0.6826520562171936,0.181531623005867,0.2210921198129654,0.9980164766311646
side_person17.mp4,side,277,9233,30.0,848,478,27,left_ankle,0.5079582929611206,0.8913374543190002,0.035477232187986374,0.9350283741950989,0.9947845339775085
side_person17.mp4,side,277,9233,30.0,848,478,28,right_ankle,0.5095230937004089,0.859734296798706,0.2887384295463562,0.42476415634155273,0.997330904006958
side_person17.mp4,side,277,9233,30.0,848,478,29,left_heel,0.5183750987052917,0.9268640875816345,0.04065260663628578,0.9331963062286377,0.990139901638031
side_person17.mp4,side,277,9233,30.0,848,478,30,right_heel,0.517475426197052,0.8890348672866821,0.2978500425815582,0.6358473896980286,0.9952517747879028
side_person17.mp4,side,277,9233,30.0,848,478,31,left_foot_index,0.46376508474349976,0.9301795363426208,-0.034981220960617065,0.9155027866363525,0.9927347898483276
side_person17.mp4,side,277,9233,30.0,848,478,32,right_foot_index,0.467852383852005,0.8876845240592957,0.23986268043518066,0.6320511698722839,0.9972768425941467
side_person17.mp4,side,278,9267,30.0,848,478,0,nose,0.4719479978084564,0.1488213688135147,-0.05768688768148422,0.9987101554870605,0.9988237023353577
side_person17.mp4,side,278,9267,30.0,848,478,1,left_eye_inner,0.4758965075016022,0.1285911351442337,-0.08002186566591263,0.9986260533332825,0.9983981251716614
side_person17.mp4,side,278,9267,30.0,848,478,2,left_eye,0.4773450493812561,0.1276906281709671,-0.08006061613559723,0.9985659718513489,0.998306393623352
side_person17.mp4,side,278,9267,30.0,848,478,3,left_eye_outer,0.4789465665817261,0.12687177956104279,-0.08004657924175262,0.998855710029602,0.998113751411438
side_person17.mp4,side,278,9267,30.0,848,478,4,right_eye_inner,0.4752674102783203,0.12894918024539948,-0.04440103471279144,0.9983474016189575,0.9986323714256287
side_person17.mp4,side,278,9267,30.0,848,478,5,right_eye,0.47620028257369995,0.12823668122291565,-0.04438360407948494,0.9981855154037476,0.9986621141433716
side_person17.mp4,side,278,9267,30.0,848,478,6,right_eye_outer,0.4773366451263428,0.1274939775466919,-0.04442848637700081,0.998837947845459,0.9986444115638733
side_person17.mp4,side,278,9267,30.0,848,478,7,left_ear,0.49392208456993103,0.13024118542671204,-0.1313914656639099,0.9978132247924805,0.9980431795120239
side_person17.mp4,side,278,9267,30.0,848,478,8,right_ear,0.4918340742588043,0.13062195479869843,0.027901608496904373,0.9980354905128479,0.9985218644142151
side_person17.mp4,side,278,9267,30.0,848,478,9,mouth_left,0.4786094129085541,0.1636902391910553,-0.07284457236528397,0.998163104057312,0.9990174770355225
side_person17.mp4,side,278,9267,30.0,848,478,10,mouth_right,0.47776392102241516,0.16502802073955536,-0.02644776925444603,0.99735027551651,0.9990977048873901
side_person17.mp4,side,278,9267,30.0,848,478,11,left_shoulder,0.5124534964561462,0.2110423743724823,-0.22529029846191406,0.9994878768920898,0.9983221888542175
side_person17.mp4,side,278,9267,30.0,848,478,12,right_shoulder,0.5093896389007568,0.23285916447639465,0.14816097915172577,0.9983043670654297,0.9984309077262878
side_person17.mp4,side,278,9267,30.0,848,478,13,left_elbow,0.4185587465763092,0.2359658032655716,-0.29396316409111023,0.9897985458374023,0.9988595247268677
side_person17.mp4,side,278,9267,30.0,848,478,14,right_elbow,0.4389655292034149,0.27346110343933105,0.18238984048366547,0.42694029211997986,0.999370276927948
side_person17.mp4,side,278,9267,30.0,848,478,15,left_wrist,0.3471684455871582,0.23465073108673096,-0.2714548110961914,0.9763770699501038,0.9978267550468445
side_person17.mp4,side,278,9267,30.0,848,478,16,right_wrist,0.36459535360336304,0.2689262926578522,0.08910588175058365,0.5504498481750488,0.9984134435653687
side_person17.mp4,side,278,9267,30.0,848,478,17,left_pinky,0.32395288348197937,0.22713087499141693,-0.31751254200935364,0.9626604914665222,0.997626006603241
side_person17.mp4,side,278,9267,30.0,848,478,18,right_pinky,0.3512221574783325,0.2656652629375458,0.0878889188170433,0.5309906601905823,0.9981254935264587
side_person17.mp4,side,278,9267,30.0,848,478,19,left_index,0.3247285485267639,0.2250710427761078,-0.29166412353515625,0.9586710333824158,0.9974097609519958
side_person17.mp4,side,278,9267,30.0,848,478,20,right_index,0.3490479290485382,0.2628841996192932,0.04776537045836449,0.5507249236106873,0.9978089928627014
side_person17.mp4,side,278,9267,30.0,848,478,21,left_thumb,0.3309697210788727,0.2275853306055069,-0.2624101936817169,0.9376351833343506,0.9975282549858093
side_person17.mp4,side,278,9267,30.0,848,478,22,right_thumb,0.3516009449958801,0.26452457904815674,0.06829667091369629,0.5723874568939209,0.9978692531585693
side_person17.mp4,side,278,9267,30.0,848,478,23,left_hip,0.5393401980400085,0.48954206705093384,-0.11534072458744049,0.9976198077201843,0.9963185787200928
side_person17.mp4,side,278,9267,30.0,848,478,24,right_hip,0.5288110971450806,0.4893541932106018,0.11525499820709229,0.9951554536819458,0.9955567717552185
side_person17.mp4,side,278,9267,30.0,848,478,25,left_knee,0.510051429271698,0.6960757374763489,-0.057061679661273956,0.8895657658576965,0.9981788396835327
side_person17.mp4,side,278,9267,30.0,848,478,26,right_knee,0.5045636892318726,0.6822075247764587,0.18297360837459564,0.2138039469718933,0.9969773292541504
side_person17.mp4,side,278,9267,30.0,848,478,27,left_ankle,0.5080428123474121,0.8913319706916809,0.034625060856342316,0.9329906702041626,0.9913792610168457
side_person17.mp4,side,278,9267,30.0,848,478,28,right_ankle,0.5089620351791382,0.8588041067123413,0.2901037037372589,0.41465258598327637,0.9957084655761719
side_person17.mp4,side,278,9267,30.0,848,478,29,left_heel,0.5184900760650635,0.9272110462188721,0.03957495465874672,0.9307116270065308,0.9842262864112854
side_person17.mp4,side,278,9267,30.0,848,478,30,right_heel,0.5164806246757507,0.8878010511398315,0.2989829182624817,0.6269702911376953,0.9926607608795166
side_person17.mp4,side,278,9267,30.0,848,478,31,left_foot_index,0.46405893564224243,0.9301599264144897,-0.036929838359355927,0.913188636302948,0.9892573952674866
side_person17.mp4,side,278,9267,30.0,848,478,32,right_foot_index,0.4677933156490326,0.8876444697380066,0.2401287853717804,0.6241099834442139,0.9959872364997864
side_person17.mp4,side,279,9300,30.0,848,478,0,nose,0.4700762927532196,0.15309680998325348,-0.05576613172888756,0.9985622763633728,0.9989318251609802
side_person17.mp4,side,279,9300,30.0,848,478,1,left_eye_inner,0.47395235300064087,0.13277612626552582,-0.07800637185573578,0.9984799027442932,0.9985902905464172
side_person17.mp4,side,279,9300,30.0,848,478,2,left_eye,0.4753849506378174,0.13184139132499695,-0.0780443325638771,0.9984269738197327,0.9985174536705017
side_person17.mp4,side,279,9300,30.0,848,478,3,left_eye_outer,0.47699490189552307,0.13102293014526367,-0.07803001999855042,0.998738706111908,0.9983639121055603
side_person17.mp4,side,279,9300,30.0,848,478,4,right_eye_inner,0.4733707904815674,0.13305258750915527,-0.04249720647931099,0.9981579780578613,0.9987770915031433
side_person17.mp4,side,279,9300,30.0,848,478,5,right_eye,0.4743233025074005,0.13224859535694122,-0.042480938136577606,0.9979990124702454,0.998795747756958
side_person17.mp4,side,279,9300,30.0,848,478,6,right_eye_outer,0.4755077064037323,0.13141568005084991,-0.04252423718571663,0.9987125992774963,0.9987666606903076
side_person17.mp4,side,279,9300,30.0,848,478,7,left_ear,0.49241477251052856,0.13403542339801788,-0.13008670508861542,0.9975907802581787,0.9983052015304565
side_person17.mp4,side,279,9300,30.0,848,478,8,right_ear,0.4903271794319153,0.13432219624519348,0.02925167605280876,0.9978294968605042,0.9986145496368408
side_person17.mp4,side,279,9300,30.0,848,478,9,mouth_left,0.476931631565094,0.16780079901218414,-0.07093199342489243,0.9979790449142456,0.9991428852081299
side_person17.mp4,side,279,9300,30.0,848,478,10,mouth_right,0.47615349292755127,0.1691792607307434,-0.02475075237452984,0.9970531463623047,0.9991959929466248
side_person17.mp4,side,279,9300,30.0,848,478,11,left_shoulder,0.5112302899360657,0.21364463865756989,-0.22329209744930267,0.9994979500770569,0.9985381364822388
side_person17.mp4,side,279,9300,30.0,848,478,12,right_shoulder,0.5086467266082764,0.23580043017864227,0.14875327050685883,0.9982144832611084,0.9982694387435913
side_person17.mp4,side,279,9300,30.0,848,478,13,left_elbow,0.4184505045413971,0.24048452079296112,-0.29404738545417786,0.9897586107254028,0.9989959597587585
side_person17.mp4,side,279,9300,30.0,848,478,14,right_elbow,0.4376337230205536,0.2751758098602295,0.1825629025697708,0.4227902591228485,0.999321460723877
side_person17.mp4,side,279,9300,30.0,848,478,15,left_wrist,0.34652644395828247,0.24145932495594025,-0.2803090810775757,0.9762056469917297,0.9978137016296387
side_person17.mp4,side,279,9300,30.0,848,478,16,right_wrist,0.36190518736839294,0.27334049344062805,0.09175103902816772,0.544963002204895,0.9982446432113647
side_person17.mp4,side,279,9300,30.0,848,478,17,left_pinky,0.32378867268562317,0.23346714675426483,-0.3275003135204315,0.9624884128570557,0.997563362121582
side_person17.mp4,side,279,9300,30.0,848,478,18,right_pinky,0.3493444621562958,0.2689181864261627,0.09057873487472534,0.5263914465904236,0.9979631900787354
side_person17.mp4,side,279,9300,30.0,848,478,19,left_index,0.3240569531917572,0.22945891320705414,-0.29974251985549927,0.9584169983863831,0.9973681569099426
side_person17.mp4,side,279,9300,30.0,848,478,20,right_index,0.34603580832481384,0.26574060320854187,0.05153673142194748,0.546249270439148,0.9975918531417847
side_person17.mp4,side,279,9300,30.0,848,478,21,left_thumb,0.3302050232887268,0.23341086506843567,-0.27069875597953796,0.9371286630630493,0.9974722266197205
side_person17.mp4,side,279,9300,30.0,848,478,22,right_thumb,0.34880730509757996,0.26823732256889343,0.07133030891418457,0.5686441659927368,0.9976778626441956
side_person17.mp4,side,279,9300,30.0,848,478,23,left_hip,0.5420444011688232,0.492195725440979,-0.11630144715309143,0.9975638389587402,0.9970142841339111
side_person17.mp4,side,279,9300,30.0,848,478,24,right_hip,0.5318562388420105,0.4909598231315613,0.11622683703899384,0.9948131442070007,0.9956603646278381
side_person17.mp4,side,279,9300,30.0,848,478,25,left_knee,0.5095517039299011,0.6971124410629272,-0.05650622770190239,0.8883273601531982,0.9984521865844727
side_person17.mp4,side,279,9300,30.0,848,478,26,right_knee,0.5030000805854797,0.6815689206123352,0.19065140187740326,0.20499137043952942,0.99673992395401
side_person17.mp4,side,279,9300,30.0,848,478,27,left_ankle,0.5050324201583862,0.8914932012557983,0.03582237288355827,0.9311336874961853,0.9906054139137268
side_person17.mp4,side,279,9300,30.0,848,478,28,right_ankle,0.5067667365074158,0.8538646101951599,0.30346938967704773,0.4004059433937073,0.9955276846885681
side_person17.mp4,side,279,9300,30.0,848,478,29,left_heel,0.5175740718841553,0.9274477958679199,0.040824104100465775,0.9282255172729492,0.9827309250831604
side_person17.mp4,side,279,9300,30.0,848,478,30,right_heel,0.5134127140045166,0.8839880228042603,0.313152939081192,0.6148863434791565,0.9926578402519226
side_person17.mp4,side,279,9300,30.0,848,478,31,left_foot_index,0.46180349588394165,0.9287580251693726,-0.03505919873714447,0.9102959632873535,0.9885624647140503
side_person17.mp4,side,279,9300,30.0,848,478,32,right_foot_index,0.46700599789619446,0.8800459504127502,0.25749558210372925,0.6120606064796448,0.9961905479431152
side_person17.mp4,side,280,9333,30.0,848,478,0,nose,0.4676971733570099,0.16236841678619385,-0.07194770127534866,0.9983008503913879,0.9988960027694702
side_person17.mp4,side,280,9333,30.0,848,478,1,left_eye_inner,0.47134631872177124,0.14126251637935638,-0.09367913007736206,0.9982287287712097,0.998680055141449
side_person17.mp4,side,280,9333,30.0,848,478,2,left_eye,0.47282305359840393,0.1402921974658966,-0.09372679889202118,0.9981898069381714,0.9986479878425598
side_person17.mp4,side,280,9333,30.0,848,478,3,left_eye_outer,0.47440946102142334,0.13939721882343292,-0.09372077137231827,0.9985406398773193,0.9985455274581909
side_person17.mp4,side,280,9333,30.0,848,478,4,right_eye_inner,0.4707590639591217,0.14137698709964752,-0.058091554790735245,0.9978258013725281,0.998790442943573
side_person17.mp4,side,280,9333,30.0,848,478,5,right_eye,0.4717365503311157,0.14043878018856049,-0.05806954577565193,0.9976528882980347,0.9987998008728027
side_person17.mp4,side,280,9333,30.0,848,478,6,right_eye_outer,0.4729084372520447,0.13945212960243225,-0.05811366066336632,0.9984657764434814,0.9987710118293762
side_person17.mp4,side,280,9333,30.0,848,478,7,left_ear,0.4900025725364685,0.14140647649765015,-0.1430719941854477,0.9972383975982666,0.9985193610191345
side_person17.mp4,side,280,9333,30.0,848,478,8,right_ear,0.48796218633651733,0.14139437675476074,0.016234325245022774,0.9974178671836853,0.9986186027526855
side_person17.mp4,side,280,9333,30.0,848,478,9,mouth_left,0.4747139513492584,0.17731229960918427,-0.08658278733491898,0.9977463483810425,0.9991545677185059
side_person17.mp4,side,280,9333,30.0,848,478,10,mouth_right,0.47389113903045654,0.17866387963294983,-0.04008021950721741,0.9966292381286621,0.9991637468338013
side_person17.mp4,side,280,9333,30.0,848,478,11,left_shoulder,0.510650634765625,0.21939226984977722,-0.23730729520320892,0.9995051026344299,0.9986041188240051
side_person17.mp4,side,280,9333,30.0,848,478,12,right_shoulder,0.5076847076416016,0.2400231808423996,0.1390334814786911,0.9980807304382324,0.998212456703186
side_person17.mp4,side,280,9333,30.0,848,478,13,left_elbow,0.41846469044685364,0.24892555177211761,-0.3162423372268677,0.9897502660751343,0.9990079998970032
side_person17.mp4,side,280,9333,30.0,848,478,14,right_elbow,0.43702951073646545,0.27824681997299194,0.17682509124279022,0.4161829948425293,0.99928879737854
side_person17.mp4,side,280,9333,30.0,848,478,15,left_wrist,0.34660112857818604,0.24959659576416016,-0.30449506640434265,0.9756520390510559,0.9979717135429382
side_person17.mp4,side,280,9333,30.0,848,478,16,right_wrist,0.36161577701568604,0.27816274762153625,0.08150540292263031,0.5381786227226257,0.9984128475189209
side_person17.mp4,side,280,9333,30.0,848,478,17,left_pinky,0.3239549696445465,0.24432507157325745,-0.35390976071357727,0.9616361260414124,0.9978309273719788
side_person17.mp4,side,280,9333,30.0,848,478,18,right_pinky,0.3489188849925995,0.27480483055114746,0.08013767749071121,0.5209594964981079,0.9981955885887146
side_person17.mp4,side,280,9333,30.0,848,478,19,left_index,0.3242506682872772,0.2382754236459732,-0.3262680470943451,0.9574370980262756,0.9976505637168884
side_person17.mp4,side,280,9333,30.0,848,478,20,right_index,0.3454955816268921,0.27252069115638733,0.03891317918896675,0.5410320162773132,0.9978773593902588
side_person17.mp4,side,280,9333,30.0,848,478,21,left_thumb,0.3303920030593872,0.24362775683403015,-0.2952250838279724,0.935498833656311,0.9977231621742249
side_person17.mp4,side,280,9333,30.0,848,478,22,right_thumb,0.3487109839916229,0.27417632937431335,0.060084857046604156,0.5641501545906067,0.9979516863822937
side_person17.mp4,side,280,9333,30.0,848,478,23,left_hip,0.5461103320121765,0.4968005120754242,-0.11772771924734116,0.997543215751648,0.997372031211853
side_person17.mp4,side,280,9333,30.0,848,478,24,right_hip,0.5337781310081482,0.4940515160560608,0.1176643967628479,0.994488000869751,0.9959094524383545
side_person17.mp4,side,280,9333,30.0,848,478,25,left_knee,0.5106244087219238,0.6997289061546326,-0.050686366856098175,0.8885630965232849,0.9989602565765381
side_person17.mp4,side,280,9333,30.0,848,478,26,right_knee,0.5016700029373169,0.6808843612670898,0.20322443544864655,0.20005926489830017,0.9975165128707886
side_person17.mp4,side,280,9333,30.0,848,478,27,left_ankle,0.5043150186538696,0.8915902376174927,0.045011430978775024,0.9317637085914612,0.9946005344390869
side_person17.mp4,side,280,9333,30.0,848,478,28,right_ankle,0.5051032304763794,0.8529341816902161,0.32472747564315796,0.39395958185195923,0.9973498582839966
side_person17.mp4,side,280,9333,30.0,848,478,29,left_heel,0.5163477659225464,0.9274603724479675,0.049833863973617554,0.9281116127967834,0.9898813366889954
side_person17.mp4,side,280,9333,30.0,848,478,30,right_heel,0.5103887319564819,0.8832234144210815,0.3352758288383484,0.6114788055419922,0.9957582354545593
side_person17.mp4,side,280,9333,30.0,848,478,31,left_foot_index,0.46043288707733154,0.927909255027771,-0.029596630483865738,0.9102897644042969,0.9929225444793701
side_person17.mp4,side,280,9333,30.0,848,478,32,right_foot_index,0.4658699333667755,0.8774385452270508,0.28146830201148987,0.6081979870796204,0.9978088736534119
side_person17.mp4,side,281,9367,30.0,848,478,0,nose,0.46572422981262207,0.17438973486423492,-0.06754927337169647,0.9982860088348389,0.9990888833999634
side_person17.mp4,side,281,9367,30.0,848,478,1,left_eye_inner,0.4686669707298279,0.15256236493587494,-0.08929537236690521,0.9982050061225891,0.9988620281219482
side_person17.mp4,side,281,9367,30.0,848,478,2,left_eye,0.4701501727104187,0.15151093900203705,-0.08934113383293152,0.998176634311676,0.9988369345664978
side_person17.mp4,side,281,9367,30.0,848,478,3,left_eye_outer,0.4717491865158081,0.15054544806480408,-0.08933562785387039,0.9985317587852478,0.9987320303916931
side_person17.mp4,side,281,9367,30.0,848,478,4,right_eye_inner,0.46820521354675293,0.15260718762874603,-0.053660061210393906,0.9977977871894836,0.9989666938781738
side_person17.mp4,side,281,9367,30.0,848,478,5,right_eye,0.4692499339580536,0.15155212581157684,-0.05363565683364868,0.9976241588592529,0.9989691972732544
side_person17.mp4,side,281,9367,30.0,848,478,6,right_eye_outer,0.47049590945243835,0.15045253932476044,-0.0536753349006176,0.9984425902366638,0.9989470839500427
side_person17.mp4,side,281,9367,30.0,848,478,7,left_ear,0.4874594807624817,0.15166252851486206,-0.13892552256584167,0.9972323775291443,0.9986371397972107
side_person17.mp4,side,281,9367,30.0,848,478,8,right_ear,0.4856770634651184,0.1512659341096878,0.02010970376431942,0.9973930716514587,0.998776376247406
side_person17.mp4,side,281,9367,30.0,848,478,9,mouth_left,0.4728720784187317,0.18935707211494446,-0.0824308842420578,0.9977269768714905,0.9990984201431274
side_person17.mp4,side,281,9367,30.0,848,478,10,mouth_right,0.4721814692020416,0.19058550894260406,-0.035879235714673996,0.9965671896934509,0.9990965127944946
side_person17.mp4,side,281,9367,30.0,848,478,11,left_shoulder,0.5099645853042603,0.22868594527244568,-0.23259559273719788,0.9995066523551941,0.9979605674743652
side_person17.mp4,side,281,9367,30.0,848,478,12,right_shoulder,0.5072585940361023,0.24692536890506744,0.14103898406028748,0.9979965686798096,0.9976902008056641
side_person17.mp4,side,281,9367,30.0,848,478,13,left_elbow,0.4178104102611542,0.2590181529521942,-0.31190982460975647,0.9899213910102844,0.9987578392028809
side_person17.mp4,side,281,9367,30.0,848,478,14,right_elbow,0.4367205500602722,0.28263190388679504,0.17818190157413483,0.4150903522968292,0.9992197751998901
side_person17.mp4,side,281,9367,30.0,848,478,15,left_wrist,0.3434896767139435,0.2584957480430603,-0.2971656322479248,0.9756783246994019,0.9973637461662292
side_person17.mp4,side,281,9367,30.0,848,478,16,right_wrist,0.3615717589855194,0.28350767493247986,0.08227893710136414,0.5328801870346069,0.9977797865867615
side_person17.mp4,side,281,9367,30.0,848,478,17,left_pinky,0.32289430499076843,0.2536708116531372,-0.3458385169506073,0.9614373445510864,0.9970470070838928
side_person17.mp4,side,281,9367,30.0,848,478,18,right_pinky,0.34886878728866577,0.28167736530303955,0.08076366037130356,0.5162957310676575,0.9973649382591248
side_person17.mp4,side,281,9367,30.0,848,478,19,left_index,0.3225764036178589,0.24825593829154968,-0.3178817927837372,0.9571483135223389,0.9969972372055054
side_person17.mp4,side,281,9367,30.0,848,478,20,right_index,0.3456076383590698,0.2790786623954773,0.039954595267772675,0.536892831325531,0.996945321559906
side_person17.mp4,side,281,9367,30.0,848,478,21,left_thumb,0.32918044924736023,0.25310343503952026,-0.28783366084098816,0.9348781108856201,0.9971074461936951
side_person17.mp4,side,281,9367,30.0,848,478,22,right_thumb,0.3487642705440521,0.28077107667922974,0.060970183461904526,0.5602977275848389,0.9970672726631165
side_person17.mp4,side,281,9367,30.0,848,478,23,left_hip,0.5488407015800476,0.5011768341064453,-0.11721736192703247,0.9974654912948608,0.996679425239563
side_person17.mp4,side,281,9367,30.0,848,478,24,right_hip,0.5368403792381287,0.4988501965999603,0.1171836107969284,0.9943172931671143,0.9957365989685059
side_person17.mp4,side,281,9367,30.0,848,478,25,left_knee,0.5113103985786438,0.701683759689331,-0.06207123398780823,0.8899521827697754,0.9968543648719788
side_person17.mp4,side,281,9367,30.0,848,478,26,right_knee,0.49848663806915283,0.6823356747627258,0.16273576021194458,0.20630201697349548,0.9953455328941345
side_person17.mp4,side,281,9367,30.0,848,478,27,left_ankle,0.5038469433784485,0.8925834894180298,0.03601289540529251,0.9312087893486023,0.9832655191421509
side_person17.mp4,side,281,9367,30.0,848,478,28,right_ankle,0.504607081413269,0.8563616275787354,0.27096042037010193,0.39634180068969727,0.9937088489532471
side_person17.mp4,side,281,9367,30.0,848,478,29,left_heel,0.5151059031486511,0.928196132183075,0.04087824746966362,0.9259225726127625,0.9722909927368164
side_person17.mp4,side,281,9367,30.0,848,478,30,right_heel,0.5101954340934753,0.8887312412261963,0.2796551287174225,0.6123093962669373,0.9896687865257263
side_person17.mp4,side,281,9367,30.0,848,478,31,left_foot_index,0.4603455066680908,0.9272081255912781,-0.04097554832696915,0.9082056283950806,0.9808628559112549
side_person17.mp4,side,281,9367,30.0,848,478,32,right_foot_index,0.4646863639354706,0.8885685801506042,0.21781013906002045,0.6055310964584351,0.9931973218917847
side_person17.mp4,side,282,9400,30.0,848,478,0,nose,0.46406984329223633,0.1888672411441803,-0.0747753381729126,0.9981973767280579,0.9982929825782776
side_person17.mp4,side,282,9400,30.0,848,478,1,left_eye_inner,0.4663585424423218,0.1666967123746872,-0.09733013063669205,0.9980923533439636,0.9980680346488953
side_person17.mp4,side,282,9400,30.0,848,478,2,left_eye,0.4677239954471588,0.16556775569915771,-0.09738990664482117,0.9980764389038086,0.9980695843696594
side_person17.mp4,side,282,9400,30.0,848,478,3,left_eye_outer,0.4692685008049011,0.1644219309091568,-0.0973963662981987,0.9984601140022278,0.9979585409164429
side_person17.mp4,side,282,9400,30.0,848,478,4,right_eye_inner,0.46620431542396545,0.16653160750865936,-0.06107327342033386,0.9976562857627869,0.9981563687324524
side_person17.mp4,side,282,9400,30.0,848,478,5,right_eye,0.4673660695552826,0.16526465117931366,-0.061037544161081314,0.9974719882011414,0.9981669187545776
side_person17.mp4,side,282,9400,30.0,848,478,6,right_eye_outer,0.46878260374069214,0.16385743021965027,-0.06108152121305466,0.9983363747596741,0.9981467723846436
side_person17.mp4,side,282,9400,30.0,848,478,7,left_ear,0.4842866063117981,0.16434164345264435,-0.14787299931049347,0.9971134066581726,0.9980077147483826
side_person17.mp4,side,282,9400,30.0,848,478,8,right_ear,0.48328229784965515,0.1632237434387207,0.014017634093761444,0.9972405433654785,0.9980288147926331
side_person17.mp4,side,282,9400,30.0,848,478,9,mouth_left,0.4714492857456207,0.20392616093158722,-0.0901719480752945,0.9976556301116943,0.9986051917076111
side_person17.mp4,side,282,9400,30.0,848,478,10,mouth_right,0.47098731994628906,0.20478643476963043,-0.042839162051677704,0.9963818192481995,0.9985235333442688
side_person17.mp4,side,282,9400,30.0,848,478,11,left_shoulder,0.509277880191803,0.23974168300628662,-0.23813839256763458,0.9994946718215942,0.9976905584335327
side_person17.mp4,side,282,9400,30.0,848,478,12,right_shoulder,0.505935788154602,0.25545182824134827,0.13314273953437805,0.9978758692741394,0.9971664547920227
side_person17.mp4,side,282,9400,30.0,848,478,13,left_elbow,0.41713574528694153,0.2683703303337097,-0.315826952457428,0.9897081851959229,0.9983915686607361
side_person17.mp4,side,282,9400,30.0,848,478,14,right_elbow,0.4361577332019806,0.2909754812717438,0.16914412379264832,0.40699610114097595,0.9989149570465088
side_person17.mp4,side,282,9400,30.0,848,478,15,left_wrist,0.3395960032939911,0.2666567265987396,-0.29012835025787354,0.9744455218315125,0.9964027404785156
side_person17.mp4,side,282,9400,30.0,848,478,16,right_wrist,0.36172744631767273,0.2908100187778473,0.07237866520881653,0.517882764339447,0.9964855909347534
side_person17.mp4,side,282,9400,30.0,848,478,17,left_pinky,0.3212449550628662,0.26362282037734985,-0.3374718725681305,0.9594857096672058,0.996096670627594
side_person17.mp4,side,282,9400,30.0,848,478,18,right_pinky,0.34834393858909607,0.289197713136673,0.0692017525434494,0.5035815238952637,0.9958721995353699
side_person17.mp4,side,282,9400,30.0,848,478,19,left_index,0.3215906620025635,0.2583603858947754,-0.31015777587890625,0.9550206661224365,0.996056079864502
side_person17.mp4,side,282,9400,30.0,848,478,20,right_index,0.3456858992576599,0.2877677083015442,0.029388267546892166,0.5246630311012268,0.9951536655426025
side_person17.mp4,side,282,9400,30.0,848,478,21,left_thumb,0.327812135219574,0.2620140314102173,-0.280828595161438,0.9315799474716187,0.9961125254631042
side_person17.mp4,side,282,9400,30.0,848,478,22,right_thumb,0.34881463646888733,0.28859037160873413,0.05111733451485634,0.5481908917427063,0.995324969291687
side_person17.mp4,side,282,9400,30.0,848,478,23,left_hip,0.5523852705955505,0.5068534016609192,-0.11502109467983246,0.997438907623291,0.9972885847091675
side_person17.mp4,side,282,9400,30.0,848,478,24,right_hip,0.537870466709137,0.5046976208686829,0.11501359194517136,0.9942836165428162,0.9961209893226624
side_person17.mp4,side,282,9400,30.0,848,478,25,left_knee,0.5154700875282288,0.708670973777771,-0.0620797798037529,0.8918063044548035,0.9974870681762695
side_person17.mp4,side,282,9400,30.0,848,478,26,right_knee,0.4928613007068634,0.682298481464386,0.15020667016506195,0.22185510396957397,0.9959384202957153
side_person17.mp4,side,282,9400,30.0,848,478,27,left_ankle,0.5039114952087402,0.8946858644485474,0.035132501274347305,0.9319534301757812,0.987978458404541
side_person17.mp4,side,282,9400,30.0,848,478,28,right_ankle,0.5015929937362671,0.8650752305984497,0.2654169499874115,0.4098495841026306,0.9959989786148071
side_person17.mp4,side,282,9400,30.0,848,478,29,left_heel,0.514785885810852,0.929770827293396,0.03991592302918434,0.9237767457962036,0.9801571369171143
side_person17.mp4,side,282,9400,30.0,848,478,30,right_heel,0.5081124305725098,0.8955193758010864,0.2748774290084839,0.6191645264625549,0.9936529397964478
side_person17.mp4,side,282,9400,30.0,848,478,31,left_foot_index,0.4606677293777466,0.9271957278251648,-0.04119246080517769,0.9083037376403809,0.9839470386505127
side_person17.mp4,side,282,9400,30.0,848,478,32,right_foot_index,0.46318644285202026,0.8994510173797607,0.21436971426010132,0.6124391555786133,0.9949650168418884
side_person17.mp4,side,283,9433,30.0,848,478,0,nose,0.4627193212509155,0.20190288126468658,-0.08634655177593231,0.9981178641319275,0.9983501434326172
side_person17.mp4,side,283,9433,30.0,848,478,1,left_eye_inner,0.4642166197299957,0.18005745112895966,-0.10891076922416687,0.9979969263076782,0.9982337951660156
side_person17.mp4,side,283,9433,30.0,848,478,2,left_eye,0.46556368470191956,0.17884618043899536,-0.1089702695608139,0.9979928731918335,0.9982695579528809
side_person17.mp4,side,283,9433,30.0,848,478,3,left_eye_outer,0.4671034514904022,0.17768508195877075,-0.1089857742190361,0.9984089732170105,0.9982202649116516
side_person17.mp4,side,283,9433,30.0,848,478,4,right_eye_inner,0.4640609323978424,0.1801152527332306,-0.07226808369159698,0.9975146651268005,0.9982333183288574
side_person17.mp4,side,283,9433,30.0,848,478,5,right_eye,0.4652228057384491,0.1788615882396698,-0.07223457843065262,0.9973207712173462,0.9982220530509949
side_person17.mp4,side,283,9433,30.0,848,478,6,right_eye_outer,0.4666321873664856,0.17751719057559967,-0.07227663695812225,0.9982311725616455,0.9981855750083923
side_person17.mp4,side,283,9433,30.0,848,478,7,left_ear,0.48199334740638733,0.17679408192634583,-0.1593005359172821,0.9969903826713562,0.9982790946960449
side_person17.mp4,side,283,9433,30.0,848,478,8,right_ear,0.4809308350086212,0.1759551465511322,0.004324937239289284,0.9970488548278809,0.9980260729789734
side_person17.mp4,side,283,9433,30.0,848,478,9,mouth_left,0.47026827931404114,0.21609124541282654,-0.10177930444478989,0.9975643157958984,0.9986792206764221
side_person17.mp4,side,283,9433,30.0,848,478,10,mouth_right,0.46982935070991516,0.21714571118354797,-0.05393858999013901,0.9961271286010742,0.9984910488128662
side_person17.mp4,side,283,9433,30.0,848,478,11,left_shoulder,0.5084124207496643,0.2501858174800873,-0.24789340794086456,0.9994864463806152,0.9980111122131348
side_person17.mp4,side,283,9433,30.0,848,478,12,right_shoulder,0.505982518196106,0.26424989104270935,0.12306856364011765,0.9977124333381653,0.9969514608383179
side_person17.mp4,side,283,9433,30.0,848,478,13,left_elbow,0.4171156883239746,0.28153616189956665,-0.3263108730316162,0.9895331859588623,0.998544454574585
side_person17.mp4,side,283,9433,30.0,848,478,14,right_elbow,0.43606093525886536,0.300935298204422,0.1570839136838913,0.3956559896469116,0.9988228678703308
side_person17.mp4,side,283,9433,30.0,848,478,15,left_wrist,0.3400448262691498,0.28042787313461304,-0.29692843556404114,0.9738020896911621,0.9965711832046509
side_person17.mp4,side,283,9433,30.0,848,478,16,right_wrist,0.36186927556991577,0.3006110191345215,0.0625261589884758,0.4996207654476166,0.9959406852722168
side_person17.mp4,side,283,9433,30.0,848,478,17,left_pinky,0.32138118147850037,0.2785455286502838,-0.3448258638381958,0.9584658145904541,0.9961233735084534
side_person17.mp4,side,283,9433,30.0,848,478,18,right_pinky,0.34885820746421814,0.2970002293586731,0.05947265401482582,0.48789554834365845,0.9953089356422424
side_person17.mp4,side,283,9433,30.0,848,478,19,left_index,0.32177385687828064,0.2732604742050171,-0.31824809312820435,0.9539170861244202,0.9961258769035339
side_person17.mp4,side,283,9433,30.0,848,478,20,right_index,0.34570690989494324,0.29579734802246094,0.020345240831375122,0.5089744329452515,0.9944327473640442
side_person17.mp4,side,283,9433,30.0,848,478,21,left_thumb,0.3280358612537384,0.27678200602531433,-0.2880666255950928,0.9296219348907471,0.9962410926818848
side_person17.mp4,side,283,9433,30.0,848,478,22,right_thumb,0.3488498330116272,0.2967607080936432,0.04151816666126251,0.5326309204101562,0.9945995807647705
side_person17.mp4,side,283,9433,30.0,848,478,23,left_hip,0.5548805594444275,0.5130687952041626,-0.11402525007724762,0.9974512457847595,0.9981209635734558
side_person17.mp4,side,283,9433,30.0,848,478,24,right_hip,0.5393881797790527,0.5109769701957703,0.11403913050889969,0.9942927360534668,0.9970976114273071
side_person17.mp4,side,283,9433,30.0,848,478,25,left_knee,0.5164306163787842,0.7161278128623962,-0.0627950057387352,0.8933196663856506,0.9979413151741028
side_person17.mp4,side,283,9433,30.0,848,478,26,right_knee,0.49056607484817505,0.6847307682037354,0.14708350598812103,0.23660573363304138,0.9964070916175842
side_person17.mp4,side,283,9433,30.0,848,478,27,left_ankle,0.5047059059143066,0.8968343138694763,0.034903306514024734,0.9328128099441528,0.9922377467155457
side_person17.mp4,side,283,9433,30.0,848,478,28,right_ankle,0.5012856125831604,0.8662493824958801,0.2683667540550232,0.4229559004306793,0.9972811937332153
side_person17.mp4,side,283,9433,30.0,848,478,29,left_heel,0.5146870613098145,0.9298056960105896,0.03989453986287117,0.9223707318305969,0.9878149032592773
side_person17.mp4,side,283,9433,30.0,848,478,30,right_heel,0.5072445869445801,0.8956540822982788,0.2783920466899872,0.6257355213165283,0.995945155620575
side_person17.mp4,side,283,9433,30.0,848,478,31,left_foot_index,0.4617180824279785,0.9273393750190735,-0.040610384196043015,0.9087972044944763,0.9895869493484497
side_person17.mp4,side,283,9433,30.0,848,478,32,right_foot_index,0.4632439613342285,0.9007174372673035,0.2201547473669052,0.619413435459137,0.9966192245483398
side_person17.mp4,side,284,9467,30.0,848,478,0,nose,0.46119341254234314,0.21481485664844513,-0.08901474624872208,0.9980716109275818,0.9985164999961853
side_person17.mp4,side,284,9467,30.0,848,478,1,left_eye_inner,0.46222734451293945,0.1934896856546402,-0.1112092137336731,0.9979397654533386,0.9983693957328796
side_person17.mp4,side,284,9467,30.0,848,478,2,left_eye,0.4635436236858368,0.19210299849510193,-0.1112653836607933,0.9979483485221863,0.9983943104743958
side_person17.mp4,side,284,9467,30.0,848,478,3,left_eye_outer,0.46509435772895813,0.1907590627670288,-0.11128047108650208,0.998384416103363,0.9983541965484619
side_person17.mp4,side,284,9467,30.0,848,478,4,right_eye_inner,0.46201077103614807,0.1937306672334671,-0.07529250532388687,0.9974217414855957,0.9983538389205933
side_person17.mp4,side,284,9467,30.0,848,478,5,right_eye,0.46315038204193115,0.1924087554216385,-0.07527121156454086,0.9972330331802368,0.9983313679695129
side_person17.mp4,side,284,9467,30.0,848,478,6,right_eye_outer,0.4645642042160034,0.19096766412258148,-0.075307197868824,0.998160183429718,0.9982683658599854
side_person17.mp4,side,284,9467,30.0,848,478,7,left_ear,0.4798823893070221,0.188717320561409,-0.16070029139518738,0.996917724609375,0.9984151124954224
side_person17.mp4,side,284,9467,30.0,848,478,8,right_ear,0.478610634803772,0.18807876110076904,-0.00047470966819673777,0.9969291090965271,0.9981069564819336
side_person17.mp4,side,284,9467,30.0,848,478,9,mouth_left,0.46918395161628723,0.2283894270658493,-0.10411234945058823,0.9975056648254395,0.9988283514976501
side_person17.mp4,side,284,9467,30.0,848,478,10,mouth_right,0.46869879961013794,0.22946682572364807,-0.05726514384150505,0.9959251284599304,0.9986187219619751
side_person17.mp4,side,284,9467,30.0,848,478,11,left_shoulder,0.5075964331626892,0.2610240578651428,-0.24882368743419647,0.9994865655899048,0.998225748538971
side_person17.mp4,side,284,9467,30.0,848,478,12,right_shoulder,0.5044514536857605,0.27603879570961,0.117928147315979,0.9975705146789551,0.997093915939331
side_person17.mp4,side,284,9467,30.0,848,478,13,left_elbow,0.4172278642654419,0.2938271462917328,-0.323252409696579,0.9893524646759033,0.9987775683403015
side_person17.mp4,side,284,9467,30.0,848,478,14,right_elbow,0.43531399965286255,0.3124159276485443,0.15052984654903412,0.3866980969905853,0.9990070462226868
side_person17.mp4,side,284,9467,30.0,848,478,15,left_wrist,0.3401971459388733,0.2909311056137085,-0.293331116437912,0.9735904932022095,0.9969131946563721
side_person17.mp4,side,284,9467,30.0,848,478,16,right_wrist,0.36182039976119995,0.3077624440193176,0.060319263488054276,0.48407304286956787,0.9959648847579956
side_person17.mp4,side,284,9467,30.0,848,478,17,left_pinky,0.32147184014320374,0.2908020317554474,-0.3406449556350708,0.9582148194313049,0.9962557554244995
side_person17.mp4,side,284,9467,30.0,848,478,18,right_pinky,0.3469028174877167,0.3047962188720703,0.0579339936375618,0.47469133138656616,0.9950984120368958
side_person17.mp4,side,284,9467,30.0,848,478,19,left_index,0.3218787908554077,0.2857652008533478,-0.3144530951976776,0.9536380767822266,0.9962564706802368
side_person17.mp4,side,284,9467,30.0,848,478,20,right_index,0.3449488878250122,0.3023267388343811,0.019175799563527107,0.49553653597831726,0.994143545627594
side_person17.mp4,side,284,9467,30.0,848,478,21,left_thumb,0.32822632789611816,0.28840047121047974,-0.28449103236198425,0.9289705753326416,0.9964326620101929
side_person17.mp4,side,284,9467,30.0,848,478,22,right_thumb,0.34815308451652527,0.3044508695602417,0.03964376449584961,0.5196423530578613,0.99442458152771
side_person17.mp4,side,284,9467,30.0,848,478,23,left_hip,0.5579087734222412,0.5184154510498047,-0.11353348940610886,0.9975190162658691,0.9986730813980103
side_person17.mp4,side,284,9467,30.0,848,478,24,right_hip,0.5409880876541138,0.5172380208969116,0.11355196684598923,0.9943951368331909,0.9979070425033569
side_person17.mp4,side,284,9467,30.0,848,478,25,left_knee,0.5160977840423584,0.7235745191574097,-0.06479062885046005,0.8953574895858765,0.9984795451164246
side_person17.mp4,side,284,9467,30.0,848,478,26,right_knee,0.48811954259872437,0.6846885681152344,0.14789091050624847,0.24782100319862366,0.9969099164009094
side_person17.mp4,side,284,9467,30.0,848,478,27,left_ankle,0.5052676200866699,0.9010789394378662,0.03354489430785179,0.9344291687011719,0.9939624667167664
side_person17.mp4,side,284,9467,30.0,848,478,28,right_ankle,0.499651163816452,0.869279146194458,0.2693740725517273,0.4344642162322998,0.9979017972946167
side_person17.mp4,side,284,9467,30.0,848,478,29,left_heel,0.5147088766098022,0.9300400614738464,0.03889064863324165,0.9223088026046753,0.9904128909111023
side_person17.mp4,side,284,9467,30.0,848,478,30,right_heel,0.5076088309288025,0.8957945108413696,0.27963393926620483,0.6310244798660278,0.9969467520713806
side_person17.mp4,side,284,9467,30.0,848,478,31,left_foot_index,0.4610108733177185,0.927351176738739,-0.04072699323296547,0.9104675054550171,0.9915785789489746
side_person17.mp4,side,284,9467,30.0,848,478,32,right_foot_index,0.46290135383605957,0.8993648290634155,0.22319088876247406,0.6263478398323059,0.9973812699317932
side_person17.mp4,side,285,9500,30.0,848,478,0,nose,0.4597127437591553,0.22799590229988098,-0.08513239026069641,0.9979608058929443,0.9968194961547852
side_person17.mp4,side,285,9500,30.0,848,478,1,left_eye_inner,0.46058693528175354,0.2065611332654953,-0.1066880151629448,0.997826874256134,0.9968703389167786
side_person17.mp4,side,285,9500,30.0,848,478,2,left_eye,0.46181952953338623,0.20528532564640045,-0.1067257821559906,0.9978490471839905,0.9969430565834045
side_person17.mp4,side,285,9500,30.0,848,478,3,left_eye_outer,0.4632856547832489,0.2040267437696457,-0.1067083477973938,0.9983305335044861,0.9969080090522766
side_person17.mp4,side,285,9500,30.0,848,478,4,right_eye_inner,0.4604838788509369,0.20653177797794342,-0.07100620120763779,0.9972601532936096,0.9967473745346069
side_person17.mp4,side,285,9500,30.0,848,478,5,right_eye,0.46161800622940063,0.20518533885478973,-0.07097645848989487,0.9970676898956299,0.996691107749939
side_person17.mp4,side,285,9500,30.0,848,478,6,right_eye_outer,0.46303507685661316,0.20371703803539276,-0.07100950926542282,0.9980471730232239,0.9965587258338928
side_person17.mp4,side,285,9500,30.0,848,478,7,left_ear,0.4776543974876404,0.20171135663986206,-0.15489302575588226,0.996780276298523,0.9970627427101135
side_person17.mp4,side,285,9500,30.0,848,478,8,right_ear,0.4767005145549774,0.2006690949201584,0.004975592251867056,0.9968011975288391,0.9964078068733215
side_person17.mp4,side,285,9500,30.0,848,478,9,mouth_left,0.46745091676712036,0.24104182422161102,-0.09893470257520676,0.9973781108856201,0.9974426031112671
side_person17.mp4,side,285,9500,30.0,848,478,10,mouth_right,0.4671775996685028,0.24193470180034637,-0.05233268812298775,0.995564341545105,0.9969546794891357
side_person17.mp4,side,285,9500,30.0,848,478,11,left_shoulder,0.5058870911598206,0.2739143967628479,-0.24688677489757538,0.9994469881057739,0.9962749481201172
side_person17.mp4,side,285,9500,30.0,848,478,12,right_shoulder,0.5044253468513489,0.2833951413631439,0.12254942953586578,0.9972344636917114,0.9945991039276123
side_person17.mp4,side,285,9500,30.0,848,478,13,left_elbow,0.4166511595249176,0.30919429659843445,-0.31929680705070496,0.9886385798454285,0.9978922009468079
side_person17.mp4,side,285,9500,30.0,848,478,14,right_elbow,0.4349842667579651,0.32052817940711975,0.15499351918697357,0.36932167410850525,0.9980401396751404
side_person17.mp4,side,285,9500,30.0,848,478,15,left_wrist,0.3385465443134308,0.30267947912216187,-0.2763710021972656,0.9723459482192993,0.9938241243362427
side_person17.mp4,side,285,9500,30.0,848,478,16,right_wrist,0.3615429997444153,0.3168545663356781,0.0665249302983284,0.45834213495254517,0.99111008644104
side_person17.mp4,side,285,9500,30.0,848,478,17,left_pinky,0.32088857889175415,0.30285608768463135,-0.3213249146938324,0.9568812251091003,0.9926180243492126
side_person17.mp4,side,285,9500,30.0,848,478,18,right_pinky,0.3471055030822754,0.31437966227531433,0.06459365785121918,0.45206624269485474,0.9898500442504883
side_person17.mp4,side,285,9500,30.0,848,478,19,left_index,0.3211497962474823,0.2963925302028656,-0.2952948212623596,0.952219545841217,0.9925456643104553
side_person17.mp4,side,285,9500,30.0,848,478,20,right_index,0.3441316485404968,0.31115633249282837,0.025514379143714905,0.47223761677742004,0.9876558780670166
side_person17.mp4,side,285,9500,30.0,848,478,21,left_thumb,0.3275104761123657,0.2988007366657257,-0.26769140362739563,0.9267778396606445,0.9928148984909058
side_person17.mp4,side,285,9500,30.0,848,478,22,right_thumb,0.3476119041442871,0.31409063935279846,0.04588235542178154,0.4964510202407837,0.9880766868591309
side_person17.mp4,side,285,9500,30.0,848,478,23,left_hip,0.5598974823951721,0.5316172242164612,-0.11210880428552628,0.9975593686103821,0.9979559183120728
side_person17.mp4,side,285,9500,30.0,848,478,24,right_hip,0.5421193838119507,0.528268575668335,0.11214498430490494,0.9944283366203308,0.9969702959060669
side_person17.mp4,side,285,9500,30.0,848,478,25,left_knee,0.5144774913787842,0.7329404354095459,-0.07362918555736542,0.8983837366104126,0.9967641830444336
side_person17.mp4,side,285,9500,30.0,848,478,26,right_knee,0.4857880175113678,0.6864028573036194,0.13184519112110138,0.2631004750728607,0.9943850040435791
side_person17.mp4,side,285,9500,30.0,848,478,27,left_ankle,0.5054309964179993,0.9062537550926208,0.017954889684915543,0.9353644251823425,0.9842119812965393
side_person17.mp4,side,285,9500,30.0,848,478,28,right_ankle,0.49693700671195984,0.87275230884552,0.2451947182416916,0.443220853805542,0.9954980611801147
side_person17.mp4,side,285,9500,30.0,848,478,29,left_heel,0.5147091746330261,0.9305698275566101,0.02340223267674446,0.920746922492981,0.9763138890266418
side_person17.mp4,side,285,9500,30.0,848,478,30,right_heel,0.5066850185394287,0.8971357345581055,0.2553337812423706,0.634118914604187,0.993413507938385
side_person17.mp4,side,285,9500,30.0,848,478,31,left_foot_index,0.4609096050262451,0.9286901950836182,-0.04552220553159714,0.9103776216506958,0.9790714979171753
side_person17.mp4,side,285,9500,30.0,848,478,32,right_foot_index,0.4614142179489136,0.9005624055862427,0.20933797955513,0.6285600662231445,0.9938365817070007
side_person17.mp4,side,286,9533,30.0,848,478,0,nose,0.458674818277359,0.24169501662254333,-0.08774051070213318,0.9978955388069153,0.9966439008712769
side_person17.mp4,side,286,9533,30.0,848,478,1,left_eye_inner,0.45936319231987,0.22043968737125397,-0.1095368042588234,0.9977208971977234,0.996522068977356
side_person17.mp4,side,286,9533,30.0,848,478,2,left_eye,0.4605317711830139,0.21911239624023438,-0.10958831012248993,0.9977579116821289,0.9965392351150513
side_person17.mp4,side,286,9533,30.0,848,478,3,left_eye_outer,0.46191614866256714,0.21784083545207977,-0.1095985397696495,0.9982761144638062,0.9964442849159241
side_person17.mp4,side,286,9533,30.0,848,478,4,right_eye_inner,0.4592457115650177,0.2204810380935669,-0.07429949939250946,0.9971149563789368,0.9965391159057617
side_person17.mp4,side,286,9533,30.0,848,478,5,right_eye,0.4603276252746582,0.21910159289836884,-0.07429173588752747,0.9969189167022705,0.9965141415596008
side_person17.mp4,side,286,9533,30.0,848,478,6,right_eye_outer,0.46169334650039673,0.21758222579956055,-0.0743318423628807,0.9979410767555237,0.9964045286178589
side_person17.mp4,side,286,9533,30.0,848,478,7,left_ear,0.47601670026779175,0.21506193280220032,-0.15921473503112793,0.9966209530830383,0.9963699579238892
side_person17.mp4,side,286,9533,30.0,848,478,8,right_ear,0.475132554769516,0.21386732161045074,-0.0018064632313326001,0.9966694116592407,0.9961354732513428
side_person17.mp4,side,286,9533,30.0,848,478,9,mouth_left,0.46651509404182434,0.2541494071483612,-0.10273803770542145,0.9972395896911621,0.9968122839927673
side_person17.mp4,side,286,9533,30.0,848,478,10,mouth_right,0.46620628237724304,0.2549772560596466,-0.05671962350606918,0.9952012896537781,0.9963995218276978
side_person17.mp4,side,286,9533,30.0,848,478,11,left_shoulder,0.5047214031219482,0.2866992652416229,-0.2469634711742401,0.999396562576294,0.9941644072532654
side_person17.mp4,side,286,9533,30.0,848,478,12,right_shoulder,0.5041078925132751,0.29450926184654236,0.10983338207006454,0.9969137907028198,0.9942973256111145
side_person17.mp4,side,286,9533,30.0,848,478,13,left_elbow,0.4162386655807495,0.3221108913421631,-0.32239362597465515,0.9883426427841187,0.9972630739212036
side_person17.mp4,side,286,9533,30.0,848,478,14,right_elbow,0.433490127325058,0.3265331983566284,0.1363852620124817,0.35857272148132324,0.9983652234077454
side_person17.mp4,side,286,9533,30.0,848,478,15,left_wrist,0.3370712697505951,0.31581756472587585,-0.2871233820915222,0.97186279296875,0.9926773309707642
side_person17.mp4,side,286,9533,30.0,848,478,16,right_wrist,0.36040425300598145,0.32582569122314453,0.05179482698440552,0.4386078417301178,0.9905880689620972
side_person17.mp4,side,286,9533,30.0,848,478,17,left_pinky,0.3187997341156006,0.3163808286190033,-0.3329159617424011,0.9563064575195312,0.9911277294158936
side_person17.mp4,side,286,9533,30.0,848,478,18,right_pinky,0.34359830617904663,0.3231935501098633,0.04856431111693382,0.4340589940547943,0.9883564114570618
side_person17.mp4,side,286,9533,30.0,848,478,19,left_index,0.3188145160675049,0.3092040717601776,-0.30764007568359375,0.9516460299491882,0.9910992980003357
side_person17.mp4,side,286,9533,30.0,848,478,20,right_index,0.3425677418708801,0.3212970197200775,0.011506990529596806,0.4536622166633606,0.9855880737304688
side_person17.mp4,side,286,9533,30.0,848,478,21,left_thumb,0.3258058726787567,0.3110722303390503,-0.27906614542007446,0.9257516860961914,0.9914137125015259
side_person17.mp4,side,286,9533,30.0,848,478,22,right_thumb,0.34580838680267334,0.32328832149505615,0.03178773075342178,0.47837889194488525,0.9863983988761902
side_person17.mp4,side,286,9533,30.0,848,478,23,left_hip,0.5618933439254761,0.5405853986740112,-0.11097946017980576,0.9975882172584534,0.9975946545600891
side_person17.mp4,side,286,9533,30.0,848,478,24,right_hip,0.5438011884689331,0.5359148383140564,0.111014723777771,0.9945522546768188,0.9975334405899048
side_person17.mp4,side,286,9533,30.0,848,478,25,left_knee,0.5119016170501709,0.7373082041740417,-0.07308891415596008,0.9031265377998352,0.9959651231765747
side_person17.mp4,side,286,9533,30.0,848,478,26,right_knee,0.48185107111930847,0.6862591505050659,0.12401408702135086,0.28619563579559326,0.9949835538864136
side_person17.mp4,side,286,9533,30.0,848,478,27,left_ankle,0.5057724118232727,0.9069958329200745,0.020859546959400177,0.9374528527259827,0.9834871888160706
side_person17.mp4,side,286,9533,30.0,848,478,28,right_ankle,0.4951929450035095,0.8728500604629517,0.24684765934944153,0.4596015214920044,0.9966663718223572
side_person17.mp4,side,286,9533,30.0,848,478,29,left_heel,0.5147277116775513,0.9302148818969727,0.028393233194947243,0.9207226037979126,0.977031409740448
side_person17.mp4,side,286,9533,30.0,848,478,30,right_heel,0.5065325498580933,0.8979375958442688,0.2578310966491699,0.6427018642425537,0.9950838685035706
side_person17.mp4,side,286,9533,30.0,848,478,31,left_foot_index,0.4608563184738159,0.9294660687446594,-0.03370773419737816,0.9122374057769775,0.979788601398468
side_person17.mp4,side,286,9533,30.0,848,478,32,right_foot_index,0.4603618383407593,0.8997601866722107,0.2130642831325531,0.6358902454376221,0.9945408701896667
side_person17.mp4,side,287,9567,30.0,848,478,0,nose,0.4580731689929962,0.25489240884780884,-0.10701987147331238,0.9977478981018066,0.9932776093482971
side_person17.mp4,side,287,9567,30.0,848,478,1,left_eye_inner,0.4585328996181488,0.23379164934158325,-0.12899932265281677,0.9975289702415466,0.9930304884910583
side_person17.mp4,side,287,9567,30.0,848,478,2,left_eye,0.4596785008907318,0.23252396285533905,-0.12904445827007294,0.9975647330284119,0.9930534958839417
side_person17.mp4,side,287,9567,30.0,848,478,3,left_eye_outer,0.46107813715934753,0.23126570880413055,-0.12906603515148163,0.9981456398963928,0.9929330348968506
side_person17.mp4,side,287,9567,30.0,848,478,4,right_eye_inner,0.4583015739917755,0.23380935192108154,-0.09411303699016571,0.996894121170044,0.9932865500450134
side_person17.mp4,side,287,9567,30.0,848,478,5,right_eye,0.45928215980529785,0.23246921598911285,-0.09412942826747894,0.9966663122177124,0.9934145212173462
side_person17.mp4,side,287,9567,30.0,848,478,6,right_eye_outer,0.4605575501918793,0.23097357153892517,-0.09418030828237534,0.9977627992630005,0.9934426546096802
side_person17.mp4,side,287,9567,30.0,848,478,7,left_ear,0.47500917315483093,0.22840501368045807,-0.17745745182037354,0.9962770938873291,0.9923337697982788
side_person17.mp4,side,287,9567,30.0,848,478,8,right_ear,0.47369956970214844,0.2272067368030548,-0.022103147581219673,0.9964230060577393,0.9933812618255615
side_person17.mp4,side,287,9567,30.0,848,478,9,mouth_left,0.46586376428604126,0.26737648248672485,-0.12155135720968246,0.9968737363815308,0.9933130145072937
side_person17.mp4,side,287,9567,30.0,848,478,10,mouth_right,0.46537965536117554,0.2680967450141907,-0.07613669335842133,0.9945892095565796,0.9931021928787231
side_person17.mp4,side,287,9567,30.0,848,478,11,left_shoulder,0.5038431882858276,0.3005381226539612,-0.2613283693790436,0.9992276430130005,0.9889847040176392
side_person17.mp4,side,287,9567,30.0,848,478,12,right_shoulder,0.5021335482597351,0.30580541491508484,0.08926685154438019,0.9965918064117432,0.9930544495582581
side_person17.mp4,side,287,9567,30.0,848,478,13,left_elbow,0.4161374568939209,0.33534207940101624,-0.3370620906352997,0.9877446889877319,0.9958794116973877
side_person17.mp4,side,287,9567,30.0,848,478,14,right_elbow,0.43034374713897705,0.33505403995513916,0.1125931665301323,0.3515332043170929,0.9982636570930481
side_person17.mp4,side,287,9567,30.0,848,478,15,left_wrist,0.3374992907047272,0.32845839858055115,-0.30814531445503235,0.9712362289428711,0.9877008199691772
side_person17.mp4,side,287,9567,30.0,848,478,16,right_wrist,0.3581237494945526,0.3363752067089081,0.027748219668865204,0.4248145520687103,0.9890438318252563
side_person17.mp4,side,287,9567,30.0,848,478,17,left_pinky,0.31818222999572754,0.32701408863067627,-0.3539745807647705,0.9557220935821533,0.9843472242355347
side_person17.mp4,side,287,9567,30.0,848,478,18,right_pinky,0.339897483587265,0.332366019487381,0.023104025050997734,0.4215860664844513,0.9853455424308777
side_person17.mp4,side,287,9567,30.0,848,478,19,left_index,0.31822529435157776,0.31981152296066284,-0.33103370666503906,0.9511005282402039,0.9837083220481873
side_person17.mp4,side,287,9567,30.0,848,478,20,right_index,0.3424800932407379,0.3362845182418823,-0.012035945430397987,0.44045042991638184,0.981717050075531
side_person17.mp4,side,287,9567,30.0,848,478,21,left_thumb,0.32523587346076965,0.3222767412662506,-0.3008977174758911,0.924920380115509,0.9846499562263489
side_person17.mp4,side,287,9567,30.0,848,478,22,right_thumb,0.34264224767684937,0.33331212401390076,0.008416635915637016,0.4655424654483795,0.9833909273147583
side_person17.mp4,side,287,9567,30.0,848,478,23,left_hip,0.5629301071166992,0.5503659844398499,-0.1096925213932991,0.997522234916687,0.9963891506195068
side_person17.mp4,side,287,9567,30.0,848,478,24,right_hip,0.5442585349082947,0.5442618727684021,0.10972531884908676,0.9946260452270508,0.9971357583999634
side_person17.mp4,side,287,9567,30.0,848,478,25,left_knee,0.505665123462677,0.7383545637130737,-0.07253212481737137,0.9057177901268005,0.9908897280693054
side_person17.mp4,side,287,9567,30.0,848,478,26,right_knee,0.4795655906200409,0.6864343285560608,0.12399576604366302,0.3020040690898895,0.9926128387451172
side_person17.mp4,side,287,9567,30.0,848,478,27,left_ankle,0.5057669281959534,0.9064014554023743,0.031109822914004326,0.9371880888938904,0.9774137139320374
side_person17.mp4,side,287,9567,30.0,848,478,28,right_ankle,0.4957946836948395,0.8722544312477112,0.25080832839012146,0.46710124611854553,0.9946129322052002
side_person17.mp4,side,287,9567,30.0,848,478,29,left_heel,0.5147414207458496,0.9301559329032898,0.04024267569184303,0.9199232459068298,0.9723238348960876
side_person17.mp4,side,287,9567,30.0,848,478,30,right_heel,0.5066192746162415,0.9006804823875427,0.26212406158447266,0.6446547508239746,0.9922846555709839
side_person17.mp4,side,287,9567,30.0,848,478,31,left_foot_index,0.46080726385116577,0.93023681640625,-0.012990732677280903,0.9112502932548523,0.9756362438201904
side_person17.mp4,side,287,9567,30.0,848,478,32,right_foot_index,0.46038374304771423,0.9017971754074097,0.2151106297969818,0.6343040466308594,0.9920830726623535
side_person17.mp4,side,288,9600,30.0,848,478,0,nose,0.4568823575973511,0.2655552625656128,-0.1040753424167633,0.9976595044136047,0.9942104816436768
side_person17.mp4,side,288,9600,30.0,848,478,1,left_eye_inner,0.4573754668235779,0.24523736536502838,-0.12791842222213745,0.997439980506897,0.9941651225090027
side_person17.mp4,side,288,9600,30.0,848,478,2,left_eye,0.45854252576828003,0.2440790832042694,-0.12797068059444427,0.9974797368049622,0.9942313432693481
side_person17.mp4,side,288,9600,30.0,848,478,3,left_eye_outer,0.4599408805370331,0.24285899102687836,-0.1279350072145462,0.9981028437614441,0.9941394329071045
side_person17.mp4,side,288,9600,30.0,848,478,4,right_eye_inner,0.4570233225822449,0.2452804446220398,-0.09018110483884811,0.9967975616455078,0.9941222071647644
side_person17.mp4,side,288,9600,30.0,848,478,5,right_eye,0.4579678177833557,0.24406607449054718,-0.09013470262289047,0.9965544939041138,0.9941243529319763
side_person17.mp4,side,288,9600,30.0,848,478,6,right_eye_outer,0.4591837525367737,0.2426302433013916,-0.09018594026565552,0.9976822733879089,0.9940189123153687
side_person17.mp4,side,288,9600,30.0,848,478,7,left_ear,0.47369328141212463,0.24021436274051666,-0.1723012775182724,0.9961026906967163,0.9938815832138062
side_person17.mp4,side,288,9600,30.0,848,478,8,right_ear,0.4724259376525879,0.2391205132007599,-0.01401121448725462,0.9963085651397705,0.9938387274742126
side_person17.mp4,side,288,9600,30.0,848,478,9,mouth_left,0.4649032652378082,0.2783707082271576,-0.12018199265003204,0.9965838193893433,0.9938263297080994
side_person17.mp4,side,288,9600,30.0,848,478,10,mouth_right,0.46437492966651917,0.27910518646240234,-0.07081770151853561,0.9940788745880127,0.9930688142776489
side_person17.mp4,side,288,9600,30.0,848,478,11,left_shoulder,0.5016145706176758,0.31434494256973267,-0.2511044144630432,0.9990801811218262,0.9886658191680908
side_person17.mp4,side,288,9600,30.0,848,478,12,right_shoulder,0.5019742846488953,0.31792163848876953,0.10200530290603638,0.9961771368980408,0.9903443455696106
side_person17.mp4,side,288,9600,30.0,848,478,13,left_elbow,0.4160771369934082,0.35122472047805786,-0.3101505637168884,0.9867796301841736,0.9957696199417114
side_person17.mp4,side,288,9600,30.0,848,478,14,right_elbow,0.42986759543418884,0.3515782654285431,0.13053910434246063,0.3388059735298157,0.9974562525749207
side_person17.mp4,side,288,9600,30.0,848,478,15,left_wrist,0.3370491862297058,0.3433744013309479,-0.26361382007598877,0.9704493284225464,0.9877046346664429
side_person17.mp4,side,288,9600,30.0,848,478,16,right_wrist,0.35723549127578735,0.3507983684539795,0.032777298241853714,0.4060046672821045,0.9849494695663452
side_person17.mp4,side,288,9600,30.0,848,478,17,left_pinky,0.3178125023841858,0.3405233919620514,-0.3053659498691559,0.9550487995147705,0.9845407605171204
side_person17.mp4,side,288,9600,30.0,848,478,18,right_pinky,0.34018293023109436,0.3456348776817322,0.028953513130545616,0.40450000762939453,0.9812940359115601
side_person17.mp4,side,288,9600,30.0,848,478,19,left_index,0.3175954520702362,0.33299943804740906,-0.28355419635772705,0.9504584074020386,0.9839304089546204
side_person17.mp4,side,288,9600,30.0,848,478,20,right_index,0.33733707666397095,0.34344881772994995,0.0011965209851041436,0.42251983284950256,0.977425754070282
side_person17.mp4,side,288,9600,30.0,848,478,21,left_thumb,0.3244636356830597,0.33580973744392395,-0.25618574023246765,0.9240965247154236,0.9849551320075989
side_person17.mp4,side,288,9600,30.0,848,478,22,right_thumb,0.34059959650039673,0.3462180197238922,0.013163670897483826,0.44760385155677795,0.9788503050804138
side_person17.mp4,side,288,9600,30.0,848,478,23,left_hip,0.5640904307365417,0.5591738820075989,-0.10879793763160706,0.9974617958068848,0.9970833659172058
side_person17.mp4,side,288,9600,30.0,848,478,24,right_hip,0.5466673374176025,0.5528053045272827,0.1088469997048378,0.994664192199707,0.9973421692848206
side_person17.mp4,side,288,9600,30.0,848,478,25,left_knee,0.499792218208313,0.7391336560249329,-0.07426536828279495,0.9085220098495483,0.9916395545005798
side_person17.mp4,side,288,9600,30.0,848,478,26,right_knee,0.4788978099822998,0.6887046098709106,0.11910635232925415,0.31619492173194885,0.992335855960846
side_person17.mp4,side,288,9600,30.0,848,478,27,left_ankle,0.505658745765686,0.9070187211036682,0.030108416453003883,0.9368292689323425,0.9799001812934875
side_person17.mp4,side,288,9600,30.0,848,478,28,right_ankle,0.496143639087677,0.8770338892936707,0.23766867816448212,0.47427892684936523,0.9946737289428711
side_person17.mp4,side,288,9600,30.0,848,478,29,left_heel,0.5147696137428284,0.9313743114471436,0.040081124752759933,0.9193264842033386,0.9749448895454407
side_person17.mp4,side,288,9600,30.0,848,478,30,right_heel,0.5077314972877502,0.9073712825775146,0.24855899810791016,0.6455264091491699,0.9925060868263245
side_person17.mp4,side,288,9600,30.0,848,478,31,left_foot_index,0.46091651916503906,0.9302434921264648,-0.012701873667538166,0.9101808667182922,0.9783585667610168
side_person17.mp4,side,288,9600,30.0,848,478,32,right_foot_index,0.4612749218940735,0.9074069857597351,0.21071293950080872,0.6319470405578613,0.992073118686676
side_person17.mp4,side,289,9633,30.0,848,478,0,nose,0.45526203513145447,0.2799667716026306,-0.0957433432340622,0.9976648688316345,0.9930965304374695
side_person17.mp4,side,289,9633,30.0,848,478,1,left_eye_inner,0.4555825889110565,0.25997376441955566,-0.11897117644548416,0.9974256753921509,0.9928247928619385
side_person17.mp4,side,289,9633,30.0,848,478,2,left_eye,0.45665183663368225,0.25881990790367126,-0.11902925372123718,0.9974619746208191,0.9928380846977234
side_person17.mp4,side,289,9633,30.0,848,478,3,left_eye_outer,0.4578980803489685,0.2575279772281647,-0.11900567263364792,0.9981011748313904,0.9927420616149902
side_person17.mp4,side,289,9633,30.0,848,478,4,right_eye_inner,0.45538097620010376,0.2597598135471344,-0.08195846527814865,0.9967898726463318,0.9930605888366699
side_person17.mp4,side,289,9633,30.0,848,478,5,right_eye,0.4563460946083069,0.25839465856552124,-0.08192724734544754,0.9965419769287109,0.993128776550293
side_person17.mp4,side,289,9633,30.0,848,478,6,right_eye_outer,0.4575255811214447,0.2567453384399414,-0.08197510987520218,0.997670590877533,0.9931033849716187
side_person17.mp4,side,289,9633,30.0,848,478,7,left_ear,0.47078070044517517,0.25446799397468567,-0.16625545918941498,0.9960317611694336,0.9922153353691101
side_person17.mp4,side,289,9633,30.0,848,478,8,right_ear,0.47000718116760254,0.25298500061035156,-0.008367304690182209,0.9963299632072449,0.9928705096244812
side_person17.mp4,side,289,9633,30.0,848,478,9,mouth_left,0.4630773067474365,0.2919820249080658,-0.11150260269641876,0.9964210987091064,0.9923891425132751
side_person17.mp4,side,289,9633,30.0,848,478,10,mouth_right,0.4627009630203247,0.29269474744796753,-0.0634225532412529,0.9938499927520752,0.9917939305305481
side_person17.mp4,side,289,9633,30.0,848,478,11,left_shoulder,0.4995831847190857,0.32663267850875854,-0.2488202452659607,0.9989532232284546,0.9872685670852661
side_person17.mp4,side,289,9633,30.0,848,478,12,right_shoulder,0.5009711384773254,0.3314726948738098,0.10414659976959229,0.9959537982940674,0.9910635948181152
side_person17.mp4,side,289,9633,30.0,848,478,13,left_elbow,0.41596949100494385,0.3642088770866394,-0.3103651702404022,0.9862650632858276,0.9952150583267212
side_person17.mp4,side,289,9633,30.0,848,478,14,right_elbow,0.4280482232570648,0.3651725947856903,0.12757320702075958,0.3287268877029419,0.9976614713668823
side_person17.mp4,side,289,9633,30.0,848,478,15,left_wrist,0.3370392918586731,0.35601451992988586,-0.26951590180397034,0.9704262614250183,0.9840714931488037
side_person17.mp4,side,289,9633,30.0,848,478,16,right_wrist,0.3571259081363678,0.36468470096588135,0.044090986251831055,0.390380859375,0.9817631840705872
side_person17.mp4,side,289,9633,30.0,848,478,17,left_pinky,0.31745579838752747,0.35271328687667847,-0.31286340951919556,0.9553058743476868,0.9778392314910889
side_person17.mp4,side,289,9633,30.0,848,478,18,right_pinky,0.340718537569046,0.3596456050872803,0.04100589081645012,0.389823853969574,0.9753411412239075
side_person17.mp4,side,289,9633,30.0,848,478,19,left_index,0.3170023262500763,0.34669825434684753,-0.28956884145736694,0.9508053064346313,0.9768679141998291
side_person17.mp4,side,289,9633,30.0,848,478,20,right_index,0.33766672015190125,0.35834309458732605,0.008712920360267162,0.40691572427749634,0.9697726368904114
side_person17.mp4,side,289,9633,30.0,848,478,21,left_thumb,0.3241930305957794,0.34953516721725464,-0.2616536617279053,0.9246070981025696,0.978824257850647
side_person17.mp4,side,289,9633,30.0,848,478,22,right_thumb,0.34048813581466675,0.36096417903900146,0.02493271231651306,0.43225160241127014,0.9724172353744507
side_person17.mp4,side,289,9633,30.0,848,478,23,left_hip,0.5649833083152771,0.5688263773918152,-0.10830900818109512,0.9975038170814514,0.9974965453147888
side_person17.mp4,side,289,9633,30.0,848,478,24,right_hip,0.5477918982505798,0.5618835091590881,0.10836585611104965,0.9949012994766235,0.9981973767280579
side_person17.mp4,side,289,9633,30.0,848,478,25,left_knee,0.49510008096694946,0.7439706921577454,-0.07840827107429504,0.912499725818634,0.988595187664032
side_person17.mp4,side,289,9633,30.0,848,478,26,right_knee,0.47673144936561584,0.6914843320846558,0.11345255374908447,0.3301900327205658,0.991496741771698
side_person17.mp4,side,289,9633,30.0,848,478,27,left_ankle,0.5056641101837158,0.9066837430000305,0.03235912695527077,0.9367588758468628,0.972797155380249
side_person17.mp4,side,289,9633,30.0,848,478,28,right_ankle,0.4962933361530304,0.878623902797699,0.23784270882606506,0.47777652740478516,0.9922804832458496
side_person17.mp4,side,289,9633,30.0,848,478,29,left_heel,0.5153961777687073,0.9314267039299011,0.04357972368597984,0.9189565181732178,0.9695091247558594
side_person17.mp4,side,289,9633,30.0,848,478,30,right_heel,0.5077695846557617,0.9081708788871765,0.24937210977077484,0.6424861550331116,0.9892987012863159
side_person17.mp4,side,289,9633,30.0,848,478,31,left_foot_index,0.4621410369873047,0.9302374124526978,0.007216993719339371,0.909429669380188,0.970989465713501
side_person17.mp4,side,289,9633,30.0,848,478,32,right_foot_index,0.4614343047142029,0.9155091047286987,0.2132803201675415,0.6248961687088013,0.986968994140625
side_person17.mp4,side,290,9667,30.0,848,478,0,nose,0.4546331465244293,0.29337817430496216,-0.07369543612003326,0.9976588487625122,0.9942231774330139
side_person17.mp4,side,290,9667,30.0,848,478,1,left_eye_inner,0.45467692613601685,0.2735512852668762,-0.09721574932336807,0.997400164604187,0.9943925738334656
side_person17.mp4,side,290,9667,30.0,848,478,2,left_eye,0.4557502567768097,0.2723599374294281,-0.09726830571889877,0.9974477291107178,0.9944595098495483
side_person17.mp4,side,290,9667,30.0,848,478,3,left_eye_outer,0.4569368064403534,0.2711743712425232,-0.0972934290766716,0.9981098771095276,0.9944753050804138
side_person17.mp4,side,290,9667,30.0,848,478,4,right_eye_inner,0.45455843210220337,0.27325308322906494,-0.06297935545444489,0.996772289276123,0.9943047165870667
side_person17.mp4,side,290,9667,30.0,848,478,5,right_eye,0.45550721883773804,0.2719098925590515,-0.06298094242811203,0.9965217113494873,0.9942246079444885
side_person17.mp4,side,290,9667,30.0,848,478,6,right_eye_outer,0.4566240906715393,0.27040743827819824,-0.0630192682147026,0.997649073600769,0.9940628409385681
side_person17.mp4,side,290,9667,30.0,848,478,7,left_ear,0.46990442276000977,0.26850518584251404,-0.15013432502746582,0.9959730505943298,0.9939853549003601
side_person17.mp4,side,290,9667,30.0,848,478,8,right_ear,0.46932554244995117,0.2669963240623474,-0.000565919850487262,0.9963411688804626,0.9935078620910645
side_person17.mp4,side,290,9667,30.0,848,478,9,mouth_left,0.4621644914150238,0.30513209104537964,-0.09008125215768814,0.9962539076805115,0.9939687252044678
side_person17.mp4,side,290,9667,30.0,848,478,10,mouth_right,0.46190905570983887,0.30587244033813477,-0.045695215463638306,0.9935734272003174,0.9932491779327393
side_person17.mp4,side,290,9667,30.0,848,478,11,left_shoulder,0.4970899522304535,0.33992746472358704,-0.23433545231819153,0.9989169836044312,0.9914843440055847
side_person17.mp4,side,290,9667,30.0,848,478,12,right_shoulder,0.5010775923728943,0.3429771363735199,0.11059590429067612,0.9957313537597656,0.9912926554679871
side_person17.mp4,side,290,9667,30.0,848,478,13,left_elbow,0.415486603975296,0.37786898016929626,-0.28905224800109863,0.9858536720275879,0.9969984292984009
side_person17.mp4,side,290,9667,30.0,848,478,14,right_elbow,0.42829394340515137,0.38067078590393066,0.14422382414340973,0.31030943989753723,0.9975824356079102
side_person17.mp4,side,290,9667,30.0,848,478,15,left_wrist,0.3367614448070526,0.37000492215156555,-0.23701994121074677,0.9709060192108154,0.9888562560081482
side_person17.mp4,side,290,9667,30.0,848,478,16,right_wrist,0.3652117848396301,0.38073718547821045,0.08419211953878403,0.37030839920043945,0.9851235747337341
side_person17.mp4,side,290,9667,30.0,848,478,17,left_pinky,0.316728800535202,0.3676837086677551,-0.276439905166626,0.9564053416252136,0.9839268326759338
side_person17.mp4,side,290,9667,30.0,848,478,18,right_pinky,0.3576985001564026,0.3835121989250183,0.08423043042421341,0.3720204830169678,0.9810896515846252
side_person17.mp4,side,290,9667,30.0,848,478,19,left_index,0.31592699885368347,0.36114269495010376,-0.2538638710975647,0.952033519744873,0.9831128716468811
side_person17.mp4,side,290,9667,30.0,848,478,20,right_index,0.35471877455711365,0.3813802897930145,0.05321843549609184,0.38821324706077576,0.97804194688797
side_person17.mp4,side,290,9667,30.0,848,478,21,left_thumb,0.32360273599624634,0.3637266457080841,-0.22885054349899292,0.926354706287384,0.9848182797431946
side_person17.mp4,side,290,9667,30.0,848,478,22,right_thumb,0.3569726049900055,0.39135095477104187,0.06737866252660751,0.41317111253738403,0.9796848297119141
side_person17.mp4,side,290,9667,30.0,848,478,23,left_hip,0.5657284259796143,0.5769889950752258,-0.10741358250379562,0.9976136088371277,0.9984821677207947
side_person17.mp4,side,290,9667,30.0,848,478,24,right_hip,0.5497167706489563,0.5676248073577881,0.10748273879289627,0.9951750636100769,0.9986817240715027
side_person17.mp4,side,290,9667,30.0,848,478,25,left_knee,0.489982932806015,0.7428244948387146,-0.07706538587808609,0.9176964163780212,0.9950469732284546
side_person17.mp4,side,290,9667,30.0,848,478,26,right_knee,0.47483065724372864,0.6927161812782288,0.11431989073753357,0.3522266149520874,0.9957454800605774
side_person17.mp4,side,290,9667,30.0,848,478,27,left_ankle,0.5053479075431824,0.906319260597229,0.037274256348609924,0.9390263557434082,0.9875879883766174
side_person17.mp4,side,290,9667,30.0,848,478,28,right_ankle,0.4956318438053131,0.8783908486366272,0.23800864815711975,0.4945446252822876,0.9965920448303223
side_person17.mp4,side,290,9667,30.0,848,478,29,left_heel,0.515128493309021,0.9267217516899109,0.04902214929461479,0.9209662675857544,0.9855489134788513
side_person17.mp4,side,290,9667,30.0,848,478,30,right_heel,0.5076828598976135,0.9074417352676392,0.2499949187040329,0.6512923240661621,0.9953259229660034
side_person17.mp4,side,290,9667,30.0,848,478,31,left_foot_index,0.4626234173774719,0.9302360415458679,0.022328585386276245,0.9122365713119507,0.9846006035804749
side_person17.mp4,side,290,9667,30.0,848,478,32,right_foot_index,0.4613693654537201,0.9151818156242371,0.22020739316940308,0.6322022080421448,0.993586003780365
side_person17.mp4,side,291,9700,30.0,848,478,0,nose,0.4529685974121094,0.30516910552978516,-0.04847549647092819,0.9977551102638245,0.9966741800308228
side_person17.mp4,side,291,9700,30.0,848,478,1,left_eye_inner,0.4530069828033447,0.28555044531822205,-0.07067564874887466,0.9974835515022278,0.9964679479598999
side_person17.mp4,side,291,9700,30.0,848,478,2,left_eye,0.4540749192237854,0.28439798951148987,-0.07072372734546661,0.9975303411483765,0.9964555501937866
side_person17.mp4,side,291,9700,30.0,848,478,3,left_eye_outer,0.4553205370903015,0.2831917703151703,-0.0707605704665184,0.9981799721717834,0.9964032173156738
side_person17.mp4,side,291,9700,30.0,848,478,4,right_eye_inner,0.45278820395469666,0.2855667173862457,-0.036825474351644516,0.9968786835670471,0.9965351819992065
side_person17.mp4,side,291,9700,30.0,848,478,5,right_eye,0.45369473099708557,0.2843681573867798,-0.03683270514011383,0.9966374039649963,0.9964924454689026
side_person17.mp4,side,291,9700,30.0,848,478,6,right_eye_outer,0.4548208713531494,0.282950758934021,-0.036865271627902985,0.9977253675460815,0.996404767036438
side_person17.mp4,side,291,9700,30.0,848,478,7,left_ear,0.46808916330337524,0.27998119592666626,-0.12327588349580765,0.9960570931434631,0.995895266532898
side_person17.mp4,side,291,9700,30.0,848,478,8,right_ear,0.46719735860824585,0.2788883447647095,0.026441391557455063,0.9964938759803772,0.9958964586257935
side_person17.mp4,side,291,9700,30.0,848,478,9,mouth_left,0.46078094840049744,0.3169369697570801,-0.06513828039169312,0.9963123202323914,0.9962393045425415
side_person17.mp4,side,291,9700,30.0,848,478,10,mouth_right,0.4603988230228424,0.31790679693222046,-0.021207820624113083,0.9936826825141907,0.9959602952003479
side_person17.mp4,side,291,9700,30.0,848,478,11,left_shoulder,0.49607911705970764,0.35110142827033997,-0.21456654369831085,0.9989190697669983,0.9932259917259216
side_person17.mp4,side,291,9700,30.0,848,478,12,right_shoulder,0.5001412630081177,0.35593411326408386,0.13311214745044708,0.9957104921340942,0.9942420125007629
side_person17.mp4,side,291,9700,30.0,848,478,13,left_elbow,0.41475993394851685,0.39020416140556335,-0.27908259630203247,0.9856292605400085,0.9972217082977295
side_person17.mp4,side,291,9700,30.0,848,478,14,right_elbow,0.4277721345424652,0.39396435022354126,0.16159150004386902,0.2971975803375244,0.9981682300567627
side_person17.mp4,side,291,9700,30.0,848,478,15,left_wrist,0.33608394861221313,0.3833087086677551,-0.23735451698303223,0.9715548753738403,0.9907084703445435
side_person17.mp4,side,291,9700,30.0,848,478,16,right_wrist,0.36516231298446655,0.39649736881256104,0.09386683255434036,0.35579320788383484,0.9873631596565247
side_person17.mp4,side,291,9700,30.0,848,478,17,left_pinky,0.31598469614982605,0.3800232708454132,-0.27762478590011597,0.9576545357704163,0.9863037467002869
side_person17.mp4,side,291,9700,30.0,848,478,18,right_pinky,0.35682204365730286,0.3952108919620514,0.09316335618495941,0.35942545533180237,0.9830613732337952
side_person17.mp4,side,291,9700,30.0,848,478,19,left_index,0.3151557147502899,0.37408578395843506,-0.2538284957408905,0.9533980488777161,0.985816240310669
side_person17.mp4,side,291,9700,30.0,848,478,20,right_index,0.3539251685142517,0.3926090598106384,0.06173977255821228,0.3748686611652374,0.9804313778877258
side_person17.mp4,side,291,9700,30.0,848,478,21,left_thumb,0.32273373007774353,0.37701159715652466,-0.22906994819641113,0.9283621907234192,0.987215518951416
side_person17.mp4,side,291,9700,30.0,848,478,22,right_thumb,0.3561919629573822,0.4029918313026428,0.07668861001729965,0.39999499917030334,0.9821632504463196
side_person17.mp4,side,291,9700,30.0,848,478,23,left_hip,0.5669474601745605,0.5840866565704346,-0.10742290318012238,0.99776291847229,0.9989339709281921
side_person17.mp4,side,291,9700,30.0,848,478,24,right_hip,0.5504466891288757,0.574270486831665,0.10749323666095734,0.9955085515975952,0.9992008805274963
side_person17.mp4,side,291,9700,30.0,848,478,25,left_knee,0.4870038330554962,0.7430411577224731,-0.08968938142061234,0.9224745035171509,0.9954507946968079
side_person17.mp4,side,291,9700,30.0,848,478,26,right_knee,0.4713594615459442,0.6956742405891418,0.10043556988239288,0.3657238781452179,0.9965137839317322
side_person17.mp4,side,291,9700,30.0,848,478,27,left_ankle,0.5054447054862976,0.9063481092453003,0.02116204798221588,0.941258430480957,0.9865819215774536
side_person17.mp4,side,291,9700,30.0,848,478,28,right_ankle,0.4958181083202362,0.8795048594474792,0.21743446588516235,0.5039221048355103,0.9962925314903259
side_person17.mp4,side,291,9700,30.0,848,478,29,left_heel,0.5154180526733398,0.9264057874679565,0.03392268344759941,0.9235525131225586,0.9846941232681274
side_person17.mp4,side,291,9700,30.0,848,478,30,right_heel,0.507848858833313,0.9098475575447083,0.2288239449262619,0.6563634872436523,0.9950173497200012
side_person17.mp4,side,291,9700,30.0,848,478,31,left_foot_index,0.46391332149505615,0.9304869174957275,0.010062294080853462,0.9149066805839539,0.9817826151847839
side_person17.mp4,side,291,9700,30.0,848,478,32,right_foot_index,0.4609319865703583,0.9196271896362305,0.20659403502941132,0.6333214640617371,0.9919055700302124
side_person17.mp4,side,292,9733,30.0,848,478,0,nose,0.45190557837486267,0.3176147937774658,-0.052114956080913544,0.9977970123291016,0.9950264096260071
side_person17.mp4,side,292,9733,30.0,848,478,1,left_eye_inner,0.4518636167049408,0.2985697388648987,-0.07445582002401352,0.997499942779541,0.9952611327171326
side_person17.mp4,side,292,9733,30.0,848,478,2,left_eye,0.45296820998191833,0.29746732115745544,-0.07450880855321884,0.997553288936615,0.9953010082244873
side_person17.mp4,side,292,9733,30.0,848,478,3,left_eye_outer,0.4542003571987152,0.29640287160873413,-0.07454770058393478,0.9982078671455383,0.995341420173645
side_person17.mp4,side,292,9733,30.0,848,478,4,right_eye_inner,0.4516526460647583,0.29848477244377136,-0.040360212326049805,0.9969089031219482,0.9952593445777893
side_person17.mp4,side,292,9733,30.0,848,478,5,right_eye,0.4525526463985443,0.29732567071914673,-0.04036901891231537,0.9966682195663452,0.9951592087745667
side_person17.mp4,side,292,9733,30.0,848,478,6,right_eye_outer,0.4536128640174866,0.29604876041412354,-0.040408726781606674,0.9977296590805054,0.995022177696228
side_person17.mp4,side,292,9733,30.0,848,478,7,left_ear,0.4670899212360382,0.2934362590312958,-0.12696358561515808,0.9960446953773499,0.9946382641792297
side_person17.mp4,side,292,9733,30.0,848,478,8,right_ear,0.46606603264808655,0.2923705279827118,0.024243060499429703,0.9965646862983704,0.9941278696060181
side_person17.mp4,side,292,9733,30.0,848,478,9,mouth_left,0.4595854878425598,0.3296971619129181,-0.06850820779800415,0.9962820410728455,0.9942295551300049
side_person17.mp4,side,292,9733,30.0,848,478,10,mouth_right,0.4592178761959076,0.33075588941574097,-0.024240508675575256,0.9936203360557556,0.993621289730072
side_person17.mp4,side,292,9733,30.0,848,478,11,left_shoulder,0.4945189356803894,0.3656112253665924,-0.21844828128814697,0.9989104866981506,0.9916286468505859
side_person17.mp4,side,292,9733,30.0,848,478,12,right_shoulder,0.4992651045322418,0.3686685860157013,0.13316023349761963,0.9954816102981567,0.9908225536346436
side_person17.mp4,side,292,9733,30.0,848,478,13,left_elbow,0.4138079583644867,0.40418946743011475,-0.28685545921325684,0.9852125644683838,0.9972434043884277
side_person17.mp4,side,292,9733,30.0,848,478,14,right_elbow,0.42789003252983093,0.40701156854629517,0.16408927738666534,0.28011831641197205,0.9976043105125427
side_person17.mp4,side,292,9733,30.0,848,478,15,left_wrist,0.33310991525650024,0.3977693021297455,-0.24865126609802246,0.9722155928611755,0.990724503993988
side_person17.mp4,side,292,9733,30.0,848,478,16,right_wrist,0.36526545882225037,0.41587573289871216,0.09789232164621353,0.3377911150455475,0.9852563142776489
side_person17.mp4,side,292,9733,30.0,848,478,17,left_pinky,0.3125942647457123,0.39370197057724,-0.2908834218978882,0.9589446187019348,0.9855268001556396
side_person17.mp4,side,292,9733,30.0,848,478,18,right_pinky,0.3590485453605652,0.4095208942890167,0.09790701419115067,0.3432996869087219,0.9807485342025757
side_person17.mp4,side,292,9733,30.0,848,478,19,left_index,0.3118220865726471,0.3857949376106262,-0.26676008105278015,0.9548017382621765,0.9850751161575317
side_person17.mp4,side,292,9733,30.0,848,478,20,right_index,0.3561195433139801,0.4064803719520569,0.06682305783033371,0.35782983899116516,0.9776403903961182
side_person17.mp4,side,292,9733,30.0,848,478,21,left_thumb,0.31914180517196655,0.3889055550098419,-0.24036483466625214,0.9302869439125061,0.9867671132087708
side_person17.mp4,side,292,9733,30.0,848,478,22,right_thumb,0.35817262530326843,0.41707250475883484,0.08091267198324203,0.38278016448020935,0.9797952175140381
side_person17.mp4,side,292,9733,30.0,848,478,23,left_hip,0.5684367418289185,0.5936071872711182,-0.10750818252563477,0.9978846311569214,0.9985820055007935
side_person17.mp4,side,292,9733,30.0,848,478,24,right_hip,0.5512232184410095,0.5834885239601135,0.10757731646299362,0.9957844018936157,0.998856782913208
side_person17.mp4,side,292,9733,30.0,848,478,25,left_knee,0.4871670603752136,0.7446730136871338,-0.08652164041996002,0.9260014295578003,0.9948222637176514
side_person17.mp4,side,292,9733,30.0,848,478,26,right_knee,0.46885260939598083,0.6976638436317444,0.09599999338388443,0.3802050054073334,0.9963983297348022
side_person17.mp4,side,292,9733,30.0,848,478,27,left_ankle,0.505450963973999,0.9062088131904602,0.022654425352811813,0.9426677823066711,0.9838693737983704
side_person17.mp4,side,292,9733,30.0,848,478,28,right_ankle,0.49586111307144165,0.8812582492828369,0.22019870579242706,0.5121343731880188,0.9966337084770203
side_person17.mp4,side,292,9733,30.0,848,478,29,left_heel,0.5154175162315369,0.9263706207275391,0.0341019481420517,0.9248478412628174,0.9820519089698792
side_person17.mp4,side,292,9733,30.0,848,478,30,right_heel,0.5076324343681335,0.9118990898132324,0.2324969470500946,0.6628085970878601,0.9954829216003418
side_person17.mp4,side,292,9733,30.0,848,478,31,left_foot_index,0.4640313982963562,0.930513322353363,0.01133960485458374,0.9162785410881042,0.9794920682907104
side_person17.mp4,side,292,9733,30.0,848,478,32,right_foot_index,0.46039292216300964,0.9214828014373779,0.20926812291145325,0.6346732974052429,0.9927372336387634
side_person17.mp4,side,293,9767,30.0,848,478,0,nose,0.4511626958847046,0.33052554726600647,-0.054842863231897354,0.9978122115135193,0.9961779117584229
side_person17.mp4,side,293,9767,30.0,848,478,1,left_eye_inner,0.4511681795120239,0.31148529052734375,-0.07789746671915054,0.9975123405456543,0.9962412118911743
side_person17.mp4,side,293,9767,30.0,848,478,2,left_eye,0.4522669315338135,0.31040191650390625,-0.077947698533535,0.9975716471672058,0.9963357448577881
side_person17.mp4,side,293,9767,30.0,848,478,3,left_eye_outer,0.45347800850868225,0.30934861302375793,-0.07797084748744965,0.9982333779335022,0.9964261651039124
side_person17.mp4,side,293,9767,30.0,848,478,4,right_eye_inner,0.4509991407394409,0.3113389015197754,-0.04102290794253349,0.9969290494918823,0.9960283041000366
side_person17.mp4,side,293,9767,30.0,848,478,5,right_eye,0.45194241404533386,0.31011244654655457,-0.041026871651411057,0.9966709017753601,0.9958676099777222
side_person17.mp4,side,293,9767,30.0,848,478,6,right_eye_outer,0.453021377325058,0.3088020980358124,-0.04109141603112221,0.9977142214775085,0.9956327080726624
side_person17.mp4,side,293,9767,30.0,848,478,7,left_ear,0.46613848209381104,0.3066311478614807,-0.13117587566375732,0.9960159063339233,0.9958919286727905
side_person17.mp4,side,293,9767,30.0,848,478,8,right_ear,0.4656097888946533,0.3053668737411499,0.017216067761182785,0.9965985417366028,0.9946342706680298
side_person17.mp4,side,293,9767,30.0,848,478,9,mouth_left,0.45873400568962097,0.34262579679489136,-0.07188242673873901,0.996194064617157,0.9953479170799255
side_person17.mp4,side,293,9767,30.0,848,478,10,mouth_right,0.4584687650203705,0.34354907274246216,-0.02528715319931507,0.9934448003768921,0.9945200085639954
side_person17.mp4,side,293,9767,30.0,848,478,11,left_shoulder,0.49295419454574585,0.3811759352684021,-0.22188128530979156,0.9988878965377808,0.99335116147995
side_person17.mp4,side,293,9767,30.0,848,478,12,right_shoulder,0.4985141158103943,0.38097092509269714,0.12533199787139893,0.9952309131622314,0.9907844066619873
side_person17.mp4,side,293,9767,30.0,848,478,13,left_elbow,0.41225665807724,0.4181945025920868,-0.2905524671077728,0.984871506690979,0.9978042244911194
side_person17.mp4,side,293,9767,30.0,848,478,14,right_elbow,0.4280425012111664,0.41933944821357727,0.1579873263835907,0.2666969895362854,0.9976575374603271
side_person17.mp4,side,293,9767,30.0,848,478,15,left_wrist,0.33095672726631165,0.41070541739463806,-0.2530738413333893,0.9729257225990295,0.9926130771636963
side_person17.mp4,side,293,9767,30.0,848,478,16,right_wrist,0.36562323570251465,0.42918992042541504,0.09118746221065521,0.3228006958961487,0.9873054027557373
side_person17.mp4,side,293,9767,30.0,848,478,17,left_pinky,0.31063202023506165,0.40623894333839417,-0.29597315192222595,0.9601573348045349,0.9881711006164551
side_person17.mp4,side,293,9767,30.0,848,478,18,right_pinky,0.3598005175590515,0.41864675283432007,0.09065479785203934,0.3299641013145447,0.98375004529953
side_person17.mp4,side,293,9767,30.0,848,478,19,left_index,0.3097781836986542,0.3976241648197174,-0.2711535394191742,0.9561784863471985,0.9876695275306702
side_person17.mp4,side,293,9767,30.0,848,478,20,right_index,0.35709401965141296,0.4161720871925354,0.056960444897413254,0.3436671495437622,0.9809421300888062
side_person17.mp4,side,293,9767,30.0,848,478,21,left_thumb,0.3171130418777466,0.40042829513549805,-0.24449464678764343,0.9322673082351685,0.9892382621765137
side_person17.mp4,side,293,9767,30.0,848,478,22,right_thumb,0.35908564925193787,0.42708659172058105,0.07289920747280121,0.3682703971862793,0.9828910827636719
side_person17.mp4,side,293,9767,30.0,848,478,23,left_hip,0.5679706335067749,0.6041314005851746,-0.10701081156730652,0.9979762434959412,0.9985583424568176
side_person17.mp4,side,293,9767,30.0,848,478,24,right_hip,0.5512682199478149,0.5917639136314392,0.10707990825176239,0.996017336845398,0.9987564086914062
side_person17.mp4,side,293,9767,30.0,848,478,25,left_knee,0.4830324053764343,0.7448952198028564,-0.07656765729188919,0.9270151257514954,0.9954044818878174
side_person17.mp4,side,293,9767,30.0,848,478,26,right_knee,0.4681641459465027,0.7015056014060974,0.10110139846801758,0.39031022787094116,0.9964507818222046
side_person17.mp4,side,293,9767,30.0,848,478,27,left_ankle,0.5054001212120056,0.9061148166656494,0.047714658081531525,0.9425190687179565,0.9869912266731262
side_person17.mp4,side,293,9767,30.0,848,478,28,right_ankle,0.4973107874393463,0.8830143809318542,0.22734405100345612,0.5149176716804504,0.9972911477088928
side_person17.mp4,side,293,9767,30.0,848,478,29,left_heel,0.5161054134368896,0.9270800352096558,0.06040380895137787,0.9254120588302612,0.985824465751648
side_person17.mp4,side,293,9767,30.0,848,478,30,right_heel,0.5094146728515625,0.9120680093765259,0.2379332184791565,0.6656251549720764,0.9964810609817505
side_person17.mp4,side,293,9767,30.0,848,478,31,left_foot_index,0.46403074264526367,0.930287778377533,0.036395877599716187,0.91588294506073,0.9853032827377319
side_person17.mp4,side,293,9767,30.0,848,478,32,right_foot_index,0.4609560966491699,0.9209585785865784,0.22324928641319275,0.6325820088386536,0.995018482208252
side_person17.mp4,side,294,9800,30.0,848,478,0,nose,0.45039990544319153,0.34246018528938293,-0.08345396816730499,0.9977317452430725,0.9948065876960754
side_person17.mp4,side,294,9800,30.0,848,478,1,left_eye_inner,0.4504757225513458,0.32322949171066284,-0.10598764568567276,0.9974474906921387,0.9952440857887268
side_person17.mp4,side,294,9800,30.0,848,478,2,left_eye,0.45152217149734497,0.3222351670265198,-0.1060500219464302,0.9975303411483765,0.9954743981361389
side_person17.mp4,side,294,9800,30.0,848,478,3,left_eye_outer,0.4526490271091461,0.3213079571723938,-0.10610292851924896,0.9982181787490845,0.9957199692726135
side_person17.mp4,side,294,9800,30.0,848,478,4,right_eye_inner,0.4503341615200043,0.3229522109031677,-0.07273506373167038,0.9968546032905579,0.9946913123130798
side_person17.mp4,side,294,9800,30.0,848,478,5,right_eye,0.45125406980514526,0.3217625617980957,-0.07274768501520157,0.9965819120407104,0.9944426417350769
side_person17.mp4,side,294,9800,30.0,848,478,6,right_eye_outer,0.45232221484184265,0.3204893469810486,-0.07278517633676529,0.9976131319999695,0.9940998554229736
side_person17.mp4,side,294,9800,30.0,848,478,7,left_ear,0.46529194712638855,0.31911566853523254,-0.15717309713363647,0.9958494305610657,0.9951871633529663
side_person17.mp4,side,294,9800,30.0,848,478,8,right_ear,0.46507343649864197,0.31738603115081787,-0.013160972855985165,0.9965038895606995,0.9929662942886353
side_person17.mp4,side,294,9800,30.0,848,478,9,mouth_left,0.45790180563926697,0.3547375202178955,-0.09869538247585297,0.9959613084793091,0.9943349361419678
side_person17.mp4,side,294,9800,30.0,848,478,10,mouth_right,0.45771524310112,0.3555164337158203,-0.0559731125831604,0.9929494857788086,0.9929893016815186
side_person17.mp4,side,294,9800,30.0,848,478,11,left_shoulder,0.4921015202999115,0.3956047594547272,-0.23947927355766296,0.9988338947296143,0.9935459494590759
side_person17.mp4,side,294,9800,30.0,848,478,12,right_shoulder,0.49706897139549255,0.3909318745136261,0.09832119196653366,0.99478679895401,0.9904533624649048
side_person17.mp4,side,294,9800,30.0,848,478,13,left_elbow,0.4120692014694214,0.43261194229125977,-0.2970024347305298,0.9842863082885742,0.998219907283783
side_person17.mp4,side,294,9800,30.0,848,478,14,right_elbow,0.4278298616409302,0.431121826171875,0.137886643409729,0.25187599658966064,0.9975307583808899
side_person17.mp4,side,294,9800,30.0,848,478,15,left_wrist,0.3307550847530365,0.42391619086265564,-0.25492194294929504,0.9736841917037964,0.9946702122688293
side_person17.mp4,side,294,9800,30.0,848,478,16,right_wrist,0.3668360412120819,0.4331221580505371,0.08305350691080093,0.3064555823802948,0.9885154366493225
side_person17.mp4,side,294,9800,30.0,848,478,17,left_pinky,0.30947187542915344,0.42025408148765564,-0.2983958125114441,0.961415708065033,0.9914795160293579
side_person17.mp4,side,294,9800,30.0,848,478,18,right_pinky,0.36395010352134705,0.42783626914024353,0.08172714710235596,0.31562620401382446,0.9863073229789734
side_person17.mp4,side,294,9800,30.0,848,478,19,left_index,0.30909690260887146,0.4111652076244354,-0.27378469705581665,0.957643449306488,0.9912912845611572
side_person17.mp4,side,294,9800,30.0,848,478,20,right_index,0.3612809479236603,0.4258972108364105,0.05456601455807686,0.3286319673061371,0.9840567111968994
side_person17.mp4,side,294,9800,30.0,848,478,21,left_thumb,0.3167056739330292,0.4139973819255829,-0.24463370442390442,0.9343107342720032,0.9923987984657288
side_person17.mp4,side,294,9800,30.0,848,478,22,right_thumb,0.3630879819393158,0.4374464154243469,0.06797492504119873,0.3526177704334259,0.9858099818229675
side_person17.mp4,side,294,9800,30.0,848,478,23,left_hip,0.5678463578224182,0.6153087019920349,-0.10599716007709503,0.9980545043945312,0.998746395111084
side_person17.mp4,side,294,9800,30.0,848,478,24,right_hip,0.5508743524551392,0.5989732146263123,0.10607243329286575,0.9962244629859924,0.9989117383956909
side_person17.mp4,side,294,9800,30.0,848,478,25,left_knee,0.48076149821281433,0.7467228174209595,-0.05115668848156929,0.9267096519470215,0.9972473978996277
side_person17.mp4,side,294,9800,30.0,848,478,26,right_knee,0.4659687578678131,0.7013524174690247,0.10483132302761078,0.4037979245185852,0.9977455735206604
side_person17.mp4,side,294,9800,30.0,848,478,27,left_ankle,0.5046755075454712,0.9062153100967407,0.09062082320451736,0.9417938590049744,0.9928613305091858
side_person17.mp4,side,294,9800,30.0,848,478,28,right_ankle,0.49772870540618896,0.8825124502182007,0.2521768808364868,0.5192959904670715,0.9986376166343689
side_person17.mp4,side,294,9800,30.0,848,478,29,left_heel,0.5167349576950073,0.9289724230766296,0.10459796339273453,0.9252666234970093,0.9922024011611938
side_person17.mp4,side,294,9800,30.0,848,478,30,right_heel,0.5106129050254822,0.9118732213973999,0.2672121524810791,0.6688874959945679,0.9982882142066956
side_person17.mp4,side,294,9800,30.0,848,478,31,left_foot_index,0.4639998972415924,0.9298006892204285,0.0797591507434845,0.9152631759643555,0.9922099113464355
side_person17.mp4,side,294,9800,30.0,848,478,32,right_foot_index,0.4610827565193176,0.9197505712509155,0.2584143579006195,0.634574294090271,0.9976804256439209
side_person17.mp4,side,295,9833,30.0,848,478,0,nose,0.4494263529777527,0.3545139729976654,-0.08609145879745483,0.9977846741676331,0.9971574544906616
side_person17.mp4,side,295,9833,30.0,848,478,1,left_eye_inner,0.4495388865470886,0.3352212905883789,-0.10822872817516327,0.9975196719169617,0.9973347187042236
side_person17.mp4,side,295,9833,30.0,848,478,2,left_eye,0.45057395100593567,0.3342191278934479,-0.10828940570354462,0.9976096153259277,0.9974185228347778
side_person17.mp4,side,295,9833,30.0,848,478,3,left_eye_outer,0.451663076877594,0.33329808712005615,-0.10834608972072601,0.9982810616493225,0.9975265860557556
side_person17.mp4,side,295,9833,30.0,848,478,4,right_eye_inner,0.44942906498908997,0.3348919153213501,-0.07594293355941772,0.996940553188324,0.9970861077308655
side_person17.mp4,side,295,9833,30.0,848,478,5,right_eye,0.4503883123397827,0.3336196839809418,-0.07595445215702057,0.996677815914154,0.9969480633735657
side_person17.mp4,side,295,9833,30.0,848,478,6,right_eye_outer,0.4514636695384979,0.3323002755641937,-0.07597970962524414,0.9976653456687927,0.9967412352561951
side_person17.mp4,side,295,9833,30.0,848,478,7,left_ear,0.4640548527240753,0.331207275390625,-0.15949590504169464,0.9959246516227722,0.9972055554389954
side_person17.mp4,side,295,9833,30.0,848,478,8,right_ear,0.46417927742004395,0.329247385263443,-0.017729638144373894,0.996620237827301,0.9962714910507202
side_person17.mp4,side,295,9833,30.0,848,478,9,mouth_left,0.4570906162261963,0.36654132604599,-0.10141953825950623,0.9960114359855652,0.9967405200004578
side_person17.mp4,side,295,9833,30.0,848,478,10,mouth_right,0.456986665725708,0.3671181797981262,-0.059814732521772385,0.9930188059806824,0.9961357116699219
side_person17.mp4,side,295,9833,30.0,848,478,11,left_shoulder,0.4898523688316345,0.4109590947628021,-0.24074505269527435,0.9988234043121338,0.9955644607543945
side_person17.mp4,side,295,9833,30.0,848,478,12,right_shoulder,0.4968235194683075,0.40101301670074463,0.09114685654640198,0.994727373123169,0.9944232106208801
side_person17.mp4,side,295,9833,30.0,848,478,13,left_elbow,0.41128474473953247,0.44497549533843994,-0.295380175113678,0.9841675758361816,0.9986804127693176
side_person17.mp4,side,295,9833,30.0,848,478,14,right_elbow,0.42779067158699036,0.4408324062824249,0.13313177227973938,0.2399333417415619,0.998056173324585
side_person17.mp4,side,295,9833,30.0,848,478,15,left_wrist,0.3309263288974762,0.43718135356903076,-0.24587292969226837,0.9747469425201416,0.9957590699195862
side_person17.mp4,side,295,9833,30.0,848,478,16,right_wrist,0.3674834966659546,0.4447748363018036,0.08201457560062408,0.2930983603000641,0.9901795387268066
side_person17.mp4,side,295,9833,30.0,848,478,17,left_pinky,0.3093138039112091,0.4320480227470398,-0.28647738695144653,0.9630598425865173,0.9931707382202148
side_person17.mp4,side,295,9833,30.0,848,478,18,right_pinky,0.3662716746330261,0.43605855107307434,0.08062493056058884,0.3044656217098236,0.9884534478187561
side_person17.mp4,side,295,9833,30.0,848,478,19,left_index,0.3085936903953552,0.42275696992874146,-0.2657701373100281,0.9594984650611877,0.9929846525192261
side_person17.mp4,side,295,9833,30.0,848,478,20,right_index,0.36342853307724,0.43462449312210083,0.05132780969142914,0.3169439136981964,0.9868013858795166
side_person17.mp4,side,295,9833,30.0,848,478,21,left_thumb,0.3167087733745575,0.426540344953537,-0.23823602497577667,0.9369897246360779,0.9938528537750244
side_person17.mp4,side,295,9833,30.0,848,478,22,right_thumb,0.36515241861343384,0.44609129428863525,0.06598497927188873,0.34066733717918396,0.9880858659744263
side_person17.mp4,side,295,9833,30.0,848,478,23,left_hip,0.5677439570426941,0.6243853569030762,-0.10448385775089264,0.998177707195282,0.999299168586731
side_person17.mp4,side,295,9833,30.0,848,478,24,right_hip,0.5513842701911926,0.6053919196128845,0.10455743223428726,0.9964914917945862,0.9994298815727234
side_person17.mp4,side,295,9833,30.0,848,478,25,left_knee,0.4767291247844696,0.7476729154586792,-0.050079263746738434,0.9283385872840881,0.9982035160064697
side_person17.mp4,side,295,9833,30.0,848,478,26,right_knee,0.46429023146629333,0.7008925676345825,0.1132475733757019,0.41791921854019165,0.9983899593353271
side_person17.mp4,side,295,9833,30.0,848,478,27,left_ankle,0.5035802721977234,0.9061905741691589,0.10240019857883453,0.9412317872047424,0.9953976273536682
side_person17.mp4,side,295,9833,30.0,848,478,28,right_ankle,0.49799844622612,0.8821077346801758,0.2576582729816437,0.5262326002120972,0.9989100694656372
side_person17.mp4,side,295,9833,30.0,848,478,29,left_heel,0.5167638063430786,0.9294103384017944,0.11833277344703674,0.9250004887580872,0.9948446750640869
side_person17.mp4,side,295,9833,30.0,848,478,30,right_heel,0.5108078122138977,0.9117640852928162,0.27249225974082947,0.672302782535553,0.9986388087272644
side_person17.mp4,side,295,9833,30.0,848,478,31,left_foot_index,0.46391329169273376,0.9290136694908142,0.10711274296045303,0.9148955345153809,0.9942359328269958
side_person17.mp4,side,295,9833,30.0,848,478,32,right_foot_index,0.46119505167007446,0.9193407893180847,0.26864758133888245,0.6389249563217163,0.9979305267333984
side_person17.mp4,side,296,9867,30.0,848,478,0,nose,0.4487289786338806,0.36697062849998474,-0.11959272623062134,0.9979307055473328,0.9978764057159424
side_person17.mp4,side,296,9867,30.0,848,478,1,left_eye_inner,0.4487885534763336,0.34779566526412964,-0.14089658856391907,0.9976779818534851,0.9979427456855774
side_person17.mp4,side,296,9867,30.0,848,478,2,left_eye,0.4498054087162018,0.3467797636985779,-0.1409573256969452,0.9977666139602661,0.9980050921440125
side_person17.mp4,side,296,9867,30.0,848,478,3,left_eye_outer,0.45088404417037964,0.34584012627601624,-0.1410314291715622,0.998394250869751,0.9980900883674622
side_person17.mp4,side,296,9867,30.0,848,478,4,right_eye_inner,0.44857457280158997,0.3474472463130951,-0.10944727808237076,0.9971235394477844,0.9977571368217468
side_person17.mp4,side,296,9867,30.0,848,478,5,right_eye,0.4494251608848572,0.3461769223213196,-0.10947209596633911,0.9968811273574829,0.9976334571838379
side_person17.mp4,side,296,9867,30.0,848,478,6,right_eye_outer,0.4504132568836212,0.3448196351528168,-0.10949491709470749,0.9978008270263672,0.9974765181541443
side_person17.mp4,side,296,9867,30.0,848,478,7,left_ear,0.4635186791419983,0.34305742383003235,-0.18920081853866577,0.9961540699005127,0.9976986050605774
side_person17.mp4,side,296,9867,30.0,848,478,8,right_ear,0.4630730450153351,0.3410976827144623,-0.04942344129085541,0.9968377947807312,0.9968829154968262
side_person17.mp4,side,296,9867,30.0,848,478,9,mouth_left,0.45612427592277527,0.378849595785141,-0.1340188831090927,0.9962598085403442,0.997418999671936
side_person17.mp4,side,296,9867,30.0,848,478,10,mouth_right,0.4558574855327606,0.3796170651912689,-0.09305595606565475,0.9934152364730835,0.9969785213470459
side_person17.mp4,side,296,9867,30.0,848,478,11,left_shoulder,0.49046483635902405,0.4218369722366333,-0.2648734748363495,0.9988267421722412,0.9958240985870361
side_person17.mp4,side,296,9867,30.0,848,478,12,right_shoulder,0.4950297474861145,0.4126031994819641,0.052544064819812775,0.9947535991668701,0.9958207607269287
side_person17.mp4,side,296,9867,30.0,848,478,13,left_elbow,0.41084909439086914,0.4547496736049652,-0.32952359318733215,0.9841087460517883,0.9986950755119324
side_person17.mp4,side,296,9867,30.0,848,478,14,right_elbow,0.42288509011268616,0.4517896771430969,0.07906739413738251,0.23934048414230347,0.9986680746078491
side_person17.mp4,side,296,9867,30.0,848,478,15,left_wrist,0.33120307326316833,0.4486920237541199,-0.3036835491657257,0.9755882024765015,0.995744526386261
side_person17.mp4,side,296,9867,30.0,848,478,16,right_wrist,0.3558081090450287,0.4504944980144501,0.012021655216813087,0.29101189970970154,0.9910818338394165
side_person17.mp4,side,296,9867,30.0,848,478,17,left_pinky,0.30973196029663086,0.4439528286457062,-0.3489525020122528,0.9643791913986206,0.9929023385047913
side_person17.mp4,side,296,9867,30.0,848,478,18,right_pinky,0.3400684595108032,0.4447551965713501,0.004442865960299969,0.30448541045188904,0.9882752895355225
side_person17.mp4,side,296,9867,30.0,848,478,19,left_index,0.3089418113231659,0.43558183312416077,-0.3302820324897766,0.9609842896461487,0.9930144548416138
side_person17.mp4,side,296,9867,30.0,848,478,20,right_index,0.3363061547279358,0.44058457016944885,-0.026393704116344452,0.3167177140712738,0.9863414168357849
side_person17.mp4,side,296,9867,30.0,848,478,21,left_thumb,0.3169861435890198,0.43849417567253113,-0.29849952459335327,0.9392111897468567,0.9938644766807556
side_person17.mp4,side,296,9867,30.0,848,478,22,right_thumb,0.34069836139678955,0.44527149200439453,-0.005161573179066181,0.34130921959877014,0.9883527159690857
side_person17.mp4,side,296,9867,30.0,848,478,23,left_hip,0.5681400299072266,0.6345519423484802,-0.10318645089864731,0.9983072876930237,0.9992733597755432
side_person17.mp4,side,296,9867,30.0,848,478,24,right_hip,0.5513880252838135,0.6138750314712524,0.10326366871595383,0.9967495799064636,0.9994717240333557
side_person17.mp4,side,296,9867,30.0,848,478,25,left_knee,0.4747900664806366,0.7495816946029663,-0.05454312637448311,0.9314226508140564,0.9986087679862976
side_person17.mp4,side,296,9867,30.0,848,478,26,right_knee,0.463283896446228,0.7006654143333435,0.12360763549804688,0.4344943165779114,0.9988333582878113
side_person17.mp4,side,296,9867,30.0,848,478,27,left_ankle,0.5036070346832275,0.9063564538955688,0.10234049707651138,0.9428141117095947,0.996243953704834
side_person17.mp4,side,296,9867,30.0,848,478,28,right_ankle,0.4991319179534912,0.8779523372650146,0.28707966208457947,0.5349951982498169,0.9991176724433899
side_person17.mp4,side,296,9867,30.0,848,478,29,left_heel,0.5169095993041992,0.929736852645874,0.11871355026960373,0.9267330765724182,0.9958465695381165
side_person17.mp4,side,296,9867,30.0,848,478,30,right_heel,0.5112532377243042,0.9076155424118042,0.30427268147468567,0.6787899136543274,0.9989084005355835
side_person17.mp4,side,296,9867,30.0,848,478,31,left_foot_index,0.46388742327690125,0.9284279942512512,0.10828624665737152,0.9169202446937561,0.9943686127662659
side_person17.mp4,side,296,9867,30.0,848,478,32,right_foot_index,0.46159592270851135,0.9159646034240723,0.30463090538978577,0.6456823945045471,0.9981689453125
side_person17.mp4,side,297,9900,30.0,848,478,0,nose,0.448029488325119,0.3778632879257202,-0.13138099014759064,0.9980672001838684,0.9984546899795532
side_person17.mp4,side,297,9900,30.0,848,478,1,left_eye_inner,0.44815653562545776,0.35904332995414734,-0.15205666422843933,0.9978313446044922,0.9984700083732605
side_person17.mp4,side,297,9900,30.0,848,478,2,left_eye,0.4491809904575348,0.3581140339374542,-0.15211302042007446,0.9979193806648254,0.9985149502754211
side_person17.mp4,side,297,9900,30.0,848,478,3,left_eye_outer,0.4503007233142853,0.3572899103164673,-0.15218952298164368,0.9985029697418213,0.9985723495483398
side_person17.mp4,side,297,9900,30.0,848,478,4,right_eye_inner,0.4478861689567566,0.35871776938438416,-0.12128295749425888,0.9972963333129883,0.998284637928009
side_person17.mp4,side,297,9900,30.0,848,478,5,right_eye,0.4487028419971466,0.3575155436992645,-0.12131340801715851,0.9970753788948059,0.9981605410575867
side_person17.mp4,side,297,9900,30.0,848,478,6,right_eye_outer,0.449686735868454,0.3562627136707306,-0.12133175134658813,0.9979317784309387,0.9979977011680603
side_person17.mp4,side,297,9900,30.0,848,478,7,left_ear,0.46306371688842773,0.3550601899623871,-0.19901195168495178,0.9963726997375488,0.998172402381897
side_person17.mp4,side,297,9900,30.0,848,478,8,right_ear,0.4624563157558441,0.3529326319694519,-0.061908673495054245,0.9970335364341736,0.9972841739654541
side_person17.mp4,side,297,9900,30.0,848,478,9,mouth_left,0.4553857743740082,0.39029696583747864,-0.14519992470741272,0.9964832663536072,0.9978532195091248
side_person17.mp4,side,297,9900,30.0,848,478,10,mouth_right,0.4549477994441986,0.39112207293510437,-0.105030357837677,0.9937571883201599,0.9974300265312195
side_person17.mp4,side,297,9900,30.0,848,478,11,left_shoulder,0.4897477626800537,0.4335078299045563,-0.26933759450912476,0.9988235235214233,0.9963182210922241
side_person17.mp4,side,297,9900,30.0,848,478,12,right_shoulder,0.49398231506347656,0.4227188229560852,0.03650279715657234,0.9947338104248047,0.996024489402771
side_person17.mp4,side,297,9900,30.0,848,478,13,left_elbow,0.40994182229042053,0.46291640400886536,-0.3310219347476959,0.9841254353523254,0.9990373849868774
side_person17.mp4,side,297,9900,30.0,848,478,14,right_elbow,0.4200417399406433,0.4615238904953003,0.06231477111577988,0.24444667994976044,0.9989895224571228
side_person17.mp4,side,297,9900,30.0,848,478,15,left_wrist,0.33121198415756226,0.45761725306510925,-0.3059135377407074,0.9764930605888367,0.9969592094421387
side_person17.mp4,side,297,9900,30.0,848,478,16,right_wrist,0.3526079058647156,0.45802411437034607,-0.005887850187718868,0.29536905884742737,0.9935787916183472
side_person17.mp4,side,297,9900,30.0,848,478,17,left_pinky,0.3088285028934479,0.4521394670009613,-0.35142481327056885,0.9657264351844788,0.9948205947875977
side_person17.mp4,side,297,9900,30.0,848,478,18,right_pinky,0.3361732065677643,0.45155277848243713,-0.014232723042368889,0.30994927883148193,0.9912906885147095
side_person17.mp4,side,297,9900,30.0,848,478,19,left_index,0.30923691391944885,0.444349467754364,-0.33245185017585754,0.9624955654144287,0.99491286277771
side_person17.mp4,side,297,9900,30.0,848,478,20,right_index,0.3343207538127899,0.4482272267341614,-0.04536477476358414,0.32208681106567383,0.9897711277008057
side_person17.mp4,side,297,9900,30.0,848,478,21,left_thumb,0.31728020310401917,0.44688358902931213,-0.3006543517112732,0.9414554834365845,0.9956114888191223
side_person17.mp4,side,297,9900,30.0,848,478,22,right_thumb,0.33776381611824036,0.4514385759830475,-0.02308705449104309,0.3476221561431885,0.9914211630821228
side_person17.mp4,side,297,9900,30.0,848,478,23,left_hip,0.5680685043334961,0.6445088386535645,-0.10088025033473969,0.9984279870986938,0.9993802309036255
side_person17.mp4,side,297,9900,30.0,848,478,24,right_hip,0.551540195941925,0.6226071119308472,0.10094951838254929,0.9969803690910339,0.9995088577270508
side_person17.mp4,side,297,9900,30.0,848,478,25,left_knee,0.47394824028015137,0.7513599991798401,-0.04041547700762749,0.934468150138855,0.9989463686943054
side_person17.mp4,side,297,9900,30.0,848,478,26,right_knee,0.4642634391784668,0.7048995494842529,0.14392708241939545,0.4503557085990906,0.9989538192749023
side_person17.mp4,side,297,9900,30.0,848,478,27,left_ankle,0.5036746263504028,0.9062937498092651,0.12773887813091278,0.9448480010032654,0.9977613687515259
side_person17.mp4,side,297,9900,30.0,848,478,28,right_ankle,0.5001691579818726,0.8720006942749023,0.32394862174987793,0.545650839805603,0.9994248151779175
side_person17.mp4,side,297,9900,30.0,848,478,29,left_heel,0.5167613625526428,0.9293734431266785,0.14472855627536774,0.929154634475708,0.997541069984436
side_person17.mp4,side,297,9900,30.0,848,478,30,right_heel,0.5121581554412842,0.9052671194076538,0.34317952394485474,0.6872589588165283,0.9993183612823486
side_person17.mp4,side,297,9900,30.0,848,478,31,left_foot_index,0.4638863801956177,0.9280396103858948,0.1336086243391037,0.91956627368927,0.996769905090332
side_person17.mp4,side,297,9900,30.0,848,478,32,right_foot_index,0.4621483087539673,0.9123758673667908,0.34608232975006104,0.655260443687439,0.9989618062973022
side_person17.mp4,side,298,9933,30.0,848,478,0,nose,0.4471406042575836,0.38731610774993896,-0.12804386019706726,0.9981873631477356,0.9983577132225037
side_person17.mp4,side,298,9933,30.0,848,478,1,left_eye_inner,0.4475507438182831,0.36858779191970825,-0.1481788158416748,0.9979634284973145,0.9982337951660156
side_person17.mp4,side,298,9933,30.0,848,478,2,left_eye,0.4486674964427948,0.3676958978176117,-0.14822492003440857,0.9980505108833313,0.9982342720031738
side_person17.mp4,side,298,9933,30.0,848,478,3,left_eye_outer,0.4498571753501892,0.3669443130493164,-0.1482936441898346,0.9985944032669067,0.9982694387435913
side_person17.mp4,side,298,9933,30.0,848,478,4,right_eye_inner,0.4470929205417633,0.3683212697505951,-0.11755873262882233,0.9974493980407715,0.9981620907783508
side_person17.mp4,side,298,9933,30.0,848,478,5,right_eye,0.44787392020225525,0.3671737611293793,-0.11759425699710846,0.997249960899353,0.998072624206543
side_person17.mp4,side,298,9933,30.0,848,478,6,right_eye_outer,0.4487985074520111,0.36603403091430664,-0.11761534959077835,0.9980502128601074,0.9979709982872009
side_person17.mp4,side,298,9933,30.0,848,478,7,left_ear,0.46275848150253296,0.3648921251296997,-0.19390740990638733,0.9965400099754333,0.9975875616073608
side_person17.mp4,side,298,9933,30.0,848,478,8,right_ear,0.46178558468818665,0.36295652389526367,-0.05742626264691353,0.9972125291824341,0.9972407817840576
side_person17.mp4,side,298,9933,30.0,848,478,9,mouth_left,0.454524964094162,0.40056031942367554,-0.14168056845664978,0.9966817498207092,0.997820258140564
side_person17.mp4,side,298,9933,30.0,848,478,10,mouth_right,0.4538365602493286,0.4014686644077301,-0.10170353949069977,0.9940934777259827,0.997632622718811
side_person17.mp4,side,298,9933,30.0,848,478,11,left_shoulder,0.4888215661048889,0.4434621334075928,-0.2634095847606659,0.9988187551498413,0.9960227012634277
side_person17.mp4,side,298,9933,30.0,848,478,12,right_shoulder,0.49005627632141113,0.4330977499485016,0.038767360150814056,0.9948370456695557,0.9972401857376099
side_person17.mp4,side,298,9933,30.0,848,478,13,left_elbow,0.40850135684013367,0.4733465909957886,-0.32393085956573486,0.9843447804450989,0.9990787506103516
side_person17.mp4,side,298,9933,30.0,848,478,14,right_elbow,0.41691073775291443,0.4710656404495239,0.06580860167741776,0.2593187093734741,0.9993728995323181
side_person17.mp4,side,298,9933,30.0,848,478,15,left_wrist,0.3301991820335388,0.46707144379615784,-0.29975229501724243,0.9776949882507324,0.997610330581665
side_person17.mp4,side,298,9933,30.0,848,478,16,right_wrist,0.3491261601448059,0.4686124920845032,-0.0031058923341333866,0.3135111331939697,0.9961863160133362
side_person17.mp4,side,298,9933,30.0,848,478,17,left_pinky,0.30892419815063477,0.4603866934776306,-0.345075786113739,0.9674357175827026,0.9959021210670471
side_person17.mp4,side,298,9933,30.0,848,478,18,right_pinky,0.33527514338493347,0.46159791946411133,-0.010397056117653847,0.32723167538642883,0.9943165183067322
side_person17.mp4,side,298,9933,30.0,848,478,19,left_index,0.3099597692489624,0.45301011204719543,-0.3266008794307709,0.9643789529800415,0.9959470629692078
side_person17.mp4,side,298,9933,30.0,848,478,20,right_index,0.33362236618995667,0.4583284556865692,-0.0421651192009449,0.3393401503562927,0.9932379722595215
side_person17.mp4,side,298,9933,30.0,848,478,21,left_thumb,0.3174898028373718,0.4560631513595581,-0.2946772575378418,0.9442847371101379,0.9965314269065857
side_person17.mp4,side,298,9933,30.0,848,478,22,right_thumb,0.33560124039649963,0.4608091115951538,-0.02034183405339718,0.36565274000167847,0.994559109210968
side_person17.mp4,side,298,9933,30.0,848,478,23,left_hip,0.567979097366333,0.6518449187278748,-0.09843126684427261,0.9985266923904419,0.9991542100906372
side_person17.mp4,side,298,9933,30.0,848,478,24,right_hip,0.5514116287231445,0.6299440860748291,0.09850600361824036,0.9971919655799866,0.99949049949646
side_person17.mp4,side,298,9933,30.0,848,478,25,left_knee,0.4734427332878113,0.754018247127533,-0.04514685645699501,0.9372922778129578,0.9986625909805298
side_person17.mp4,side,298,9933,30.0,848,478,26,right_knee,0.4622929096221924,0.7088404297828674,0.138174369931221,0.46359461545944214,0.9989594221115112
side_person17.mp4,side,298,9933,30.0,848,478,27,left_ankle,0.5036579966545105,0.9062386751174927,0.11558390408754349,0.9459565281867981,0.9968852400779724
side_person17.mp4,side,298,9933,30.0,848,478,28,right_ankle,0.4999335706233978,0.8708352446556091,0.30312561988830566,0.5508836507797241,0.9992577433586121
side_person17.mp4,side,298,9933,30.0,848,478,29,left_heel,0.5166909098625183,0.9287681579589844,0.13189618289470673,0.9302389621734619,0.9966217279434204
side_person17.mp4,side,298,9933,30.0,848,478,30,right_heel,0.5118842720985413,0.9042896628379822,0.32082831859588623,0.6911495923995972,0.999106228351593
side_person17.mp4,side,298,9933,30.0,848,478,31,left_foot_index,0.4637047350406647,0.9280252456665039,0.12073156982660294,0.920829713344574,0.9958292841911316
side_person17.mp4,side,298,9933,30.0,848,478,32,right_foot_index,0.4618030786514282,0.9117830395698547,0.32123467326164246,0.6603869199752808,0.998672604560852
side_person17.mp4,side,299,9967,30.0,848,478,0,nose,0.44592612981796265,0.39956751465797424,-0.12122822552919388,0.9982704520225525,0.9975026249885559
side_person17.mp4,side,299,9967,30.0,848,478,1,left_eye_inner,0.44613370299339294,0.3799116611480713,-0.14116665720939636,0.9980491399765015,0.9973266124725342
side_person17.mp4,side,299,9967,30.0,848,478,2,left_eye,0.44721347093582153,0.37886345386505127,-0.14120517671108246,0.9981387257575989,0.9973108768463135
side_person17.mp4,side,299,9967,30.0,848,478,3,left_eye_outer,0.44834622740745544,0.3779107928276062,-0.14126592874526978,0.9986533522605896,0.9973502159118652
side_person17.mp4,side,299,9967,30.0,848,478,4,right_eye_inner,0.4455810487270355,0.3796877861022949,-0.11029669642448425,0.9975456595420837,0.997312068939209
side_person17.mp4,side,299,9967,30.0,848,478,5,right_eye,0.4462865889072418,0.3784106373786926,-0.11033271998167038,0.9973680377006531,0.9972201585769653
side_person17.mp4,side,299,9967,30.0,848,478,6,right_eye_outer,0.44712772965431213,0.3770899474620819,-0.11035703122615814,0.9981290698051453,0.9971343278884888
side_person17.mp4,side,299,9967,30.0,848,478,7,left_ear,0.46143463253974915,0.37503987550735474,-0.18708829581737518,0.9965918064117432,0.9960801005363464
side_person17.mp4,side,299,9967,30.0,848,478,8,right_ear,0.46068429946899414,0.37299779057502747,-0.04930713400244713,0.9973289370536804,0.9960373044013977
side_person17.mp4,side,299,9967,30.0,848,478,9,mouth_left,0.45326775312423706,0.41172823309898376,-0.13529221713542938,0.9968029260635376,0.9967333078384399
side_person17.mp4,side,299,9967,30.0,848,478,10,mouth_right,0.45251286029815674,0.4128250777721405,-0.0949886217713356,0.9942993521690369,0.9965832829475403
side_person17.mp4,side,299,9967,30.0,848,478,11,left_shoulder,0.48871681094169617,0.45189955830574036,-0.2590391933917999,0.9987459778785706,0.9936531782150269
side_person17.mp4,side,299,9967,30.0,848,478,12,right_shoulder,0.4867120683193207,0.44407036900520325,0.04433470964431763,0.9948105812072754,0.9962144494056702
side_person17.mp4,side,299,9967,30.0,848,478,13,left_elbow,0.40760111808776855,0.4843601584434509,-0.32072725892066956,0.9844989776611328,0.9987263083457947
side_person17.mp4,side,299,9967,30.0,848,478,14,right_elbow,0.414073646068573,0.4826953113079071,0.0723850354552269,0.2706846594810486,0.9991329312324524
side_person17.mp4,side,299,9967,30.0,848,478,15,left_wrist,0.32698336243629456,0.475800096988678,-0.30141711235046387,0.9788209795951843,0.9967490434646606
side_person17.mp4,side,299,9967,30.0,848,478,16,right_wrist,0.3456907570362091,0.47897234559059143,0.0018194332951679826,0.32904526591300964,0.9951691031455994
side_person17.mp4,side,299,9967,30.0,848,478,17,left_pinky,0.30574309825897217,0.4674372971057892,-0.3462935984134674,0.9690641164779663,0.9943998456001282
side_person17.mp4,side,299,9967,30.0,848,478,18,right_pinky,0.3342301845550537,0.4713170826435089,-0.005630702245980501,0.3430078625679016,0.9927685260772705
side_person17.mp4,side,299,9967,30.0,848,478,19,left_index,0.3101576268672943,0.46150317788124084,-0.32822883129119873,0.9661729335784912,0.9943689703941345
side_person17.mp4,side,299,9967,30.0,848,478,20,right_index,0.3323063850402832,0.46814486384391785,-0.03690227121114731,0.35501807928085327,0.9914368987083435
side_person17.mp4,side,299,9967,30.0,848,478,21,left_thumb,0.31791356205940247,0.46464231610298157,-0.29667848348617554,0.9470259547233582,0.9951918125152588
side_person17.mp4,side,299,9967,30.0,848,478,22,right_thumb,0.3335581421852112,0.4708115756511688,-0.015358658507466316,0.3822444975376129,0.9930458664894104
side_person17.mp4,side,299,9967,30.0,848,478,23,left_hip,0.5679137110710144,0.657825231552124,-0.09725504368543625,0.9985637664794922,0.9982419013977051
side_person17.mp4,side,299,9967,30.0,848,478,24,right_hip,0.5506777763366699,0.635739266872406,0.09733404219150543,0.9973199963569641,0.9990500807762146
side_person17.mp4,side,299,9967,30.0,848,478,25,left_knee,0.4713667631149292,0.7531408071517944,-0.06258685886859894,0.9390584826469421,0.9980158805847168
side_person17.mp4,side,299,9967,30.0,848,478,26,right_knee,0.459110289812088,0.7078124284744263,0.1250251680612564,0.4692002236843109,0.998542070388794
side_person17.mp4,side,299,9967,30.0,848,478,27,left_ankle,0.5034924745559692,0.9060688018798828,0.11270877718925476,0.9462068676948547,0.9948124885559082
side_person17.mp4,side,299,9967,30.0,848,478,28,right_ankle,0.49980396032333374,0.8706099390983582,0.2835713326931,0.549711287021637,0.9986819624900818
side_person17.mp4,side,299,9967,30.0,848,478,29,left_heel,0.5166242718696594,0.9279214143753052,0.12489080429077148,0.9302114844322205,0.994612455368042
side_person17.mp4,side,299,9967,30.0,848,478,30,right_heel,0.5116795301437378,0.9018014669418335,0.30145904421806335,0.6900265216827393,0.998479425907135
side_person17.mp4,side,299,9967,30.0,848,478,31,left_foot_index,0.4634389579296112,0.9285085797309875,0.09704723209142685,0.9206079244613647,0.9931167364120483
side_person17.mp4,side,299,9967,30.0,848,478,32,right_foot_index,0.46151039004325867,0.9121990203857422,0.300015389919281,0.6598323583602905,0.997725784778595
side_person17.mp4,side,300,10000,30.0,848,478,0,nose,0.44427165389060974,0.41113224625587463,-0.1465120017528534,0.9983716011047363,0.9981017708778381
side_person17.mp4,side,300,10000,30.0,848,478,1,left_eye_inner,0.4444035589694977,0.3910157084465027,-0.16718827188014984,0.9981666207313538,0.9981701374053955
side_person17.mp4,side,300,10000,30.0,848,478,2,left_eye,0.44537192583084106,0.38997355103492737,-0.16722512245178223,0.9982544183731079,0.9982448816299438
side_person17.mp4,side,300,10000,30.0,848,478,3,left_eye_outer,0.44639843702316284,0.3889318108558655,-0.16730491816997528,0.9987351894378662,0.9983580708503723
side_person17.mp4,side,300,10000,30.0,848,478,4,right_eye_inner,0.44389209151268005,0.390823632478714,-0.13544051349163055,0.9976720213890076,0.9979440569877625
side_person17.mp4,side,300,10000,30.0,848,478,5,right_eye,0.4445416331291199,0.38958409428596497,-0.13547483086585999,0.9975090622901917,0.9978123903274536
side_person17.mp4,side,300,10000,30.0,848,478,6,right_eye_outer,0.44532686471939087,0.3882160484790802,-0.135489821434021,0.9982267022132874,0.9976853132247925
side_person17.mp4,side,300,10000,30.0,848,478,7,left_ear,0.45964741706848145,0.38626018166542053,-0.21450433135032654,0.996748685836792,0.9978052973747253
side_person17.mp4,side,300,10000,30.0,848,478,8,right_ear,0.4593518078327179,0.38422486186027527,-0.07238128781318665,0.9974735379219055,0.9968478083610535
side_person17.mp4,side,300,10000,30.0,848,478,9,mouth_left,0.4511433243751526,0.42323580384254456,-0.1607973724603653,0.9969709515571594,0.9977818131446838
side_person17.mp4,side,300,10000,30.0,848,478,10,mouth_right,0.45042458176612854,0.42401212453842163,-0.11914538592100143,0.9945868849754333,0.9974727034568787
side_person17.mp4,side,300,10000,30.0,848,478,11,left_shoulder,0.4864616096019745,0.4645940363407135,-0.27895575761795044,0.9987632036209106,0.9969573020935059
side_person17.mp4,side,300,10000,30.0,848,478,12,right_shoulder,0.4844309985637665,0.45445844531059265,0.02332945726811886,0.9949444532394409,0.9973449110984802
side_person17.mp4,side,300,10000,30.0,848,478,13,left_elbow,0.4057766795158386,0.4956730902194977,-0.342594176530838,0.984898030757904,0.9992802739143372
side_person17.mp4,side,300,10000,30.0,848,478,14,right_elbow,0.41280674934387207,0.49212345480918884,0.053346749395132065,0.27726852893829346,0.9992103576660156
side_person17.mp4,side,300,10000,30.0,848,478,15,left_wrist,0.3232392966747284,0.4851967394351959,-0.33143454790115356,0.9800335168838501,0.9979367256164551
side_person17.mp4,side,300,10000,30.0,848,478,16,right_wrist,0.34431299567222595,0.48856934905052185,-0.02175096794962883,0.33831095695495605,0.9951860308647156
side_person17.mp4,side,300,10000,30.0,848,478,17,left_pinky,0.3025635778903961,0.4780638515949249,-0.3807373344898224,0.9708114266395569,0.996232807636261
side_person17.mp4,side,300,10000,30.0,848,478,18,right_pinky,0.333537220954895,0.480949729681015,-0.031356506049633026,0.3535482585430145,0.9930723309516907
side_person17.mp4,side,300,10000,30.0,848,478,19,left_index,0.3071393668651581,0.4696076810359955,-0.3626401424407959,0.9681087136268616,0.9962803721427917
side_person17.mp4,side,300,10000,30.0,848,478,20,right_index,0.33153146505355835,0.4777669608592987,-0.06477947533130646,0.3655901551246643,0.9917970895767212
side_person17.mp4,side,300,10000,30.0,848,478,21,left_thumb,0.31364116072654724,0.4735005795955658,-0.32718247175216675,0.9498926997184753,0.996841311454773
side_person17.mp4,side,300,10000,30.0,848,478,22,right_thumb,0.3324626088142395,0.48070529103279114,-0.039841968566179276,0.3937472999095917,0.9932663440704346
side_person17.mp4,side,300,10000,30.0,848,478,23,left_hip,0.5678413510322571,0.6644026637077332,-0.09731100499629974,0.9986509084701538,0.9993559718132019
side_person17.mp4,side,300,10000,30.0,848,478,24,right_hip,0.5498602986335754,0.6417704224586487,0.09740172326564789,0.9974927306175232,0.9995365142822266
side_person17.mp4,side,300,10000,30.0,848,478,25,left_knee,0.46926796436309814,0.7525951862335205,-0.059767238795757294,0.9402961730957031,0.9989169836044312
side_person17.mp4,side,300,10000,30.0,848,478,26,right_knee,0.459669828414917,0.7075771689414978,0.139971062541008,0.47012290358543396,0.9989956021308899
side_person17.mp4,side,300,10000,30.0,848,478,27,left_ankle,0.5035659670829773,0.9059287905693054,0.12303505092859268,0.9457796812057495,0.9976623058319092
side_person17.mp4,side,300,10000,30.0,848,478,28,right_ankle,0.4999563694000244,0.8704673647880554,0.3221741318702698,0.5444795489311218,0.9991384744644165
side_person17.mp4,side,300,10000,30.0,848,478,29,left_heel,0.5166497230529785,0.927433431148529,0.14120449125766754,0.92936772108078,0.997703492641449
side_person17.mp4,side,300,10000,30.0,848,478,30,right_heel,0.5116604566574097,0.9013576507568359,0.34195685386657715,0.6857829093933105,0.9990766048431396
side_person17.mp4,side,300,10000,30.0,848,478,31,left_foot_index,0.4634881615638733,0.9285131096839905,0.13732671737670898,0.9197745323181152,0.9967718720436096
side_person17.mp4,side,300,10000,30.0,848,478,32,right_foot_index,0.461605429649353,0.9113394021987915,0.3486722409725189,0.6566740870475769,0.9986575841903687
side_person17.mp4,side,301,10033,30.0,848,478,0,nose,0.4433816075325012,0.4229646623134613,-0.1527586281299591,0.9984495043754578,0.9980610013008118
side_person17.mp4,side,301,10033,30.0,848,478,1,left_eye_inner,0.4432547092437744,0.40271636843681335,-0.17429400980472565,0.9982630610466003,0.9981503486633301
side_person17.mp4,side,301,10033,30.0,848,478,2,left_eye,0.4441297650337219,0.40163275599479675,-0.17432661354541779,0.9983522891998291,0.9982439279556274
side_person17.mp4,side,301,10033,30.0,848,478,3,left_eye_outer,0.445045530796051,0.40060797333717346,-0.17440615594387054,0.9988003969192505,0.9983659386634827
side_person17.mp4,side,301,10033,30.0,848,478,4,right_eye_inner,0.44292742013931274,0.40255165100097656,-0.14200706779956818,0.997768223285675,0.9978806972503662
side_person17.mp4,side,301,10033,30.0,848,478,5,right_eye,0.443620890378952,0.40128856897354126,-0.14203712344169617,0.9976230263710022,0.9977279305458069
side_person17.mp4,side,301,10033,30.0,848,478,6,right_eye_outer,0.4444313049316406,0.39993247389793396,-0.14204756915569305,0.9983034133911133,0.9975849390029907
side_person17.mp4,side,301,10033,30.0,848,478,7,left_ear,0.45803317427635193,0.397948682308197,-0.22341002523899078,0.9968692064285278,0.9978825449943542
side_person17.mp4,side,301,10033,30.0,848,478,8,right_ear,0.4584674537181854,0.39561378955841064,-0.0786409005522728,0.9975759387016296,0.9967004656791687
side_person17.mp4,side,301,10033,30.0,848,478,9,mouth_left,0.44988542795181274,0.4352104663848877,-0.16761016845703125,0.9971051812171936,0.9980224370956421
side_person17.mp4,side,301,10033,30.0,848,478,10,mouth_right,0.44945991039276123,0.43581151962280273,-0.1252060979604721,0.9948206543922424,0.997721254825592
side_person17.mp4,side,301,10033,30.0,848,478,11,left_shoulder,0.48439672589302063,0.4745250940322876,-0.2861662209033966,0.9987627863883972,0.9971910119056702
side_person17.mp4,side,301,10033,30.0,848,478,12,right_shoulder,0.4839392304420471,0.4628191590309143,0.01929445005953312,0.9950682520866394,0.9975606203079224
side_person17.mp4,side,301,10033,30.0,848,478,13,left_elbow,0.40534836053848267,0.506391704082489,-0.34272557497024536,0.9849240183830261,0.9991664886474609
side_person17.mp4,side,301,10033,30.0,848,478,14,right_elbow,0.4099438190460205,0.4989366829395294,0.05269734933972359,0.2842376232147217,0.9992456436157227
side_person17.mp4,side,301,10033,30.0,848,478,15,left_wrist,0.3237045705318451,0.49416330456733704,-0.3207182288169861,0.9809250235557556,0.9978609681129456
side_person17.mp4,side,301,10033,30.0,848,478,16,right_wrist,0.33973413705825806,0.494257390499115,-0.02428390458226204,0.3505304753780365,0.995755672454834
side_person17.mp4,side,301,10033,30.0,848,478,17,left_pinky,0.30288398265838623,0.4878757894039154,-0.36824673414230347,0.9721707701683044,0.9962465167045593
side_person17.mp4,side,301,10033,30.0,848,478,18,right_pinky,0.3264620900154114,0.4856588542461395,-0.033988479524850845,0.3685973286628723,0.9935237169265747
side_person17.mp4,side,301,10033,30.0,848,478,19,left_index,0.306792289018631,0.47965770959854126,-0.35105693340301514,0.9696405529975891,0.9964463114738464
side_person17.mp4,side,301,10033,30.0,848,478,20,right_index,0.32472318410873413,0.48358815908432007,-0.06776208430528641,0.3809341490268707,0.9926167130470276
side_person17.mp4,side,301,10033,30.0,848,478,21,left_thumb,0.3138620853424072,0.4828718900680542,-0.31634294986724854,0.952189028263092,0.9969377517700195
side_person17.mp4,side,301,10033,30.0,848,478,22,right_thumb,0.32686150074005127,0.4869685769081116,-0.04240506514906883,0.40996184945106506,0.9940378665924072
side_person17.mp4,side,301,10033,30.0,848,478,23,left_hip,0.567573070526123,0.6743203997612,-0.09775608032941818,0.9987126588821411,0.9992998838424683
side_person17.mp4,side,301,10033,30.0,848,478,24,right_hip,0.549835205078125,0.6505073308944702,0.09783893823623657,0.9976192116737366,0.9994781613349915
side_person17.mp4,side,301,10033,30.0,848,478,25,left_knee,0.4643095135688782,0.752170205116272,-0.06383202970027924,0.9408846497535706,0.9992700219154358
side_person17.mp4,side,301,10033,30.0,848,478,26,right_knee,0.4592351019382477,0.7076441049575806,0.1487337350845337,0.46333739161491394,0.999207079410553
side_person17.mp4,side,301,10033,30.0,848,478,27,left_ankle,0.5035400986671448,0.9059032201766968,0.1132858544588089,0.9465710520744324,0.9985670447349548
side_person17.mp4,side,301,10033,30.0,848,478,28,right_ankle,0.5002797842025757,0.8704970479011536,0.33447402715682983,0.5377753376960754,0.9992972612380981
side_person17.mp4,side,301,10033,30.0,848,478,29,left_heel,0.5166417360305786,0.9274030923843384,0.13151805102825165,0.9301652908325195,0.998596727848053
side_person17.mp4,side,301,10033,30.0,848,478,30,right_heel,0.5116444826126099,0.8987254500389099,0.3543632924556732,0.681268036365509,0.9992871880531311
side_person17.mp4,side,301,10033,30.0,848,478,31,left_foot_index,0.463451087474823,0.9285374879837036,0.13294126093387604,0.9205842614173889,0.9978302121162415
side_person17.mp4,side,301,10033,30.0,848,478,32,right_foot_index,0.4625636041164398,0.9104662537574768,0.365410178899765,0.6531446576118469,0.998984158039093
side_person17.mp4,side,302,10067,30.0,848,478,0,nose,0.442758172750473,0.4282299280166626,-0.13852174580097198,0.998481810092926,0.9976577758789062
side_person17.mp4,side,302,10067,30.0,848,478,1,left_eye_inner,0.44263771176338196,0.4091337025165558,-0.16006305813789368,0.9983111619949341,0.9978390336036682
side_person17.mp4,side,302,10067,30.0,848,478,2,left_eye,0.44341880083084106,0.4081932008266449,-0.16009457409381866,0.9984051585197449,0.9979346990585327
side_person17.mp4,side,302,10067,30.0,848,478,3,left_eye_outer,0.4443737268447876,0.40716615319252014,-0.1601618528366089,0.9988299012184143,0.9980456829071045
side_person17.mp4,side,302,10067,30.0,848,478,4,right_eye_inner,0.44251489639282227,0.40896257758140564,-0.12769459187984467,0.9978126883506775,0.997627317905426
side_person17.mp4,side,302,10067,30.0,848,478,5,right_eye,0.4433807134628296,0.40758150815963745,-0.12772053480148315,0.997687041759491,0.9974945783615112
side_person17.mp4,side,302,10067,30.0,848,478,6,right_eye_outer,0.44432488083839417,0.4062357246875763,-0.12773217260837555,0.9983435869216919,0.9974023699760437
side_person17.mp4,side,302,10067,30.0,848,478,7,left_ear,0.4569177031517029,0.4060145318508148,-0.20886871218681335,0.9968875646591187,0.9974467754364014
side_person17.mp4,side,302,10067,30.0,848,478,8,right_ear,0.45793649554252625,0.4031108021736145,-0.06401292979717255,0.9976259469985962,0.9965342283248901
side_person17.mp4,side,302,10067,30.0,848,478,9,mouth_left,0.44927045702934265,0.44032496213912964,-0.1533680111169815,0.9971516728401184,0.9975969195365906
side_person17.mp4,side,302,10067,30.0,848,478,10,mouth_right,0.4491359293460846,0.4409574866294861,-0.11096333712339401,0.9949643015861511,0.997336208820343
side_person17.mp4,side,302,10067,30.0,848,478,11,left_shoulder,0.4823389947414398,0.48401781916618347,-0.2764086127281189,0.9987272024154663,0.9965223073959351
side_person17.mp4,side,302,10067,30.0,848,478,12,right_shoulder,0.48354965448379517,0.46829479932785034,0.03592141345143318,0.9951128363609314,0.9974464178085327
side_person17.mp4,side,302,10067,30.0,848,478,13,left_elbow,0.40336138010025024,0.5154041051864624,-0.334329754114151,0.9846493005752563,0.9987873435020447
side_person17.mp4,side,302,10067,30.0,848,478,14,right_elbow,0.4106031060218811,0.5023872256278992,0.06849129498004913,0.2846928834915161,0.9990830421447754
side_person17.mp4,side,302,10067,30.0,848,478,15,left_wrist,0.32359176874160767,0.5033791661262512,-0.2949454188346863,0.9813486337661743,0.9967007040977478
side_person17.mp4,side,302,10067,30.0,848,478,16,right_wrist,0.34104907512664795,0.5003300309181213,-0.005562329664826393,0.355653315782547,0.9948953986167908
side_person17.mp4,side,302,10067,30.0,848,478,17,left_pinky,0.30348992347717285,0.4962081015110016,-0.3400643467903137,0.9728254079818726,0.9944894313812256
side_person17.mp4,side,302,10067,30.0,848,478,18,right_pinky,0.32851147651672363,0.49131467938423157,-0.013359206728637218,0.37653636932373047,0.9922130703926086
side_person17.mp4,side,302,10067,30.0,848,478,19,left_index,0.3067311644554138,0.4883906841278076,-0.3249902129173279,0.9704074263572693,0.9945912957191467
side_person17.mp4,side,302,10067,30.0,848,478,20,right_index,0.3259595036506653,0.4886879622936249,-0.04627620801329613,0.3891657590866089,0.9911292791366577
side_person17.mp4,side,302,10067,30.0,848,478,21,left_thumb,0.3139106333255768,0.49125126004219055,-0.29092854261398315,0.9533632397651672,0.9952765703201294
side_person17.mp4,side,302,10067,30.0,848,478,22,right_thumb,0.3279256522655487,0.4923936426639557,-0.023293429985642433,0.4184451699256897,0.9927698969841003
side_person17.mp4,side,302,10067,30.0,848,478,23,left_hip,0.5673128366470337,0.6813952922821045,-0.09787069261074066,0.9987353086471558,0.9989795088768005
side_person17.mp4,side,302,10067,30.0,848,478,24,right_hip,0.5499232411384583,0.6563808917999268,0.09796455502510071,0.9976915121078491,0.9993315935134888
side_person17.mp4,side,302,10067,30.0,848,478,25,left_knee,0.4610401690006256,0.7521001100540161,-0.08106429874897003,0.9416602253913879,0.998931348323822
side_person17.mp4,side,302,10067,30.0,848,478,26,right_knee,0.45846959948539734,0.707351803779602,0.14886297285556793,0.45558756589889526,0.9989608526229858
side_person17.mp4,side,302,10067,30.0,848,478,27,left_ankle,0.503488302230835,0.9060848951339722,0.09475226700305939,0.9465678334236145,0.9981630444526672
side_person17.mp4,side,302,10067,30.0,848,478,28,right_ankle,0.5000398755073547,0.8662164211273193,0.31384938955307007,0.5308934450149536,0.998909592628479
side_person17.mp4,side,302,10067,30.0,848,478,29,left_heel,0.5165717005729675,0.9275636076927185,0.1155468076467514,0.9298860430717468,0.9982280135154724
side_person17.mp4,side,302,10067,30.0,848,478,30,right_heel,0.511824905872345,0.899349570274353,0.3313238024711609,0.6748498678207397,0.9989089965820312
side_person17.mp4,side,302,10067,30.0,848,478,31,left_foot_index,0.46326908469200134,0.9285987615585327,0.11673925817012787,0.9203143119812012,0.9973344802856445
side_person17.mp4,side,302,10067,30.0,848,478,32,right_foot_index,0.4631686210632324,0.9100615978240967,0.3379756212234497,0.6486454606056213,0.9984087347984314
side_person17.mp4,side,303,10100,30.0,848,478,0,nose,0.44163718819618225,0.437076598405838,-0.14736272394657135,0.9984965324401855,0.9967496395111084
side_person17.mp4,side,303,10100,30.0,848,478,1,left_eye_inner,0.44156354665756226,0.41831105947494507,-0.16927936673164368,0.9983382821083069,0.9971429705619812
side_person17.mp4,side,303,10100,30.0,848,478,2,left_eye,0.4423465430736542,0.41743841767311096,-0.16929857432842255,0.9984354376792908,0.9972822666168213
side_person17.mp4,side,303,10100,30.0,848,478,3,left_eye_outer,0.4433814287185669,0.4164397120475769,-0.16936175525188446,0.9988411664962769,0.9974472522735596
side_person17.mp4,side,303,10100,30.0,848,478,4,right_eye_inner,0.4414742588996887,0.4180815517902374,-0.13596853613853455,0.9978283643722534,0.9969321489334106
side_person17.mp4,side,303,10100,30.0,848,478,5,right_eye,0.4424293041229248,0.41670703887939453,-0.1360008418560028,0.9977148175239563,0.9968210458755493
side_person17.mp4,side,303,10100,30.0,848,478,6,right_eye_outer,0.44344645738601685,0.4153746962547302,-0.1360176056623459,0.9983571767807007,0.9968087077140808
side_person17.mp4,side,303,10100,30.0,848,478,7,left_ear,0.45632416009902954,0.415493369102478,-0.21803578734397888,0.9968764781951904,0.9966562986373901
side_person17.mp4,side,303,10100,30.0,848,478,8,right_ear,0.45718955993652344,0.4126504957675934,-0.06848122179508209,0.9976508021354675,0.9959841966629028
side_person17.mp4,side,303,10100,30.0,848,478,9,mouth_left,0.4484838843345642,0.4493296146392822,-0.16240240633487701,0.9971628189086914,0.9968295693397522
side_person17.mp4,side,303,10100,30.0,848,478,10,mouth_right,0.44846704602241516,0.4499126970767975,-0.11869466304779053,0.9950794577598572,0.9966689944267273
side_person17.mp4,side,303,10100,30.0,848,478,11,left_shoulder,0.48261386156082153,0.4926859140396118,-0.2855830788612366,0.9986671805381775,0.9954505562782288
side_person17.mp4,side,303,10100,30.0,848,478,12,right_shoulder,0.4812430739402771,0.47599413990974426,0.03180020675063133,0.9951758980751038,0.9976988434791565
side_person17.mp4,side,303,10100,30.0,848,478,13,left_elbow,0.4034239947795868,0.5259341597557068,-0.3447691798210144,0.984509289264679,0.9981574416160583
side_person17.mp4,side,303,10100,30.0,848,478,14,right_elbow,0.40969496965408325,0.508349597454071,0.06652069091796875,0.28651341795921326,0.9990283250808716
side_person17.mp4,side,303,10100,30.0,848,478,15,left_wrist,0.32403454184532166,0.5131561160087585,-0.31731754541397095,0.981617271900177,0.995149552822113
side_person17.mp4,side,303,10100,30.0,848,478,16,right_wrist,0.3402249217033386,0.5066614747047424,-0.013765383511781693,0.36368680000305176,0.9938748478889465
side_person17.mp4,side,303,10100,30.0,848,478,17,left_pinky,0.30383214354515076,0.5071687698364258,-0.3643665313720703,0.9731996655464172,0.9920768737792969
side_person17.mp4,side,303,10100,30.0,848,478,18,right_pinky,0.32630133628845215,0.4973520338535309,-0.023662488907575607,0.38622552156448364,0.9902555346488953
side_person17.mp4,side,303,10100,30.0,848,478,19,left_index,0.30716612935066223,0.49781203269958496,-0.349320650100708,0.9708853363990784,0.9921188354492188
side_person17.mp4,side,303,10100,30.0,848,478,20,right_index,0.3244001567363739,0.49592500925064087,-0.05687794089317322,0.39922547340393066,0.9886634945869446
side_person17.mp4,side,303,10100,30.0,848,478,21,left_thumb,0.3141295909881592,0.5012349486351013,-0.31364738941192627,0.9540002346038818,0.9930378794670105
side_person17.mp4,side,303,10100,30.0,848,478,22,right_thumb,0.32627227902412415,0.4996871054172516,-0.03180994465947151,0.4287414252758026,0.9909765124320984
side_person17.mp4,side,303,10100,30.0,848,478,23,left_hip,0.5672987699508667,0.6875131726264954,-0.09931381046772003,0.9987538456916809,0.9986732006072998
side_person17.mp4,side,303,10100,30.0,848,478,24,right_hip,0.5498530268669128,0.6618863940238953,0.09940505772829056,0.9977763295173645,0.9993013143539429
side_person17.mp4,side,303,10100,30.0,848,478,25,left_knee,0.4593997895717621,0.7518795132637024,-0.09030016511678696,0.9415414333343506,0.9983401298522949
side_person17.mp4,side,303,10100,30.0,848,478,26,right_knee,0.4576990008354187,0.707359790802002,0.1506251096725464,0.44837379455566406,0.9986246824264526
side_person17.mp4,side,303,10100,30.0,848,478,27,left_ankle,0.5034268498420715,0.9059988856315613,0.0906093642115593,0.944506824016571,0.9975516200065613
side_person17.mp4,side,303,10100,30.0,848,478,28,right_ankle,0.4999314844608307,0.8653968572616577,0.30984944105148315,0.5189567804336548,0.9983761310577393
side_person17.mp4,side,303,10100,30.0,848,478,29,left_heel,0.5159106254577637,0.9268524646759033,0.11361443251371384,0.92726069688797,0.9977808594703674
side_person17.mp4,side,303,10100,30.0,848,478,30,right_heel,0.5118071436882019,0.8993959426879883,0.3264966607093811,0.6637058854103088,0.9984022974967957
side_person17.mp4,side,303,10100,30.0,848,478,31,left_foot_index,0.4635104537010193,0.9286826252937317,0.11836254596710205,0.9173218011856079,0.9965704679489136
side_person17.mp4,side,303,10100,30.0,848,478,32,right_foot_index,0.46414047479629517,0.9106705188751221,0.3366314768791199,0.6382100582122803,0.9975831508636475
side_person17.mp4,side,304,10133,30.0,848,478,0,nose,0.44143903255462646,0.44655999541282654,-0.15351596474647522,0.9985557794570923,0.9973170161247253
side_person17.mp4,side,304,10133,30.0,848,478,1,left_eye_inner,0.4412379860877991,0.4279073178768158,-0.17432478070259094,0.998407781124115,0.9974864721298218
side_person17.mp4,side,304,10133,30.0,848,478,2,left_eye,0.4420977532863617,0.4269094169139862,-0.1743316501379013,0.998499870300293,0.9975760579109192
side_person17.mp4,side,304,10133,30.0,848,478,3,left_eye_outer,0.44312164187431335,0.4259619414806366,-0.174386128783226,0.9988836646080017,0.9976757168769836
side_person17.mp4,side,304,10133,30.0,848,478,4,right_eye_inner,0.4410499930381775,0.42753520607948303,-0.1420847624540329,0.9979116320610046,0.9973879456520081
side_person17.mp4,side,304,10133,30.0,848,478,5,right_eye,0.4419470429420471,0.4261183440685272,-0.14213526248931885,0.9978101849555969,0.997340977191925
side_person17.mp4,side,304,10133,30.0,848,478,6,right_eye_outer,0.4429510235786438,0.42468345165252686,-0.14215624332427979,0.9984248280525208,0.9973489046096802
side_person17.mp4,side,304,10133,30.0,848,478,7,left_ear,0.45628610253334045,0.42382290959358215,-0.2201971411705017,0.9969469904899597,0.9967286586761475
side_person17.mp4,side,304,10133,30.0,848,478,8,right_ear,0.4566662311553955,0.42145222425460815,-0.0750189870595932,0.9977575540542603,0.9966674447059631
side_person17.mp4,side,304,10133,30.0,848,478,9,mouth_left,0.4483802616596222,0.4584033787250519,-0.1678994596004486,0.9972491264343262,0.997097373008728
side_person17.mp4,side,304,10133,30.0,848,478,10,mouth_right,0.4483069181442261,0.458876371383667,-0.1254761666059494,0.9952946901321411,0.9971334934234619
side_person17.mp4,side,304,10133,30.0,848,478,11,left_shoulder,0.4830695688724518,0.500647246837616,-0.2830348610877991,0.998572826385498,0.9944642186164856
side_person17.mp4,side,304,10133,30.0,848,478,12,right_shoulder,0.47707846760749817,0.4853227436542511,0.01565675064921379,0.9952482581138611,0.9981080293655396
side_person17.mp4,side,304,10133,30.0,848,478,13,left_elbow,0.4039457142353058,0.5318133234977722,-0.3490505814552307,0.9844974279403687,0.9980060458183289
side_person17.mp4,side,304,10133,30.0,848,478,14,right_elbow,0.4044283628463745,0.5147210955619812,0.04180625081062317,0.2959470748901367,0.9991851449012756
side_person17.mp4,side,304,10133,30.0,848,478,15,left_wrist,0.32754671573638916,0.5197142362594604,-0.3399156928062439,0.9819985032081604,0.9948412775993347
side_person17.mp4,side,304,10133,30.0,848,478,16,right_wrist,0.3320726454257965,0.5145893096923828,-0.041836824268102646,0.3786054253578186,0.9947439432144165
side_person17.mp4,side,304,10133,30.0,848,478,17,left_pinky,0.30845504999160767,0.5129360556602478,-0.38943949341773987,0.973694384098053,0.9911684989929199
side_person17.mp4,side,304,10133,30.0,848,478,18,right_pinky,0.3167581260204315,0.5065768957138062,-0.05351026728749275,0.40115565061569214,0.9909932017326355
side_person17.mp4,side,304,10133,30.0,848,478,19,left_index,0.3096452057361603,0.5050535798072815,-0.37321704626083374,0.9714829921722412,0.9911804795265198
side_person17.mp4,side,304,10133,30.0,848,478,20,right_index,0.31550878286361694,0.5045961141586304,-0.08759285509586334,0.41416090726852417,0.9892746806144714
side_person17.mp4,side,304,10133,30.0,848,478,21,left_thumb,0.3181476593017578,0.507837176322937,-0.3368169069290161,0.9548743367195129,0.9923296570777893
side_person17.mp4,side,304,10133,30.0,848,478,22,right_thumb,0.3170214295387268,0.50771564245224,-0.060376543551683426,0.44411125779151917,0.9917002320289612
side_person17.mp4,side,304,10133,30.0,848,478,23,left_hip,0.5672874450683594,0.6929262280464172,-0.09934303909540176,0.9987533092498779,0.9983023405075073
side_person17.mp4,side,304,10133,30.0,848,478,24,right_hip,0.5486123561859131,0.6656221151351929,0.09942828118801117,0.99784255027771,0.999349057674408
side_person17.mp4,side,304,10133,30.0,848,478,25,left_knee,0.45913007855415344,0.7519897222518921,-0.10214097797870636,0.9406585097312927,0.9977380037307739
side_person17.mp4,side,304,10133,30.0,848,478,26,right_knee,0.4547259211540222,0.7105805277824402,0.12622568011283875,0.440016508102417,0.9985583424568176
side_person17.mp4,side,304,10133,30.0,848,478,27,left_ankle,0.5021894574165344,0.9059450030326843,0.05685059353709221,0.9434329867362976,0.9952244758605957
side_person17.mp4,side,304,10133,30.0,848,478,28,right_ankle,0.4977913200855255,0.8662905693054199,0.2747538685798645,0.5034935474395752,0.9976414442062378
side_person17.mp4,side,304,10133,30.0,848,478,29,left_heel,0.5153102874755859,0.9256833791732788,0.07428213953971863,0.9250214695930481,0.9957499504089355
side_person17.mp4,side,304,10133,30.0,848,478,30,right_heel,0.5117400288581848,0.899442732334137,0.2896859049797058,0.6498071551322937,0.9975789189338684
side_person17.mp4,side,304,10133,30.0,848,478,31,left_foot_index,0.4635031223297119,0.9292106628417969,0.08092096447944641,0.9146774411201477,0.9932492971420288
side_person17.mp4,side,304,10133,30.0,848,478,32,right_foot_index,0.46367955207824707,0.911584198474884,0.2972394824028015,0.6232221722602844,0.9959014058113098
side_person17.mp4,side,305,10167,30.0,848,478,0,nose,0.44134604930877686,0.4553237557411194,-0.16282331943511963,0.9986191987991333,0.9977673292160034
side_person17.mp4,side,305,10167,30.0,848,478,1,left_eye_inner,0.44104406237602234,0.43744945526123047,-0.18418145179748535,0.9984843134880066,0.9979973435401917
side_person17.mp4,side,305,10167,30.0,848,478,2,left_eye,0.44191601872444153,0.43642666935920715,-0.1841895580291748,0.9985721111297607,0.9980798959732056
side_person17.mp4,side,305,10167,30.0,848,478,3,left_eye_outer,0.4429057240486145,0.43548813462257385,-0.18425236642360687,0.9989306926727295,0.9981787204742432
side_person17.mp4,side,305,10167,30.0,848,478,4,right_eye_inner,0.440845251083374,0.4370562434196472,-0.15173687040805817,0.9980002641677856,0.9979069232940674
side_person17.mp4,side,305,10167,30.0,848,478,5,right_eye,0.44171223044395447,0.4356834888458252,-0.15179510414600372,0.9979124069213867,0.9978761672973633
side_person17.mp4,side,305,10167,30.0,848,478,6,right_eye_outer,0.44269222021102905,0.4342804551124573,-0.15181680023670197,0.9984976649284363,0.9978996515274048
side_person17.mp4,side,305,10167,30.0,848,478,7,left_ear,0.4563063979148865,0.4336535632610321,-0.23113034665584564,0.9970632791519165,0.9975610971450806
side_person17.mp4,side,305,10167,30.0,848,478,8,right_ear,0.4563993811607361,0.431144118309021,-0.08483193069696426,0.9978731870651245,0.9975624084472656
side_person17.mp4,side,305,10167,30.0,848,478,9,mouth_left,0.4483756422996521,0.467756062746048,-0.17745555937290192,0.9973481297492981,0.9978195428848267
side_person17.mp4,side,305,10167,30.0,848,478,10,mouth_right,0.4482497572898865,0.467274010181427,-0.13470442593097687,0.9955335855484009,0.9979159235954285
side_person17.mp4,side,305,10167,30.0,848,478,11,left_shoulder,0.48320648074150085,0.5115086436271667,-0.29059216380119324,0.998520016670227,0.9959383010864258
side_person17.mp4,side,305,10167,30.0,848,478,12,right_shoulder,0.47619056701660156,0.4931564927101135,0.005965742748230696,0.9954376816749573,0.9988641738891602
side_person17.mp4,side,305,10167,30.0,848,478,13,left_elbow,0.4041471779346466,0.5388144254684448,-0.3536210358142853,0.9844653606414795,0.9982784986495972
side_person17.mp4,side,305,10167,30.0,848,478,14,right_elbow,0.4012047052383423,0.5184193253517151,0.03562760725617409,0.3056640923023224,0.9993733763694763
side_person17.mp4,side,305,10167,30.0,848,478,15,left_wrist,0.328369677066803,0.5273406505584717,-0.3400897979736328,0.9822601079940796,0.9954544305801392
side_person17.mp4,side,305,10167,30.0,848,478,16,right_wrist,0.3281804323196411,0.5197520852088928,-0.04929700121283531,0.3974636197090149,0.9962254762649536
side_person17.mp4,side,305,10167,30.0,848,478,17,left_pinky,0.3046877384185791,0.5244004130363464,-0.3894712030887604,0.9740667939186096,0.9922505021095276
side_person17.mp4,side,305,10167,30.0,848,478,18,right_pinky,0.3109855651855469,0.5132007002830505,-0.06220291554927826,0.4204879701137543,0.9933737516403198
side_person17.mp4,side,305,10167,30.0,848,478,19,left_index,0.311040997505188,0.5096341967582703,-0.37365883588790894,0.9719576835632324,0.992446780204773
side_person17.mp4,side,305,10167,30.0,848,478,20,right_index,0.3093305230140686,0.5115224123001099,-0.09724364429712296,0.4337701201438904,0.9922620058059692
side_person17.mp4,side,305,10167,30.0,848,478,21,left_thumb,0.3182647228240967,0.5149692893028259,-0.3369213938713074,0.9555772542953491,0.9934011101722717
side_person17.mp4,side,305,10167,30.0,848,478,22,right_thumb,0.3112330138683319,0.5142263174057007,-0.06813083589076996,0.46347278356552124,0.9940435290336609
side_person17.mp4,side,305,10167,30.0,848,478,23,left_hip,0.5671175718307495,0.7032450437545776,-0.09943633526563644,0.9988058805465698,0.9990574717521667
side_person17.mp4,side,305,10167,30.0,848,478,24,right_hip,0.5479879379272461,0.6711911559104919,0.09952373057603836,0.9979634284973145,0.9996592998504639
side_person17.mp4,side,305,10167,30.0,848,478,25,left_knee,0.45727160573005676,0.7518256902694702,-0.10112912952899933,0.9387138485908508,0.9984581470489502
side_person17.mp4,side,305,10167,30.0,848,478,26,right_knee,0.4540706276893616,0.7101982831954956,0.12754371762275696,0.43001434206962585,0.9991102814674377
side_person17.mp4,side,305,10167,30.0,848,478,27,left_ankle,0.5021530985832214,0.9044052958488464,0.06533752381801605,0.9413348436355591,0.9970718622207642
side_person17.mp4,side,305,10167,30.0,848,478,28,right_ankle,0.49749308824539185,0.854317307472229,0.2842751145362854,0.4878931939601898,0.9984095692634583
side_person17.mp4,side,305,10167,30.0,848,478,29,left_heel,0.5153931379318237,0.9226372838020325,0.08297982066869736,0.9220576882362366,0.9974478483200073
side_person17.mp4,side,305,10167,30.0,848,478,30,right_heel,0.5117252469062805,0.8916375041007996,0.30069252848625183,0.6360983848571777,0.9983912110328674
side_person17.mp4,side,305,10167,30.0,848,478,31,left_foot_index,0.4635644555091858,0.9293373823165894,0.09624037891626358,0.9113097190856934,0.9958721995353699
side_person17.mp4,side,305,10167,30.0,848,478,32,right_foot_index,0.4637981653213501,0.9114975333213806,0.32149749994277954,0.6081710457801819,0.9970868229866028
side_person17.mp4,side,306,10200,30.0,848,478,0,nose,0.4407511055469513,0.46287450194358826,-0.16906753182411194,0.9986336827278137,0.9976218342781067
side_person17.mp4,side,306,10200,30.0,848,478,1,left_eye_inner,0.44060808420181274,0.4443320333957672,-0.19115962088108063,0.9985166788101196,0.9980379939079285
side_person17.mp4,side,306,10200,30.0,848,478,2,left_eye,0.4414834678173065,0.44347602128982544,-0.19117839634418488,0.9986055493354797,0.9981904625892639
side_person17.mp4,side,306,10200,30.0,848,478,3,left_eye_outer,0.4424079358577728,0.44278228282928467,-0.19125314056873322,0.9989483952522278,0.9983528852462769
side_person17.mp4,side,306,10200,30.0,848,478,4,right_eye_inner,0.44033974409103394,0.4437790513038635,-0.15779538452625275,0.9980184435844421,0.997822642326355
side_person17.mp4,side,306,10200,30.0,848,478,5,right_eye,0.441130667924881,0.44252756237983704,-0.15783534944057465,0.9979404211044312,0.997759222984314
side_person17.mp4,side,306,10200,30.0,848,478,6,right_eye_outer,0.4421550929546356,0.44112735986709595,-0.15784434974193573,0.998515248298645,0.9977806210517883
side_person17.mp4,side,306,10200,30.0,848,478,7,left_ear,0.4562595784664154,0.44147753715515137,-0.2390320599079132,0.9971033930778503,0.9979867935180664
side_person17.mp4,side,306,10200,30.0,848,478,8,right_ear,0.45616093277931213,0.4386463165283203,-0.08845759928226471,0.9979139566421509,0.9974428415298462
side_person17.mp4,side,306,10200,30.0,848,478,9,mouth_left,0.4477951228618622,0.4749235510826111,-0.18371333181858063,0.9973719120025635,0.9979695677757263
side_person17.mp4,side,306,10200,30.0,848,478,10,mouth_right,0.44765496253967285,0.4749760925769806,-0.13974899053573608,0.9956590533256531,0.9979199767112732
side_person17.mp4,side,306,10200,30.0,848,478,11,left_shoulder,0.4834100604057312,0.5186103582382202,-0.29940351843833923,0.9985374808311462,0.9973651766777039
side_person17.mp4,side,306,10200,30.0,848,478,12,right_shoulder,0.47521957755088806,0.49808958172798157,0.009508528746664524,0.9956334233283997,0.9989509582519531
side_person17.mp4,side,306,10200,30.0,848,478,13,left_elbow,0.4037785530090332,0.5474313497543335,-0.3605366349220276,0.9844835996627808,0.9983974099159241
side_person17.mp4,side,306,10200,30.0,848,478,14,right_elbow,0.40238502621650696,0.5234686732292175,0.04341066628694534,0.30929917097091675,0.9993261098861694
side_person17.mp4,side,306,10200,30.0,848,478,15,left_wrist,0.3256472051143646,0.5345188975334167,-0.34435704350471497,0.9825628399848938,0.9951070547103882
side_person17.mp4,side,306,10200,30.0,848,478,16,right_wrist,0.33146923780441284,0.5234313607215881,-0.04042629152536392,0.4092741310596466,0.9956049919128418
side_person17.mp4,side,306,10200,30.0,848,478,17,left_pinky,0.3029555678367615,0.5302229523658752,-0.39470016956329346,0.9744582176208496,0.9920326471328735
side_person17.mp4,side,306,10200,30.0,848,478,18,right_pinky,0.31614264845848083,0.515402615070343,-0.05128728970885277,0.43297991156578064,0.9926347136497498
side_person17.mp4,side,306,10200,30.0,848,478,19,left_index,0.3105887770652771,0.5198830962181091,-0.3784589171409607,0.9724361300468445,0.9922663569450378
side_person17.mp4,side,306,10200,30.0,848,478,20,right_index,0.3143114745616913,0.5137104392051697,-0.08685687184333801,0.44661596417427063,0.9912780523300171
side_person17.mp4,side,306,10200,30.0,848,478,21,left_thumb,0.31521081924438477,0.5225021839141846,-0.340833455324173,0.956152617931366,0.9930945634841919
side_person17.mp4,side,306,10200,30.0,848,478,22,right_thumb,0.31618165969848633,0.5172358751296997,-0.05922815203666687,0.4761597514152527,0.9932159781455994
side_person17.mp4,side,306,10200,30.0,848,478,23,left_hip,0.5663948059082031,0.7092383503913879,-0.09983833879232407,0.9988636374473572,0.9992945194244385
side_person17.mp4,side,306,10200,30.0,848,478,24,right_hip,0.5468713045120239,0.6760781407356262,0.09993220865726471,0.9980779886245728,0.9996784925460815
side_person17.mp4,side,306,10200,30.0,848,478,25,left_knee,0.45629799365997314,0.7535523772239685,-0.09803039580583572,0.9386618137359619,0.998522937297821
side_person17.mp4,side,306,10200,30.0,848,478,26,right_knee,0.4537990093231201,0.710238516330719,0.14901573956012726,0.42517486214637756,0.9990448355674744
side_person17.mp4,side,306,10200,30.0,848,478,27,left_ankle,0.5021640658378601,0.9036347270011902,0.07733970880508423,0.9392940402030945,0.9979467988014221
side_person17.mp4,side,306,10200,30.0,848,478,28,right_ankle,0.4975227415561676,0.851898193359375,0.31278857588768005,0.4791410565376282,0.998638927936554
side_person17.mp4,side,306,10200,30.0,848,478,29,left_heel,0.5156516432762146,0.9217044711112976,0.09849485009908676,0.919041097164154,0.9982151985168457
side_person17.mp4,side,306,10200,30.0,848,478,30,right_heel,0.5119900703430176,0.8874123692512512,0.3298053443431854,0.6259178519248962,0.9986649751663208
side_person17.mp4,side,306,10200,30.0,848,478,31,left_foot_index,0.46411606669425964,0.9293478727340698,0.122553251683712,0.9082747101783752,0.9971604347229004
side_person17.mp4,side,306,10200,30.0,848,478,32,right_foot_index,0.4645954966545105,0.9076232314109802,0.34997084736824036,0.5996448397636414,0.9977414608001709
side_person17.mp4,side,307,10233,30.0,848,478,0,nose,0.4403146207332611,0.46959367394447327,-0.16876573860645294,0.998712956905365,0.9982205033302307
side_person17.mp4,side,307,10233,30.0,848,478,1,left_eye_inner,0.4399929344654083,0.4511374831199646,-0.19054381549358368,0.998611569404602,0.998595654964447
side_person17.mp4,side,307,10233,30.0,848,478,2,left_eye,0.44096797704696655,0.4501781165599823,-0.1905614137649536,0.9986951947212219,0.9987167119979858
side_person17.mp4,side,307,10233,30.0,848,478,3,left_eye_outer,0.44193756580352783,0.4494791626930237,-0.19063660502433777,0.9990130066871643,0.9988377690315247
side_person17.mp4,side,307,10233,30.0,848,478,4,right_eye_inner,0.4397054612636566,0.45055246353149414,-0.15713439881801605,0.998134970664978,0.998364269733429
side_person17.mp4,side,307,10233,30.0,848,478,5,right_eye,0.44045671820640564,0.4493890404701233,-0.1571715921163559,0.9980640411376953,0.9982860684394836
side_person17.mp4,side,307,10233,30.0,848,478,6,right_eye_outer,0.4413987696170807,0.4482079744338989,-0.1571752429008484,0.9986022710800171,0.9982659220695496
side_person17.mp4,side,307,10233,30.0,848,478,7,left_ear,0.4559573829174042,0.44834598898887634,-0.23762939870357513,0.9972811937332153,0.9985840320587158
side_person17.mp4,side,307,10233,30.0,848,478,8,right_ear,0.4554542005062103,0.4461005628108978,-0.08694116026163101,0.998046875,0.9979726672172546
side_person17.mp4,side,307,10233,30.0,848,478,9,mouth_left,0.44748690724372864,0.48125892877578735,-0.1833542287349701,0.9975188970565796,0.9983896017074585
side_person17.mp4,side,307,10233,30.0,848,478,10,mouth_right,0.4473946690559387,0.48175132274627686,-0.13931487500667572,0.9959412217140198,0.9982616305351257
side_person17.mp4,side,307,10233,30.0,848,478,11,left_shoulder,0.4836386442184448,0.5261836051940918,-0.2985995411872864,0.9985571503639221,0.9975234866142273
side_person17.mp4,side,307,10233,30.0,848,478,12,right_shoulder,0.47569671273231506,0.5054956674575806,0.009598392061889172,0.99580317735672,0.9988283514976501
side_person17.mp4,side,307,10233,30.0,848,478,13,left_elbow,0.40310290455818176,0.5543051958084106,-0.3647642731666565,0.9846243858337402,0.9986706972122192
side_person17.mp4,side,307,10233,30.0,848,478,14,right_elbow,0.4017083942890167,0.5312204360961914,0.041872721165418625,0.3087128698825836,0.9991344809532166
side_person17.mp4,side,307,10233,30.0,848,478,15,left_wrist,0.3251606523990631,0.5449020266532898,-0.35003918409347534,0.9830144643783569,0.9956050515174866
side_person17.mp4,side,307,10233,30.0,848,478,16,right_wrist,0.3312271535396576,0.5321141481399536,-0.044626764953136444,0.4140232503414154,0.9938415288925171
side_person17.mp4,side,307,10233,30.0,848,478,17,left_pinky,0.299343079328537,0.5388758778572083,-0.4008811116218567,0.9750954508781433,0.9921855330467224
side_person17.mp4,side,307,10233,30.0,848,478,18,right_pinky,0.3172754645347595,0.5234920382499695,-0.05654851719737053,0.4396759271621704,0.9899479150772095
side_person17.mp4,side,307,10233,30.0,848,478,19,left_index,0.3101530373096466,0.5188726782798767,-0.38428911566734314,0.9731621146202087,0.9922963976860046
side_person17.mp4,side,307,10233,30.0,848,478,20,right_index,0.31338202953338623,0.5234052538871765,-0.09263303875923157,0.4536377787590027,0.9882819056510925
side_person17.mp4,side,307,10233,30.0,848,478,21,left_thumb,0.3114181458950043,0.5302243828773499,-0.3466620445251465,0.9571763873100281,0.9933237433433533
side_person17.mp4,side,307,10233,30.0,848,478,22,right_thumb,0.3143514096736908,0.5264109969139099,-0.06393198668956757,0.48352736234664917,0.990756094455719
side_person17.mp4,side,307,10233,30.0,848,478,23,left_hip,0.565746009349823,0.7159827351570129,-0.09988140314817429,0.998924732208252,0.9993298053741455
side_person17.mp4,side,307,10233,30.0,848,478,24,right_hip,0.546398401260376,0.6832855343818665,0.09997297078371048,0.9981867671012878,0.999660849571228
side_person17.mp4,side,307,10233,30.0,848,478,25,left_knee,0.45489171147346497,0.7543878555297852,-0.1045057475566864,0.9385077953338623,0.9988352656364441
side_person17.mp4,side,307,10233,30.0,848,478,26,right_knee,0.4531681537628174,0.7128311395645142,0.14647868275642395,0.41884589195251465,0.9991150498390198
side_person17.mp4,side,307,10233,30.0,848,478,27,left_ankle,0.5020569562911987,0.9035969376564026,0.07238055765628815,0.9382880926132202,0.9981632828712463
side_person17.mp4,side,307,10233,30.0,848,478,28,right_ankle,0.49754685163497925,0.8534108996391296,0.30988654494285583,0.47049710154533386,0.9985259175300598
side_person17.mp4,side,307,10233,30.0,848,478,29,left_heel,0.5156885981559753,0.9216973185539246,0.09279970824718475,0.9174724221229553,0.998417854309082
side_person17.mp4,side,307,10233,30.0,848,478,30,right_heel,0.5120463967323303,0.8865759968757629,0.3273140490055084,0.6170775294303894,0.9985639452934265
side_person17.mp4,side,307,10233,30.0,848,478,31,left_foot_index,0.4642721116542816,0.929484486579895,0.11570955812931061,0.9066050052642822,0.9971922039985657
side_person17.mp4,side,307,10233,30.0,848,478,32,right_foot_index,0.4649730622768402,0.9078133702278137,0.33718231320381165,0.5918723344802856,0.9973593354225159
side_person17.mp4,side,308,10267,30.0,848,478,0,nose,0.4398811161518097,0.47571009397506714,-0.16992297768592834,0.9987753033638,0.9984132051467896
side_person17.mp4,side,308,10267,30.0,848,478,1,left_eye_inner,0.4395081400871277,0.45741793513298035,-0.19204533100128174,0.9986922740936279,0.9988239407539368
side_person17.mp4,side,308,10267,30.0,848,478,2,left_eye,0.44053715467453003,0.456487774848938,-0.19206543266773224,0.9987715482711792,0.9989462494850159
side_person17.mp4,side,308,10267,30.0,848,478,3,left_eye_outer,0.4416181445121765,0.4557327628135681,-0.19214917719364166,0.9990679025650024,0.9990654587745667
side_person17.mp4,side,308,10267,30.0,848,478,4,right_eye_inner,0.43913769721984863,0.45709457993507385,-0.15846657752990723,0.9982290863990784,0.9985771179199219
side_person17.mp4,side,308,10267,30.0,848,478,5,right_eye,0.43990132212638855,0.45592865347862244,-0.15849962830543518,0.9981635212898254,0.9984948635101318
side_person17.mp4,side,308,10267,30.0,848,478,6,right_eye_outer,0.4408504068851471,0.45475515723228455,-0.15849749743938446,0.9986711740493774,0.9984750151634216
side_person17.mp4,side,308,10267,30.0,848,478,7,left_ear,0.45586806535720825,0.4547765851020813,-0.23978711664676666,0.997440755367279,0.9989228844642639
side_person17.mp4,side,308,10267,30.0,848,478,8,right_ear,0.45521125197410583,0.4525064527988434,-0.08793842792510986,0.9981579184532166,0.9982548356056213
side_person17.mp4,side,308,10267,30.0,848,478,9,mouth_left,0.4472491443157196,0.4877913296222687,-0.1846148669719696,0.9976481199264526,0.9987119436264038
side_person17.mp4,side,308,10267,30.0,848,478,10,mouth_right,0.44715309143066406,0.4883367121219635,-0.14025411009788513,0.9961980581283569,0.998553454875946
side_person17.mp4,side,308,10267,30.0,848,478,11,left_shoulder,0.48369619250297546,0.5344902276992798,-0.30115750432014465,0.9986041784286499,0.9982354640960693
side_person17.mp4,side,308,10267,30.0,848,478,12,right_shoulder,0.4763409197330475,0.511478066444397,0.01003309153020382,0.9959918260574341,0.9990264177322388
side_person17.mp4,side,308,10267,30.0,848,478,13,left_elbow,0.4028571844100952,0.5626935958862305,-0.3693217933177948,0.984931468963623,0.998915433883667
side_person17.mp4,side,308,10267,30.0,848,478,14,right_elbow,0.40274322032928467,0.5361335277557373,0.044832054525613785,0.3073175549507141,0.9991865754127502
side_person17.mp4,side,308,10267,30.0,848,478,15,left_wrist,0.3241249620914459,0.5504672527313232,-0.3543100655078888,0.9834637641906738,0.9956455230712891
side_person17.mp4,side,308,10267,30.0,848,478,16,right_wrist,0.3340253233909607,0.5368738770484924,-0.042273808270692825,0.41779717803001404,0.9938974976539612
side_person17.mp4,side,308,10267,30.0,848,478,17,left_pinky,0.29640069603919983,0.5451879501342773,-0.4056827127933502,0.9756647348403931,0.9920098781585693
side_person17.mp4,side,308,10267,30.0,848,478,18,right_pinky,0.3187915086746216,0.5280507802963257,-0.0541863813996315,0.4454735219478607,0.9900031089782715
side_person17.mp4,side,308,10267,30.0,848,478,19,left_index,0.30762046575546265,0.5312041640281677,-0.38883915543556213,0.9738002419471741,0.9921311736106873
side_person17.mp4,side,308,10267,30.0,848,478,20,right_index,0.3149299621582031,0.5261639952659607,-0.09061185270547867,0.45972463488578796,0.9882389307022095
side_person17.mp4,side,308,10267,30.0,848,478,21,left_thumb,0.30909836292266846,0.5360592603683472,-0.35085102915763855,0.9580437541007996,0.9931922554969788
side_person17.mp4,side,308,10267,30.0,848,478,22,right_thumb,0.3164437711238861,0.5297431349754333,-0.06170281767845154,0.48976317048072815,0.9908570647239685
side_person17.mp4,side,308,10267,30.0,848,478,23,left_hip,0.5657166242599487,0.7243476510047913,-0.09994454681873322,0.9989925622940063,0.9995372295379639
side_person17.mp4,side,308,10267,30.0,848,478,24,right_hip,0.5464057326316833,0.6906331181526184,0.10003413259983063,0.9982991218566895,0.9997355341911316
side_person17.mp4,side,308,10267,30.0,848,478,25,left_knee,0.4548451006412506,0.7558563947677612,-0.10658372938632965,0.9384850263595581,0.9988194108009338
side_person17.mp4,side,308,10267,30.0,848,478,26,right_knee,0.4522218108177185,0.7150222063064575,0.14853154122829437,0.4115006923675537,0.999106228351593
side_person17.mp4,side,308,10267,30.0,848,478,27,left_ankle,0.5020679831504822,0.9030892848968506,0.07918280363082886,0.9352061748504639,0.9982675313949585
side_person17.mp4,side,308,10267,30.0,848,478,28,right_ankle,0.4975583553314209,0.8543955683708191,0.3119140565395355,0.4593362510204315,0.9983566403388977
side_person17.mp4,side,308,10267,30.0,848,478,29,left_heel,0.5163498520851135,0.9215946793556213,0.1017955094575882,0.9136142730712891,0.9985650181770325
side_person17.mp4,side,308,10267,30.0,848,478,30,right_heel,0.5113139748573303,0.8829388618469238,0.32891085743904114,0.6057302355766296,0.9984537363052368
side_person17.mp4,side,308,10267,30.0,848,478,31,left_foot_index,0.4640629291534424,0.9298675656318665,0.1306418627500534,0.9025044441223145,0.9975236058235168
side_person17.mp4,side,308,10267,30.0,848,478,32,right_foot_index,0.4649011492729187,0.9084950685501099,0.3455333411693573,0.5821319818496704,0.9972278475761414
side_person17.mp4,side,309,10300,30.0,848,478,0,nose,0.43932443857192993,0.4807881712913513,-0.16849493980407715,0.9988099336624146,0.9985210299491882
side_person17.mp4,side,309,10300,30.0,848,478,1,left_eye_inner,0.4390326142311096,0.46277517080307007,-0.19054360687732697,0.9987480640411377,0.9989104270935059
side_person17.mp4,side,309,10300,30.0,848,478,2,left_eye,0.4400896728038788,0.461948424577713,-0.19056683778762817,0.9988256692886353,0.9990358352661133
side_person17.mp4,side,309,10300,30.0,848,478,3,left_eye_outer,0.44122815132141113,0.4612571895122528,-0.19065344333648682,0.9991061091423035,0.9991558790206909
side_person17.mp4,side,309,10300,30.0,848,478,4,right_eye_inner,0.4386439025402069,0.46236652135849,-0.1569371074438095,0.9982821941375732,0.9986573457717896
side_person17.mp4,side,309,10300,30.0,848,478,5,right_eye,0.4394201934337616,0.46115610003471375,-0.15696853399276733,0.9982213973999023,0.9985781908035278
side_person17.mp4,side,309,10300,30.0,848,478,6,right_eye_outer,0.4403713047504425,0.4599004089832306,-0.15696245431900024,0.9987108707427979,0.9985633492469788
side_person17.mp4,side,309,10300,30.0,848,478,7,left_ear,0.4554969370365143,0.46093690395355225,-0.23856770992279053,0.9975494146347046,0.9990501999855042
side_person17.mp4,side,309,10300,30.0,848,478,8,right_ear,0.4546410143375397,0.4580756723880768,-0.08639722317457199,0.998222827911377,0.9983757734298706
side_person17.mp4,side,309,10300,30.0,848,478,9,mouth_left,0.4468253254890442,0.4935304820537567,-0.18321706354618073,0.9977176785469055,0.9988164901733398
side_person17.mp4,side,309,10300,30.0,848,478,10,mouth_right,0.4467664062976837,0.49384382367134094,-0.13877016305923462,0.9963616132736206,0.9986500144004822
side_person17.mp4,side,309,10300,30.0,848,478,11,left_shoulder,0.4833129346370697,0.5402894020080566,-0.29910534620285034,0.9986481666564941,0.9986028075218201
side_person17.mp4,side,309,10300,30.0,848,478,12,right_shoulder,0.4765585660934448,0.5155274868011475,0.011978824622929096,0.996141791343689,0.9991236329078674
side_person17.mp4,side,309,10300,30.0,848,478,13,left_elbow,0.40234899520874023,0.5699193477630615,-0.36556071043014526,0.9850597381591797,0.9990360736846924
side_person17.mp4,side,309,10300,30.0,848,478,14,right_elbow,0.4034387469291687,0.540683388710022,0.04811888188123703,0.30448371171951294,0.999279797077179
side_person17.mp4,side,309,10300,30.0,848,478,15,left_wrist,0.3238140344619751,0.5550305843353271,-0.3512660264968872,0.9837927222251892,0.9961678385734558
side_person17.mp4,side,309,10300,30.0,848,478,16,right_wrist,0.3376941978931427,0.5402703285217285,-0.03748815879225731,0.4230104088783264,0.9955406785011292
side_person17.mp4,side,309,10300,30.0,848,478,17,left_pinky,0.2966086268424988,0.5517653226852417,-0.40295323729515076,0.9760826826095581,0.9929229021072388
side_person17.mp4,side,309,10300,30.0,848,478,18,right_pinky,0.31901952624320984,0.5304442048072815,-0.04852056875824928,0.4522400498390198,0.9925129413604736
side_person17.mp4,side,309,10300,30.0,848,478,19,left_index,0.3070114850997925,0.5408018231391907,-0.3854433000087738,0.9742766618728638,0.9930685758590698
side_person17.mp4,side,309,10300,30.0,848,478,20,right_index,0.3160207271575928,0.5292199850082397,-0.08488098531961441,0.4666363000869751,0.9910620450973511
side_person17.mp4,side,309,10300,30.0,848,478,21,left_thumb,0.3095874786376953,0.5416603088378906,-0.3475538194179535,0.9586260914802551,0.9940871000289917
side_person17.mp4,side,309,10300,30.0,848,478,22,right_thumb,0.31876474618911743,0.5330824255943298,-0.05673972889780998,0.4962077736854553,0.9931619167327881
side_person17.mp4,side,309,10300,30.0,848,478,23,left_hip,0.5656061172485352,0.7297772765159607,-0.09999695420265198,0.9990494847297668,0.9996157884597778
side_person17.mp4,side,309,10300,30.0,848,478,24,right_hip,0.5462252497673035,0.6930899620056152,0.10008646547794342,0.9983863830566406,0.999755322933197
side_person17.mp4,side,309,10300,30.0,848,478,25,left_knee,0.454375684261322,0.7557390332221985,-0.10295674204826355,0.9367786049842834,0.9988359808921814
side_person17.mp4,side,309,10300,30.0,848,478,26,right_knee,0.45268625020980835,0.7152684926986694,0.15582440793514252,0.40125027298927307,0.9990909099578857
side_person17.mp4,side,309,10300,30.0,848,478,27,left_ankle,0.5021566152572632,0.9022457003593445,0.0798717588186264,0.9316188097000122,0.9982287287712097
side_person17.mp4,side,309,10300,30.0,848,478,28,right_ankle,0.49640825390815735,0.8550556898117065,0.3223573565483093,0.4461310803890228,0.998492956161499
side_person17.mp4,side,309,10300,30.0,848,478,29,left_heel,0.5173385739326477,0.9217472672462463,0.10200468450784683,0.9089608788490295,0.9984992742538452
side_person17.mp4,side,309,10300,30.0,848,478,30,right_heel,0.5112776756286621,0.8757883310317993,0.3395802974700928,0.5933564305305481,0.99859219789505
side_person17.mp4,side,309,10300,30.0,848,478,31,left_foot_index,0.4640302360057831,0.9293067455291748,0.12616676092147827,0.8975721597671509,0.997565746307373
side_person17.mp4,side,309,10300,30.0,848,478,32,right_foot_index,0.465435653924942,0.906122624874115,0.3591020405292511,0.57044517993927,0.9976099729537964
side_person17.mp4,side,310,10333,30.0,848,478,0,nose,0.4392916262149811,0.4872835576534271,-0.16830846667289734,0.9987761378288269,0.9982417821884155
side_person17.mp4,side,310,10333,30.0,848,478,1,left_eye_inner,0.438995361328125,0.4702184498310089,-0.18967336416244507,0.9987387657165527,0.9986099004745483
side_person17.mp4,side,310,10333,30.0,848,478,2,left_eye,0.4400218427181244,0.46947675943374634,-0.18970809876918793,0.9988197088241577,0.9987333416938782
side_person17.mp4,side,310,10333,30.0,848,478,3,left_eye_outer,0.4411211311817169,0.4688393473625183,-0.18979062139987946,0.999092161655426,0.9988480806350708
side_person17.mp4,side,310,10333,30.0,848,478,4,right_eye_inner,0.43859434127807617,0.46976035833358765,-0.15594933927059174,0.9982389211654663,0.9984101057052612
side_person17.mp4,side,310,10333,30.0,848,478,5,right_eye,0.43934366106987,0.46864309906959534,-0.1559734046459198,0.9981868267059326,0.9983510971069336
side_person17.mp4,side,310,10333,30.0,848,478,6,right_eye_outer,0.44024762511253357,0.4675193130970001,-0.1559813916683197,0.9986827969551086,0.9983580708503723
side_person17.mp4,side,310,10333,30.0,848,478,7,left_ear,0.4551997184753418,0.46808499097824097,-0.23616738617420197,0.9975205659866333,0.9986201524734497
side_person17.mp4,side,310,10333,30.0,848,478,8,right_ear,0.45420271158218384,0.4653654992580414,-0.08510912954807281,0.9981966018676758,0.9981136322021484
side_person17.mp4,side,310,10333,30.0,848,478,9,mouth_left,0.44681811332702637,0.5003043413162231,-0.18232451379299164,0.9976646900177002,0.9985288381576538
side_person17.mp4,side,310,10333,30.0,848,478,10,mouth_right,0.44668909907341003,0.49992799758911133,-0.13806359469890594,0.9963932633399963,0.9984531402587891
side_person17.mp4,side,310,10333,30.0,848,478,11,left_shoulder,0.48308315873146057,0.5472503900527954,-0.29512831568717957,0.9986439347267151,0.9979209303855896
side_person17.mp4,side,310,10333,30.0,848,478,12,right_shoulder,0.47635263204574585,0.5202993750572205,0.01424251776188612,0.9962566494941711,0.9991230368614197
side_person17.mp4,side,310,10333,30.0,848,478,13,left_elbow,0.40237051248550415,0.5760495066642761,-0.35370564460754395,0.9847265481948853,0.9985400438308716
side_person17.mp4,side,310,10333,30.0,848,478,14,right_elbow,0.40381333231925964,0.5422769784927368,0.053708210587501526,0.3058740794658661,0.9993321299552917
side_person17.mp4,side,310,10333,30.0,848,478,15,left_wrist,0.32896682620048523,0.5631566643714905,-0.33777153491973877,0.9835519790649414,0.9953094124794006
side_person17.mp4,side,310,10333,30.0,848,478,16,right_wrist,0.3398861289024353,0.5434989929199219,-0.03355299308896065,0.43318670988082886,0.9960771203041077
side_person17.mp4,side,310,10333,30.0,848,478,17,left_pinky,0.30473777651786804,0.5594150424003601,-0.38826340436935425,0.9756453037261963,0.9920580983161926
side_person17.mp4,side,310,10333,30.0,848,478,18,right_pinky,0.3199317455291748,0.5337439775466919,-0.04340433329343796,0.46274080872535706,0.9931885004043579
side_person17.mp4,side,310,10333,30.0,848,478,19,left_index,0.31268310546875,0.5474034547805786,-0.37202125787734985,0.9738579392433167,0.9921684861183167
side_person17.mp4,side,310,10333,30.0,848,478,20,right_index,0.3177977204322815,0.5339811444282532,-0.0814996063709259,0.47746002674102783,0.9919896721839905
side_person17.mp4,side,310,10333,30.0,848,478,21,left_thumb,0.3157721757888794,0.5499746203422546,-0.3342829942703247,0.9578894972801208,0.9931589961051941
side_person17.mp4,side,310,10333,30.0,848,478,22,right_thumb,0.32145050168037415,0.5375803709030151,-0.05280623957514763,0.5063664317131042,0.9939277172088623
side_person17.mp4,side,310,10333,30.0,848,478,23,left_hip,0.5654770731925964,0.7367778420448303,-0.10003611445426941,0.9990785717964172,0.9994211196899414
side_person17.mp4,side,310,10333,30.0,848,478,24,right_hip,0.5463746190071106,0.6989731192588806,0.10012560337781906,0.998446524143219,0.9997115731239319
side_person17.mp4,side,310,10333,30.0,848,478,25,left_knee,0.4536965787410736,0.7562846541404724,-0.10110834240913391,0.9346867203712463,0.9982241988182068
side_person17.mp4,side,310,10333,30.0,848,478,26,right_knee,0.4530016779899597,0.7151243686676025,0.16037708520889282,0.38968029618263245,0.9988935589790344
side_person17.mp4,side,310,10333,30.0,848,478,27,left_ankle,0.502163827419281,0.9019789695739746,0.07993806898593903,0.9267570972442627,0.9977255463600159
side_person17.mp4,side,310,10333,30.0,848,478,28,right_ankle,0.49519282579421997,0.8554897904396057,0.31939318776130676,0.43229568004608154,0.9981046915054321
side_person17.mp4,side,310,10333,30.0,848,478,29,left_heel,0.5174266695976257,0.9221566915512085,0.10185622423887253,0.9033561944961548,0.9981076717376709
side_person17.mp4,side,310,10333,30.0,848,478,30,right_heel,0.5107967257499695,0.8730605244636536,0.33585691452026367,0.5808090567588806,0.9982182383537292
side_person17.mp4,side,310,10333,30.0,848,478,31,left_foot_index,0.46402525901794434,0.9293898344039917,0.12648102641105652,0.8914096355438232,0.9970869421958923
side_person17.mp4,side,310,10333,30.0,848,478,32,right_foot_index,0.46590477228164673,0.9062455892562866,0.3549495339393616,0.5570827722549438,0.9970068335533142
side_person17.mp4,side,311,10367,30.0,848,478,0,nose,0.4389832317829132,0.4923382103443146,-0.16518248617649078,0.9987732172012329,0.9983785152435303
side_person17.mp4,side,311,10367,30.0,848,478,1,left_eye_inner,0.43875521421432495,0.475043386220932,-0.1868838518857956,0.9987669587135315,0.9988162517547607
side_person17.mp4,side,311,10367,30.0,848,478,2,left_eye,0.4398156404495239,0.4743039906024933,-0.18691277503967285,0.998849093914032,0.9989540576934814
side_person17.mp4,side,311,10367,30.0,848,478,3,left_eye_outer,0.4409641623497009,0.47372740507125854,-0.18699608743190765,0.999110996723175,0.9990838766098022
side_person17.mp4,side,311,10367,30.0,848,478,4,right_eye_inner,0.4383416473865509,0.4745066165924072,-0.15366795659065247,0.9982534050941467,0.9985365867614746
side_person17.mp4,side,311,10367,30.0,848,478,5,right_eye,0.4391132593154907,0.47332870960235596,-0.1536988615989685,0.9982037544250488,0.9984435439109802
side_person17.mp4,side,311,10367,30.0,848,478,6,right_eye_outer,0.44003647565841675,0.47215536236763,-0.15370070934295654,0.9986907243728638,0.9984246492385864
side_person17.mp4,side,311,10367,30.0,848,478,7,left_ear,0.45509806275367737,0.47357186675071716,-0.2345045953989029,0.9975839853286743,0.9989784955978394
side_person17.mp4,side,311,10367,30.0,848,478,8,right_ear,0.4540359675884247,0.47080498933792114,-0.08475276827812195,0.9982249736785889,0.9982326030731201
side_person17.mp4,side,311,10367,30.0,848,478,9,mouth_left,0.44666823744773865,0.5055782794952393,-0.17958639562129974,0.9976804256439209,0.998749852180481
side_person17.mp4,side,311,10367,30.0,848,478,10,mouth_right,0.44654297828674316,0.5055072903633118,-0.13579875230789185,0.996490478515625,0.9985865354537964
side_person17.mp4,side,311,10367,30.0,848,478,11,left_shoulder,0.4822814464569092,0.5535263419151306,-0.2934851050376892,0.9986773133277893,0.9986748695373535
side_person17.mp4,side,311,10367,30.0,848,478,12,right_shoulder,0.47649073600769043,0.5253079533576965,0.013778303749859333,0.9963679313659668,0.9991596937179565
side_person17.mp4,side,311,10367,30.0,848,478,13,left_elbow,0.40091201663017273,0.5811795592308044,-0.35309258103370667,0.9847301244735718,0.9991764426231384
side_person17.mp4,side,311,10367,30.0,848,478,14,right_elbow,0.4041493833065033,0.5466507077217102,0.05413377657532692,0.30223456025123596,0.9993249177932739
side_person17.mp4,side,311,10367,30.0,848,478,15,left_wrist,0.32519450783729553,0.5675557255744934,-0.3371082842350006,0.9837827086448669,0.9966963529586792
side_person17.mp4,side,311,10367,30.0,848,478,16,right_wrist,0.3400629162788391,0.5478746891021729,-0.032023023813962936,0.43893545866012573,0.9956919550895691
side_person17.mp4,side,311,10367,30.0,848,478,17,left_pinky,0.30397242307662964,0.5632275342941284,-0.3869531750679016,0.9759430885314941,0.9938097596168518
side_person17.mp4,side,311,10367,30.0,848,478,18,right_pinky,0.32132604718208313,0.5350845456123352,-0.042086586356163025,0.4699721038341522,0.9927957653999329
side_person17.mp4,side,311,10367,30.0,848,478,19,left_index,0.3120746910572052,0.5526849627494812,-0.37034404277801514,0.9741796851158142,0.9939262270927429
side_person17.mp4,side,311,10367,30.0,848,478,20,right_index,0.319528728723526,0.5352112650871277,-0.07886287569999695,0.48490095138549805,0.9914984107017517
side_person17.mp4,side,311,10367,30.0,848,478,21,left_thumb,0.3144165873527527,0.5545561909675598,-0.33338743448257446,0.958328366279602,0.9948675632476807
side_person17.mp4,side,311,10367,30.0,848,478,22,right_thumb,0.3238832652568817,0.5398773550987244,-0.051098912954330444,0.5133602023124695,0.9935053586959839
side_person17.mp4,side,311,10367,30.0,848,478,23,left_hip,0.5652597546577454,0.7431637048721313,-0.09926304966211319,0.9991347789764404,0.9997146725654602
side_person17.mp4,side,311,10367,30.0,848,478,24,right_hip,0.5465049743652344,0.7050268650054932,0.09935874491930008,0.9985301494598389,0.9998040795326233
side_person17.mp4,side,311,10367,30.0,848,478,25,left_knee,0.4541117548942566,0.757194459438324,-0.10037144273519516,0.9326359033584595,0.9989334940910339
side_person17.mp4,side,311,10367,30.0,848,478,26,right_knee,0.45321571826934814,0.7167675495147705,0.1692466139793396,0.3782116770744324,0.9991379976272583
side_person17.mp4,side,311,10367,30.0,848,478,27,left_ankle,0.5020395517349243,0.90304034948349,0.0831756666302681,0.9221988916397095,0.998313307762146
side_person17.mp4,side,311,10367,30.0,848,478,28,right_ankle,0.49471503496170044,0.8557993769645691,0.3318544030189514,0.42011913657188416,0.998522937297821
side_person17.mp4,side,311,10367,30.0,848,478,29,left_heel,0.5177618861198425,0.9245310425758362,0.10422173887491226,0.8975290060043335,0.998531699180603
side_person17.mp4,side,311,10367,30.0,848,478,30,right_heel,0.5105622410774231,0.8723934292793274,0.34873878955841064,0.5689442157745361,0.9986132383346558
side_person17.mp4,side,311,10367,30.0,848,478,31,left_foot_index,0.46341049671173096,0.9292495250701904,0.1278381496667862,0.8851590156555176,0.997666597366333
side_person17.mp4,side,311,10367,30.0,848,478,32,right_foot_index,0.4658801555633545,0.9045929312705994,0.3698893189430237,0.5455485582351685,0.997765302658081
side_person17.mp4,side,312,10400,30.0,848,478,0,nose,0.4382593333721161,0.49769482016563416,-0.16333076357841492,0.9987983107566833,0.9987608194351196
side_person17.mp4,side,312,10400,30.0,848,478,1,left_eye_inner,0.43816113471984863,0.48050788044929504,-0.18517407774925232,0.9988194704055786,0.9991487264633179
side_person17.mp4,side,312,10400,30.0,848,478,2,left_eye,0.43926042318344116,0.47983554005622864,-0.18520291149616241,0.9989013075828552,0.9992677569389343
side_person17.mp4,side,312,10400,30.0,848,478,3,left_eye_outer,0.44046735763549805,0.4793243408203125,-0.1852894425392151,0.9991480112075806,0.9993712306022644
side_person17.mp4,side,312,10400,30.0,848,478,4,right_eye_inner,0.43775674700737,0.479932963848114,-0.15187254548072815,0.9983014464378357,0.9988608360290527
side_person17.mp4,side,312,10400,30.0,848,478,5,right_eye,0.43856215476989746,0.4788179099559784,-0.15190370380878448,0.9982544183731079,0.9987512826919556
side_person17.mp4,side,312,10400,30.0,848,478,6,right_eye_outer,0.4395454227924347,0.4777137339115143,-0.15190020203590393,0.9987221956253052,0.9987010955810547
side_person17.mp4,side,312,10400,30.0,848,478,7,left_ear,0.4547753930091858,0.4790877103805542,-0.233209490776062,0.9976962804794312,0.9993263483047485
side_person17.mp4,side,312,10400,30.0,848,478,8,right_ear,0.4535929560661316,0.47628074884414673,-0.08312532305717468,0.9982782602310181,0.998501181602478
side_person17.mp4,side,312,10400,30.0,848,478,9,mouth_left,0.44598180055618286,0.5103580951690674,-0.17785954475402832,0.9977467060089111,0.9990546107292175
side_person17.mp4,side,312,10400,30.0,848,478,10,mouth_right,0.4458567202091217,0.5104421973228455,-0.13396231830120087,0.9966365694999695,0.9988179802894592
side_person17.mp4,side,312,10400,30.0,848,478,11,left_shoulder,0.48218056559562683,0.5602626800537109,-0.2931065559387207,0.9987205266952515,0.9990139007568359
side_person17.mp4,side,312,10400,30.0,848,478,12,right_shoulder,0.4766463041305542,0.5314083099365234,0.014910465106368065,0.9964684844017029,0.9991233944892883
side_person17.mp4,side,312,10400,30.0,848,478,13,left_elbow,0.3996346592903137,0.5874953866004944,-0.3512016832828522,0.9848355650901794,0.9993329644203186
side_person17.mp4,side,312,10400,30.0,848,478,14,right_elbow,0.404401570558548,0.5503157377243042,0.05962435156106949,0.2975742220878601,0.9991852641105652
side_person17.mp4,side,312,10400,30.0,848,478,15,left_wrist,0.32264262437820435,0.5717043280601501,-0.336987167596817,0.9842010736465454,0.9972706437110901
side_person17.mp4,side,312,10400,30.0,848,478,16,right_wrist,0.3404538929462433,0.5512565970420837,-0.02763822115957737,0.44231969118118286,0.9944853186607361
side_person17.mp4,side,312,10400,30.0,848,478,17,left_pinky,0.3038940131664276,0.5607854723930359,-0.3860601782798767,0.9764967560768127,0.9946516752243042
side_person17.mp4,side,312,10400,30.0,848,478,18,right_pinky,0.322881281375885,0.5378069877624512,-0.03710151091217995,0.47522395849227905,0.9911598563194275
side_person17.mp4,side,312,10400,30.0,848,478,19,left_index,0.310864120721817,0.5526331663131714,-0.3693163990974426,0.9747645258903503,0.9947534799575806
side_person17.mp4,side,312,10400,30.0,848,478,20,right_index,0.3214057683944702,0.5380300879478455,-0.0756063461303711,0.49045848846435547,0.9896915555000305
side_person17.mp4,side,312,10400,30.0,848,478,21,left_thumb,0.31330716609954834,0.5561634302139282,-0.3331927955150604,0.9591691493988037,0.9956360459327698
side_person17.mp4,side,312,10400,30.0,848,478,22,right_thumb,0.3256889581680298,0.5429996252059937,-0.04708610475063324,0.5186094045639038,0.992016077041626
side_person17.mp4,side,312,10400,30.0,848,478,23,left_hip,0.5652076005935669,0.7501013278961182,-0.09881822019815445,0.9991909265518188,0.999765932559967
side_person17.mp4,side,312,10400,30.0,848,478,24,right_hip,0.5470465421676636,0.7126761078834534,0.09892696142196655,0.9986108541488647,0.9998074173927307
side_person17.mp4,side,312,10400,30.0,848,478,25,left_knee,0.45431622862815857,0.7584269642829895,-0.09939490258693695,0.9315233826637268,0.9990335702896118
side_person17.mp4,side,312,10400,30.0,848,478,26,right_knee,0.45325762033462524,0.7172062993049622,0.17801034450531006,0.36713218688964844,0.999123752117157
side_person17.mp4,side,312,10400,30.0,848,478,27,left_ankle,0.5020463466644287,0.9031339287757874,0.09357903152704239,0.9166194796562195,0.9986139535903931
side_person17.mp4,side,312,10400,30.0,848,478,28,right_ankle,0.49855566024780273,0.853966474533081,0.3397159278392792,0.4098706841468811,0.998474657535553
side_person17.mp4,side,312,10400,30.0,848,478,29,left_heel,0.5177921652793884,0.9245246648788452,0.11512132734060287,0.8914328813552856,0.9987956285476685
side_person17.mp4,side,312,10400,30.0,848,478,30,right_heel,0.5114231705665588,0.8734904527664185,0.35667210817337036,0.5579439401626587,0.9985799789428711
side_person17.mp4,side,312,10400,30.0,848,478,31,left_foot_index,0.46333664655685425,0.9292547702789307,0.1422727406024933,0.8777306079864502,0.9980469942092896
side_person17.mp4,side,312,10400,30.0,848,478,32,right_foot_index,0.4663548767566681,0.9047062993049622,0.3781157433986664,0.5358405113220215,0.9976763129234314
side_person17.mp4,side,313,10433,30.0,848,478,0,nose,0.4381559491157532,0.5036232471466064,-0.15470927953720093,0.9987971186637878,0.9987426400184631
side_person17.mp4,side,313,10433,30.0,848,478,1,left_eye_inner,0.4380870759487152,0.4864049553871155,-0.1766795516014099,0.9988513588905334,0.9990816116333008
side_person17.mp4,side,313,10433,30.0,848,478,2,left_eye,0.4391854405403137,0.4856680929660797,-0.1767125278711319,0.9989338517189026,0.9991952776908875
side_person17.mp4,side,313,10433,30.0,848,478,3,left_eye_outer,0.4403833746910095,0.4850527346134186,-0.1768035590648651,0.9991683959960938,0.999298095703125
side_person17.mp4,side,313,10433,30.0,848,478,4,right_eye_inner,0.4376572370529175,0.4858952462673187,-0.143357515335083,0.9983227849006653,0.9988430738449097
side_person17.mp4,side,313,10433,30.0,848,478,5,right_eye,0.43846845626831055,0.4847860336303711,-0.14338771998882294,0.9982789754867554,0.9987610578536987
side_person17.mp4,side,313,10433,30.0,848,478,6,right_eye_outer,0.4394490122795105,0.48362916707992554,-0.14337463676929474,0.9987320899963379,0.9987301230430603
side_person17.mp4,side,313,10433,30.0,848,478,7,left_ear,0.4546201229095459,0.48397594690322876,-0.22572030127048492,0.9977679252624512,0.9992402791976929
side_person17.mp4,side,313,10433,30.0,848,478,8,right_ear,0.453491747379303,0.48122790455818176,-0.07493694126605988,0.9983059167861938,0.9985866546630859
side_person17.mp4,side,313,10433,30.0,848,478,9,mouth_left,0.4458734691143036,0.5162675976753235,-0.16976384818553925,0.9977748394012451,0.9990164041519165
side_person17.mp4,side,313,10433,30.0,848,478,10,mouth_right,0.4457260072231293,0.516332745552063,-0.1258014440536499,0.9967381358146667,0.9988454580307007
side_person17.mp4,side,313,10433,30.0,848,478,11,left_shoulder,0.4818499982357025,0.5660423636436462,-0.2851691246032715,0.9987371563911438,0.9988833069801331
side_person17.mp4,side,313,10433,30.0,848,478,12,right_shoulder,0.4765258729457855,0.5368816256523132,0.02245943248271942,0.996543288230896,0.999126136302948
side_person17.mp4,side,313,10433,30.0,848,478,13,left_elbow,0.39901870489120483,0.5924429893493652,-0.34189334511756897,0.9845495820045471,0.9991087317466736
side_person17.mp4,side,313,10433,30.0,848,478,14,right_elbow,0.4045226573944092,0.556361198425293,0.06638174504041672,0.29183101654052734,0.9990986585617065
side_person17.mp4,side,313,10433,30.0,848,478,15,left_wrist,0.3217518925666809,0.5756281614303589,-0.3256751596927643,0.9843124151229858,0.996483325958252
side_person17.mp4,side,313,10433,30.0,848,478,16,right_wrist,0.3405119776725769,0.5564325451850891,-0.020808327943086624,0.444722443819046,0.994246780872345
side_person17.mp4,side,313,10433,30.0,848,478,17,left_pinky,0.29983940720558167,0.5700125098228455,-0.37527531385421753,0.9766169786453247,0.9934341907501221
side_person17.mp4,side,313,10433,30.0,848,478,18,right_pinky,0.3229234516620636,0.5445482134819031,-0.03000282496213913,0.4785374402999878,0.9906491637229919
side_person17.mp4,side,313,10433,30.0,848,478,19,left_index,0.309139609336853,0.5593665838241577,-0.35901835560798645,0.9748956561088562,0.993556797504425
side_person17.mp4,side,313,10433,30.0,848,478,20,right_index,0.3214890956878662,0.5436450242996216,-0.06751269847154617,0.494150310754776,0.989141583442688
side_person17.mp4,side,313,10433,30.0,848,478,21,left_thumb,0.3133193552494049,0.5603907704353333,-0.3220970928668976,0.9593439698219299,0.9945666790008545
side_person17.mp4,side,313,10433,30.0,848,478,22,right_thumb,0.3258362412452698,0.5481520891189575,-0.03998209908604622,0.5222085118293762,0.9916118383407593
side_person17.mp4,side,313,10433,30.0,848,478,23,left_hip,0.5651529431343079,0.7553316354751587,-0.09874993562698364,0.999235987663269,0.9997028708457947
side_person17.mp4,side,313,10433,30.0,848,478,24,right_hip,0.5470930933952332,0.7195167541503906,0.0988563671708107,0.9986770153045654,0.9997839331626892
side_person17.mp4,side,313,10433,30.0,848,478,25,left_knee,0.45440545678138733,0.7583804726600647,-0.10149502009153366,0.9281905293464661,0.9987842440605164
side_person17.mp4,side,313,10433,30.0,848,478,26,right_knee,0.4528491199016571,0.7144580483436584,0.17758311331272125,0.35315215587615967,0.9990377426147461
side_person17.mp4,side,313,10433,30.0,848,478,27,left_ankle,0.5029059648513794,0.9029817581176758,0.09178700298070908,0.9071899056434631,0.9980084300041199
side_person17.mp4,side,313,10433,30.0,848,478,28,right_ankle,0.4988049566745758,0.8502839803695679,0.33587995171546936,0.3946450352668762,0.9981614947319031
side_person17.mp4,side,313,10433,30.0,848,478,29,left_heel,0.5187867283821106,0.9245111346244812,0.11266585439443588,0.8812805414199829,0.9982641339302063
side_person17.mp4,side,313,10433,30.0,848,478,30,right_heel,0.5114179849624634,0.8696770071983337,0.35246363282203674,0.5427270531654358,0.9982764720916748
side_person17.mp4,side,313,10433,30.0,848,478,31,left_foot_index,0.4637789726257324,0.9290835857391357,0.1386629194021225,0.8658113479614258,0.9973631501197815
side_person17.mp4,side,313,10433,30.0,848,478,32,right_foot_index,0.4663756489753723,0.9034819006919861,0.3748893439769745,0.5206343531608582,0.9973465204238892
side_person17.mp4,side,314,10467,30.0,848,478,0,nose,0.4381122291088104,0.5086590051651001,-0.14680565893650055,0.9987937808036804,0.9990154504776001
side_person17.mp4,side,314,10467,30.0,848,478,1,left_eye_inner,0.4380950331687927,0.4907912611961365,-0.16866692900657654,0.9988805055618286,0.9993157386779785
side_person17.mp4,side,314,10467,30.0,848,478,2,left_eye,0.43921563029289246,0.49003586173057556,-0.1687033474445343,0.9989641308784485,0.9994152784347534
side_person17.mp4,side,314,10467,30.0,848,478,3,left_eye_outer,0.44043079018592834,0.48937344551086426,-0.16879728436470032,0.9991905689239502,0.9995021820068359
side_person17.mp4,side,314,10467,30.0,848,478,4,right_eye_inner,0.43765488266944885,0.49033650755882263,-0.1360708326101303,0.9983385801315308,0.9990719556808472
side_person17.mp4,side,314,10467,30.0,848,478,5,right_eye,0.43847963213920593,0.48919758200645447,-0.13609741628170013,0.9982947111129761,0.9989846348762512
side_person17.mp4,side,314,10467,30.0,848,478,6,right_eye_outer,0.43947479128837585,0.48798391222953796,-0.13607586920261383,0.9987378716468811,0.9989374279975891
side_person17.mp4,side,314,10467,30.0,848,478,7,left_ear,0.45465829968452454,0.4880048334598541,-0.21823686361312866,0.9978351593017578,0.9994818568229675
side_person17.mp4,side,314,10467,30.0,848,478,8,right_ear,0.4535551369190216,0.4854767918586731,-0.07029173523187637,0.9983166456222534,0.9987941980361938
side_person17.mp4,side,314,10467,30.0,848,478,9,mouth_left,0.44587740302085876,0.5211113691329956,-0.1620505154132843,0.9977983236312866,0.9992642998695374
side_person17.mp4,side,314,10467,30.0,848,478,10,mouth_right,0.4457520544528961,0.5214840173721313,-0.11893536150455475,0.9968220591545105,0.9990717172622681
side_person17.mp4,side,314,10467,30.0,848,478,11,left_shoulder,0.4818214178085327,0.5676688551902771,-0.27674150466918945,0.998775064945221,0.9992536902427673
side_person17.mp4,side,314,10467,30.0,848,478,12,right_shoulder,0.4770480692386627,0.5392297506332397,0.026660747826099396,0.9966135621070862,0.9991590976715088
side_person17.mp4,side,314,10467,30.0,848,478,13,left_elbow,0.3988281190395355,0.5967242121696472,-0.33461469411849976,0.9845944046974182,0.9994381070137024
side_person17.mp4,side,314,10467,30.0,848,478,14,right_elbow,0.4047892987728119,0.5615715384483337,0.07315455377101898,0.2850286066532135,0.9990447163581848
side_person17.mp4,side,314,10467,30.0,848,478,15,left_wrist,0.3216038942337036,0.580826461315155,-0.31772521138191223,0.9845258593559265,0.9973279237747192
side_person17.mp4,side,314,10467,30.0,848,478,16,right_wrist,0.3437291979789734,0.5602121353149414,-0.010688881389796734,0.44232457876205444,0.9941933751106262
side_person17.mp4,side,314,10467,30.0,848,478,17,left_pinky,0.2998480498790741,0.5742496252059937,-0.3669682741165161,0.9768919944763184,0.9946887493133545
side_person17.mp4,side,314,10467,30.0,848,478,18,right_pinky,0.3260067403316498,0.5495320558547974,-0.01882513053715229,0.4782275855541229,0.9910649657249451
side_person17.mp4,side,314,10467,30.0,848,478,19,left_index,0.3091149926185608,0.5628634691238403,-0.3497876822948456,0.9751702547073364,0.9947623610496521
side_person17.mp4,side,314,10467,30.0,848,478,20,right_index,0.32470789551734924,0.5486323833465576,-0.055912818759679794,0.49407777190208435,0.9896742701530457
side_person17.mp4,side,314,10467,30.0,848,478,21,left_thumb,0.31319722533226013,0.5657612681388855,-0.3137911558151245,0.9597340226173401,0.9956780076026917
side_person17.mp4,side,314,10467,30.0,848,478,22,right_thumb,0.32913297414779663,0.5528093576431274,-0.029552001506090164,0.5219535231590271,0.9918956160545349
side_person17.mp4,side,314,10467,30.0,848,478,23,left_hip,0.5649322867393494,0.7585738897323608,-0.09793432801961899,0.9992835521697998,0.9998327493667603
side_person17.mp4,side,314,10467,30.0,848,478,24,right_hip,0.5474687814712524,0.721718966960907,0.09804700314998627,0.9987342357635498,0.99983811378479
side_person17.mp4,side,314,10467,30.0,848,478,25,left_knee,0.4536615312099457,0.7592139840126038,-0.10050664842128754,0.9244516491889954,0.9991719722747803
side_person17.mp4,side,314,10467,30.0,848,478,26,right_knee,0.45298343896865845,0.7140682935714722,0.1829560250043869,0.3361271619796753,0.9991989731788635
side_person17.mp4,side,314,10467,30.0,848,478,27,left_ankle,0.5029769539833069,0.9029292464256287,0.08793125301599503,0.8986557722091675,0.9985319375991821
side_person17.mp4,side,314,10467,30.0,848,478,28,right_ankle,0.4987647533416748,0.8495551347732544,0.341699481010437,0.37754058837890625,0.9984971284866333
side_person17.mp4,side,314,10467,30.0,848,478,29,left_heel,0.5187729001045227,0.9234706163406372,0.10845131427049637,0.8731012344360352,0.9986898303031921
side_person17.mp4,side,314,10467,30.0,848,478,30,right_heel,0.5104105472564697,0.8675878643989563,0.35827022790908813,0.5268945693969727,0.9986262321472168
side_person17.mp4,side,314,10467,30.0,848,478,31,left_foot_index,0.46377649903297424,0.9291254878044128,0.13460418581962585,0.8556491136550903,0.998034656047821
side_person17.mp4,side,314,10467,30.0,848,478,32,right_foot_index,0.4662344455718994,0.9025290608406067,0.38353022933006287,0.504113495349884,0.997962474822998
side_person17.mp4,side,315,10500,30.0,848,478,0,nose,0.4381537139415741,0.5112715363502502,-0.13344161212444305,0.998767077922821,0.998770534992218
side_person17.mp4,side,315,10500,30.0,848,478,1,left_eye_inner,0.43814319372177124,0.4942755103111267,-0.1545775830745697,0.9988784790039062,0.9990359544754028
side_person17.mp4,side,315,10500,30.0,848,478,2,left_eye,0.4392611086368561,0.49363043904304504,-0.15460649132728577,0.9989650249481201,0.9991382360458374
side_person17.mp4,side,315,10500,30.0,848,478,3,left_eye_outer,0.44047385454177856,0.49310746788978577,-0.15468424558639526,0.9991854429244995,0.9992287158966064
side_person17.mp4,side,315,10500,30.0,848,478,4,right_eye_inner,0.43770501017570496,0.4935460686683655,-0.12295390665531158,0.9983241558074951,0.9988431930541992
side_person17.mp4,side,315,10500,30.0,848,478,5,right_eye,0.4385247528553009,0.4923436641693115,-0.1229848861694336,0.9982839822769165,0.9987769722938538
side_person17.mp4,side,315,10500,30.0,848,478,6,right_eye_outer,0.43951037526130676,0.49114611744880676,-0.12297140061855316,0.9987260103225708,0.9987555742263794
side_person17.mp4,side,315,10500,30.0,848,478,7,left_ear,0.4546736180782318,0.4921312928199768,-0.20275282859802246,0.9978357553482056,0.9991449117660522
side_person17.mp4,side,315,10500,30.0,848,478,8,right_ear,0.4535829722881317,0.4891841411590576,-0.05923605337738991,0.9983277916908264,0.9986408352851868
side_person17.mp4,side,315,10500,30.0,848,478,9,mouth_left,0.44584921002388,0.5238093137741089,-0.14825661480426788,0.997747540473938,0.999002993106842
side_person17.mp4,side,315,10500,30.0,848,478,10,mouth_right,0.4456780254840851,0.5237423181533813,-0.10645528882741928,0.9968609809875488,0.9989213943481445
side_person17.mp4,side,315,10500,30.0,848,478,11,left_shoulder,0.48065048456192017,0.5725250244140625,-0.26211193203926086,0.998791515827179,0.9987867474555969
side_person17.mp4,side,315,10500,30.0,848,478,12,right_shoulder,0.4770819842815399,0.540242075920105,0.03433247283101082,0.9967259168624878,0.999279797077179
side_person17.mp4,side,315,10500,30.0,848,478,13,left_elbow,0.3988259434700012,0.5996246933937073,-0.31885871291160583,0.9845849871635437,0.9991996884346008
side_person17.mp4,side,315,10500,30.0,848,478,14,right_elbow,0.40489768981933594,0.5613662600517273,0.07999575883150101,0.2859315872192383,0.9993584752082825
side_person17.mp4,side,315,10500,30.0,848,478,15,left_wrist,0.32174748182296753,0.5843859910964966,-0.30057016015052795,0.984647810459137,0.9966949224472046
side_person17.mp4,side,315,10500,30.0,848,478,16,right_wrist,0.3441160023212433,0.5603118538856506,-0.002433917485177517,0.4526955485343933,0.9959971904754639
side_person17.mp4,side,315,10500,30.0,848,478,17,left_pinky,0.3012566566467285,0.5784376263618469,-0.3479120433330536,0.9770164489746094,0.9938492178916931
side_person17.mp4,side,315,10500,30.0,848,478,18,right_pinky,0.32722824811935425,0.5500451922416687,-0.01001721527427435,0.48882046341896057,0.9932589530944824
side_person17.mp4,side,315,10500,30.0,848,478,19,left_index,0.3094140589237213,0.567489743232727,-0.33082929253578186,0.9752871990203857,0.993842363357544
side_person17.mp4,side,315,10500,30.0,848,478,20,right_index,0.32540929317474365,0.5500784516334534,-0.04583467170596123,0.5048989057540894,0.9922702312469482
side_person17.mp4,side,315,10500,30.0,848,478,21,left_thumb,0.3134854733943939,0.5700027942657471,-0.29640328884124756,0.9598905444145203,0.9948107004165649
side_person17.mp4,side,315,10500,30.0,848,478,22,right_thumb,0.32985639572143555,0.55439293384552,-0.02065292000770569,0.5320777297019958,0.9940763711929321
side_person17.mp4,side,315,10500,30.0,848,478,23,left_hip,0.5646401643753052,0.762706995010376,-0.09702477604150772,0.9993125796318054,0.9996442794799805
side_person17.mp4,side,315,10500,30.0,848,478,24,right_hip,0.5481184720993042,0.7250251173973083,0.0971219390630722,0.9987818002700806,0.999767005443573
side_person17.mp4,side,315,10500,30.0,848,478,25,left_knee,0.45350390672683716,0.7597059011459351,-0.09827389568090439,0.9225246906280518,0.9985458850860596
side_person17.mp4,side,315,10500,30.0,848,478,26,right_knee,0.45307597517967224,0.7128008604049683,0.17875339090824127,0.32203713059425354,0.9989842772483826
side_person17.mp4,side,315,10500,30.0,848,478,27,left_ankle,0.5029791593551636,0.9029484391212463,0.08438009768724442,0.8920175433158875,0.997432291507721
side_person17.mp4,side,315,10500,30.0,848,478,28,right_ankle,0.49872899055480957,0.8495768904685974,0.34085527062416077,0.3638764023780823,0.9979729056358337
side_person17.mp4,side,315,10500,30.0,848,478,29,left_heel,0.5189181566238403,0.9236345291137695,0.10403997451066971,0.8670487999916077,0.9977050423622131
side_person17.mp4,side,315,10500,30.0,848,478,30,right_heel,0.5101064443588257,0.868757426738739,0.3556002974510193,0.5149458646774292,0.9980642199516296
side_person17.mp4,side,315,10500,30.0,848,478,31,left_foot_index,0.46420007944107056,0.9287008047103882,0.13260428607463837,0.8470377922058105,0.9969406127929688
side_person17.mp4,side,315,10500,30.0,848,478,32,right_foot_index,0.4661715626716614,0.9026625752449036,0.3746485412120819,0.49044182896614075,0.9971429705619812
side_person17.mp4,side,316,10533,30.0,848,478,0,nose,0.43810707330703735,0.5141524076461792,-0.12816669046878815,0.998760461807251,0.9990739822387695
side_person17.mp4,side,316,10533,30.0,848,478,1,left_eye_inner,0.43813031911849976,0.4968056380748749,-0.14911094307899475,0.9988950490951538,0.9992303848266602
side_person17.mp4,side,316,10533,30.0,848,478,2,left_eye,0.4392492473125458,0.49620869755744934,-0.14914318919181824,0.9989814758300781,0.9992986917495728
side_person17.mp4,side,316,10533,30.0,848,478,3,left_eye_outer,0.4404732584953308,0.49572479724884033,-0.14921993017196655,0.999193549156189,0.9993625283241272
side_person17.mp4,side,316,10533,30.0,848,478,4,right_eye_inner,0.43769317865371704,0.49596911668777466,-0.1182098463177681,0.998342752456665,0.9991069436073303
side_person17.mp4,side,316,10533,30.0,848,478,5,right_eye,0.43851470947265625,0.4947117567062378,-0.1182507649064064,0.9983077645301819,0.9990609288215637
side_person17.mp4,side,316,10533,30.0,848,478,6,right_eye_outer,0.4395087957382202,0.4934196174144745,-0.11824274808168411,0.9987404346466064,0.9990461468696594
side_person17.mp4,side,316,10533,30.0,848,478,7,left_ear,0.45465075969696045,0.4952072203159332,-0.19752809405326843,0.9978646039962769,0.9992832541465759
side_person17.mp4,side,316,10533,30.0,848,478,8,right_ear,0.45360615849494934,0.491649329662323,-0.05705706402659416,0.9983633756637573,0.9989945292472839
side_person17.mp4,side,316,10533,30.0,848,478,9,mouth_left,0.4458307921886444,0.5265552401542664,-0.1429540067911148,0.9977562427520752,0.9992486834526062
side_person17.mp4,side,316,10533,30.0,848,478,10,mouth_right,0.44568097591400146,0.5265567898750305,-0.10203656554222107,0.9969455003738403,0.9992103576660156
side_person17.mp4,side,316,10533,30.0,848,478,11,left_shoulder,0.4807383120059967,0.575819194316864,-0.25222787261009216,0.9988027811050415,0.9990814924240112
side_person17.mp4,side,316,10533,30.0,848,478,12,right_shoulder,0.47712597250938416,0.5423755049705505,0.03396117314696312,0.9968459010124207,0.9994888305664062
side_person17.mp4,side,316,10533,30.0,848,478,13,left_elbow,0.3985227942466736,0.6039779186248779,-0.3040715754032135,0.9844658970832825,0.9994188547134399
side_person17.mp4,side,316,10533,30.0,848,478,14,right_elbow,0.4049694836139679,0.5626618266105652,0.07900600880384445,0.2896767854690552,0.9995699524879456
side_person17.mp4,side,316,10533,30.0,848,478,15,left_wrist,0.32221341133117676,0.5903159976005554,-0.2878789007663727,0.9848049879074097,0.9976235032081604
side_person17.mp4,side,316,10533,30.0,848,478,16,right_wrist,0.3442540764808655,0.5615980625152588,-0.0012177866883575916,0.4677499234676361,0.9974120259284973
side_person17.mp4,side,316,10533,30.0,848,478,17,left_pinky,0.30180540680885315,0.5865666270256042,-0.334483802318573,0.9772153496742249,0.9954105019569397
side_person17.mp4,side,316,10533,30.0,848,478,18,right_pinky,0.3277256190776825,0.5518038272857666,-0.00818559154868126,0.5034992694854736,0.9954494833946228
side_person17.mp4,side,316,10533,30.0,848,478,19,left_index,0.3094108998775482,0.575161337852478,-0.3178359568119049,0.9754652380943298,0.9954967498779297
side_person17.mp4,side,316,10533,30.0,848,478,20,right_index,0.32581135630607605,0.5518219470977783,-0.04396485537290573,0.5197901129722595,0.9947513937950134
side_person17.mp4,side,316,10533,30.0,848,478,21,left_thumb,0.31354108452796936,0.5768662095069885,-0.2838723063468933,0.9601904153823853,0.9962866306304932
side_person17.mp4,side,316,10533,30.0,848,478,22,right_thumb,0.33022671937942505,0.5564614534378052,-0.0192152988165617,0.5460965633392334,0.9961077570915222
side_person17.mp4,side,316,10533,30.0,848,478,23,left_hip,0.5643450617790222,0.7659380435943604,-0.09344251453876495,0.9993521571159363,0.999795138835907
side_person17.mp4,side,316,10533,30.0,848,478,24,right_hip,0.5482329726219177,0.72629714012146,0.0935235396027565,0.9988434314727783,0.9998593330383301
side_person17.mp4,side,316,10533,30.0,848,478,25,left_knee,0.45367008447647095,0.7600572109222412,-0.09453710168600082,0.919169008731842,0.9989575147628784
side_person17.mp4,side,316,10533,30.0,848,478,26,right_knee,0.4531416893005371,0.7124769687652588,0.1881450116634369,0.3082509934902191,0.9993127584457397
side_person17.mp4,side,316,10533,30.0,848,478,27,left_ankle,0.5029821991920471,0.9030177593231201,0.07757063955068588,0.8829942345619202,0.9978984594345093
side_person17.mp4,side,316,10533,30.0,848,478,28,right_ankle,0.4987565577030182,0.8431170582771301,0.34020036458969116,0.34947022795677185,0.998593270778656
side_person17.mp4,side,316,10533,30.0,848,478,29,left_heel,0.5185545086860657,0.9235894083976746,0.09547164291143417,0.8585060834884644,0.9979967474937439
side_person17.mp4,side,316,10533,30.0,848,478,30,right_heel,0.5105337500572205,0.8655688166618347,0.35560038685798645,0.5021567940711975,0.9986158609390259
side_person17.mp4,side,316,10533,30.0,848,478,31,left_foot_index,0.46439340710639954,0.9287316203117371,0.12374334782361984,0.8365890979766846,0.9973816275596619
side_person17.mp4,side,316,10533,30.0,848,478,32,right_foot_index,0.46598154306411743,0.8900115489959717,0.38186317682266235,0.47692999243736267,0.9980680346488953
side_person17.mp4,side,317,10567,30.0,848,478,0,nose,0.4381072223186493,0.5167295932769775,-0.12940053641796112,0.998710572719574,0.9988322854042053
side_person17.mp4,side,317,10567,30.0,848,478,1,left_eye_inner,0.4381469786167145,0.4999317228794098,-0.1505856066942215,0.9988818764686584,0.9990736246109009
side_person17.mp4,side,317,10567,30.0,848,478,2,left_eye,0.43926045298576355,0.4993870258331299,-0.1506197154521942,0.9989713430404663,0.9991697072982788
side_person17.mp4,side,317,10567,30.0,848,478,3,left_eye_outer,0.440476655960083,0.49892744421958923,-0.15070044994354248,0.9991801381111145,0.9992576241493225
side_person17.mp4,side,317,10567,30.0,848,478,4,right_eye_inner,0.4377063512802124,0.4989362955093384,-0.11940512806177139,0.9983084201812744,0.9989066123962402
side_person17.mp4,side,317,10567,30.0,848,478,5,right_eye,0.43852025270462036,0.49765700101852417,-0.11944596469402313,0.9982774257659912,0.9988497495651245
side_person17.mp4,side,317,10567,30.0,848,478,6,right_eye_outer,0.4395008087158203,0.49639183282852173,-0.11943978071212769,0.9987110495567322,0.9988331198692322
side_person17.mp4,side,317,10567,30.0,848,478,7,left_ear,0.4546528458595276,0.4985150992870331,-0.19957926869392395,0.9978400468826294,0.9991903901100159
side_person17.mp4,side,317,10567,30.0,848,478,8,right_ear,0.45361757278442383,0.49464544653892517,-0.05793985724449158,0.9983565807342529,0.9987764954566956
side_person17.mp4,side,317,10567,30.0,848,478,9,mouth_left,0.4458089768886566,0.5298011302947998,-0.14434435963630676,0.9977059364318848,0.9991320967674255
side_person17.mp4,side,317,10567,30.0,848,478,10,mouth_right,0.4456431567668915,0.5291802883148193,-0.10306951403617859,0.9969653487205505,0.9990749359130859
side_person17.mp4,side,317,10567,30.0,848,478,11,left_shoulder,0.4804932177066803,0.5802672505378723,-0.25573426485061646,0.9988154768943787,0.9990228414535522
side_person17.mp4,side,317,10567,30.0,848,478,12,right_shoulder,0.4770240783691406,0.5436416864395142,0.033668287098407745,0.9969343543052673,0.9994462132453918
side_person17.mp4,side,317,10567,30.0,848,478,13,left_elbow,0.3986230194568634,0.6095499396324158,-0.3085114359855652,0.9842846393585205,0.999281108379364
side_person17.mp4,side,317,10567,30.0,848,478,14,right_elbow,0.4049952030181885,0.5641611218452454,0.07912015169858932,0.29193413257598877,0.9994957447052002
side_person17.mp4,side,317,10567,30.0,848,478,15,left_wrist,0.32229262590408325,0.5918351411819458,-0.2915525734424591,0.9848975539207458,0.9971066117286682
side_person17.mp4,side,317,10567,30.0,848,478,16,right_wrist,0.3442145884037018,0.5636484026908875,-0.0022727809846401215,0.48177260160446167,0.996787428855896
side_person17.mp4,side,317,10567,30.0,848,478,17,left_pinky,0.30221888422966003,0.5880667567253113,-0.3385290801525116,0.9772953987121582,0.9945729374885559
side_person17.mp4,side,317,10567,30.0,848,478,18,right_pinky,0.3277187943458557,0.5529671907424927,-0.009384343400597572,0.5173032283782959,0.9944661259651184
side_person17.mp4,side,317,10567,30.0,848,478,19,left_index,0.30940955877304077,0.576708972454071,-0.3222595453262329,0.9755324721336365,0.9947512745857239
side_person17.mp4,side,317,10567,30.0,848,478,20,right_index,0.3257726728916168,0.5534961819648743,-0.04535672068595886,0.5339395999908447,0.993703305721283
side_person17.mp4,side,317,10567,30.0,848,478,21,left_thumb,0.3135368824005127,0.5780121088027954,-0.2876927852630615,0.9602937698364258,0.9956101775169373
side_person17.mp4,side,317,10567,30.0,848,478,22,right_thumb,0.3301411271095276,0.5580846071243286,-0.02037191018462181,0.5594854950904846,0.9953032732009888
side_person17.mp4,side,317,10567,30.0,848,478,23,left_hip,0.5640015602111816,0.7693142890930176,-0.09352994710206985,0.9993824362754822,0.9997115731239319
side_person17.mp4,side,317,10567,30.0,848,478,24,right_hip,0.5481785535812378,0.7290294170379639,0.09361327439546585,0.9988898634910583,0.9998149275779724
side_person17.mp4,side,317,10567,30.0,848,478,25,left_knee,0.45380085706710815,0.7602008581161499,-0.0950089693069458,0.9151790738105774,0.9985907673835754
side_person17.mp4,side,317,10567,30.0,848,478,26,right_knee,0.452739417552948,0.7103267908096313,0.1859651356935501,0.2958814203739166,0.9991866946220398
side_person17.mp4,side,317,10567,30.0,848,478,27,left_ankle,0.5029623508453369,0.9030092358589172,0.0780462920665741,0.8713459968566895,0.9970695376396179
side_person17.mp4,side,317,10567,30.0,848,478,28,right_ankle,0.49673622846603394,0.84333735704422,0.33857712149620056,0.33569154143333435,0.9982677698135376
side_person17.mp4,side,317,10567,30.0,848,478,29,left_heel,0.5180368423461914,0.9235301613807678,0.09634394943714142,0.8465617895126343,0.9973249435424805
side_person17.mp4,side,317,10567,30.0,848,478,30,right_heel,0.5101718306541443,0.8653148412704468,0.35447776317596436,0.4899022579193115,0.9983194470405579
side_person17.mp4,side,317,10567,30.0,848,478,31,left_foot_index,0.46438974142074585,0.928604781627655,0.12462187558412552,0.8224983215332031,0.9967150688171387
side_person17.mp4,side,317,10567,30.0,848,478,32,right_foot_index,0.46388667821884155,0.8900032639503479,0.38307294249534607,0.46299612522125244,0.9976494908332825
side_person17.mp4,side,318,10600,30.0,848,478,0,nose,0.43780848383903503,0.5189223885536194,-0.1293574422597885,0.9986901879310608,0.9989597797393799
side_person17.mp4,side,318,10600,30.0,848,478,1,left_eye_inner,0.43797579407691956,0.5018185973167419,-0.15095527470111847,0.9988927245140076,0.9992101192474365
side_person17.mp4,side,318,10600,30.0,848,478,2,left_eye,0.4391155540943146,0.5012803077697754,-0.15099069476127625,0.9989833235740662,0.9993036985397339
side_person17.mp4,side,318,10600,30.0,848,478,3,left_eye_outer,0.4403707683086395,0.5007771849632263,-0.1510721743106842,0.9991857409477234,0.9993876218795776
side_person17.mp4,side,318,10600,30.0,848,478,4,right_eye_inner,0.43751248717308044,0.5008897185325623,-0.11911328881978989,0.9983111023902893,0.9990523457527161
side_person17.mp4,side,318,10600,30.0,848,478,5,right_eye,0.4383293390274048,0.4996773302555084,-0.1191515326499939,0.9982808828353882,0.9990105628967285
side_person17.mp4,side,318,10600,30.0,848,478,6,right_eye_outer,0.4393298327922821,0.49841827154159546,-0.11914084106683731,0.9987074136734009,0.9990087151527405
side_person17.mp4,side,318,10600,30.0,848,478,7,left_ear,0.45457643270492554,0.49996334314346313,-0.201132133603096,0.9978752136230469,0.9993495345115662
side_person17.mp4,side,318,10600,30.0,848,478,8,right_ear,0.45353901386260986,0.4962949752807617,-0.05668850243091583,0.9983844757080078,0.9989849925041199
side_person17.mp4,side,318,10600,30.0,848,478,9,mouth_left,0.4456325173377991,0.5319005846977234,-0.14485062658786774,0.9977230429649353,0.9993075132369995
side_person17.mp4,side,318,10600,30.0,848,478,10,mouth_right,0.44546088576316833,0.531447172164917,-0.10272332280874252,0.9970505833625793,0.9992534518241882
side_person17.mp4,side,318,10600,30.0,848,478,11,left_shoulder,0.48074808716773987,0.5808596611022949,-0.25983381271362305,0.9988481998443604,0.9992092847824097
side_person17.mp4,side,318,10600,30.0,848,478,12,right_shoulder,0.47748085856437683,0.544729471206665,0.03694102168083191,0.9970539212226868,0.9995810389518738
side_person17.mp4,side,318,10600,30.0,848,478,13,left_elbow,0.3986482322216034,0.6124265193939209,-0.3153364658355713,0.984475314617157,0.9993201494216919
side_person17.mp4,side,318,10600,30.0,848,478,14,right_elbow,0.40501588582992554,0.5662510395050049,0.0878957137465477,0.29604998230934143,0.9995768666267395
side_person17.mp4,side,318,10600,30.0,848,478,15,left_wrist,0.3237053453922272,0.5955776572227478,-0.2982282340526581,0.9852197170257568,0.9970906972885132
side_person17.mp4,side,318,10600,30.0,848,478,16,right_wrist,0.3443266451358795,0.5632798671722412,0.005151096265763044,0.49915894865989685,0.9972098469734192
side_person17.mp4,side,318,10600,30.0,848,478,17,left_pinky,0.3028354346752167,0.5932286381721497,-0.3459326922893524,0.9776833057403564,0.9944989085197449
side_person17.mp4,side,318,10600,30.0,848,478,18,right_pinky,0.32803863286972046,0.5528689026832581,-0.0019077183678746223,0.5341485738754272,0.9951519966125488
side_person17.mp4,side,318,10600,30.0,848,478,19,left_index,0.30937179923057556,0.5808098316192627,-0.32942306995391846,0.9759352207183838,0.9946677684783936
side_person17.mp4,side,318,10600,30.0,848,478,20,right_index,0.3260633647441864,0.5534660816192627,-0.0383329913020134,0.550847053527832,0.9945853352546692
side_person17.mp4,side,318,10600,30.0,848,478,21,left_thumb,0.3135698139667511,0.5814930200576782,-0.2943365275859833,0.9608572125434875,0.9955606460571289
side_person17.mp4,side,318,10600,30.0,848,478,22,right_thumb,0.33031243085861206,0.5585781931877136,-0.013193883933126926,0.5753936767578125,0.9960014224052429
side_person17.mp4,side,318,10600,30.0,848,478,23,left_hip,0.5636287927627563,0.7705873847007751,-0.09357772022485733,0.9994113445281982,0.9996799230575562
side_person17.mp4,side,318,10600,30.0,848,478,24,right_hip,0.5478158593177795,0.7310975790023804,0.09366095066070557,0.9989322423934937,0.9998061060905457
side_person17.mp4,side,318,10600,30.0,848,478,25,left_knee,0.45342275500297546,0.758683443069458,-0.10268145799636841,0.9111484885215759,0.9985999464988708
side_person17.mp4,side,318,10600,30.0,848,478,26,right_knee,0.4521216154098511,0.7090434432029724,0.18249231576919556,0.2863113582134247,0.9991783499717712
side_person17.mp4,side,318,10600,30.0,848,478,27,left_ankle,0.5029404163360596,0.901484489440918,0.07405302673578262,0.861809492111206,0.9971229434013367
side_person17.mp4,side,318,10600,30.0,848,478,28,right_ankle,0.4962555766105652,0.843296468257904,0.3365052342414856,0.3242158889770508,0.998210072517395
side_person17.mp4,side,318,10600,30.0,848,478,29,left_heel,0.5180099606513977,0.9226924777030945,0.09301221370697021,0.837607741355896,0.9974148273468018
side_person17.mp4,side,318,10600,30.0,848,478,30,right_heel,0.5089043378829956,0.8643460273742676,0.3515864908695221,0.4797268807888031,0.998275876045227
side_person17.mp4,side,318,10600,30.0,848,478,31,left_foot_index,0.4646534025669098,0.9286239147186279,0.12338410317897797,0.8105231523513794,0.9968504309654236
side_person17.mp4,side,318,10600,30.0,848,478,32,right_foot_index,0.4636283814907074,0.8898863196372986,0.3784717619419098,0.4505138695240021,0.9975314140319824
side_person17.mp4,side,319,10633,30.0,848,478,0,nose,0.4377864599227905,0.5201971530914307,-0.11540205776691437,0.9986782670021057,0.9991017580032349
side_person17.mp4,side,319,10633,30.0,848,478,1,left_eye_inner,0.43791577219963074,0.5030158758163452,-0.1359575092792511,0.9988956451416016,0.9992004036903381
side_person17.mp4,side,319,10633,30.0,848,478,2,left_eye,0.43906062841415405,0.5023540258407593,-0.13598647713661194,0.99898761510849,0.9992578625679016
side_person17.mp4,side,319,10633,30.0,848,478,3,left_eye_outer,0.4403150975704193,0.5017459988594055,-0.13605430722236633,0.9991840720176697,0.9993139505386353
side_person17.mp4,side,319,10633,30.0,848,478,4,right_eye_inner,0.4373975396156311,0.5022276043891907,-0.10500668734312057,0.9983153939247131,0.9991294741630554
side_person17.mp4,side,319,10633,30.0,848,478,5,right_eye,0.43817976117134094,0.5009780526161194,-0.10504985600709915,0.9982894659042358,0.9991081357002258
side_person17.mp4,side,319,10633,30.0,848,478,6,right_eye_outer,0.43912869691848755,0.4997057616710663,-0.10504691302776337,0.9987119436264038,0.9991117119789124
side_person17.mp4,side,319,10633,30.0,848,478,7,left_ear,0.45449262857437134,0.5001837611198425,-0.18541225790977478,0.9978571534156799,0.999190628528595
side_person17.mp4,side,319,10633,30.0,848,478,8,right_ear,0.4532976448535919,0.497020423412323,-0.044975001364946365,0.9984047412872314,0.9990525841712952
side_person17.mp4,side,319,10633,30.0,848,478,9,mouth_left,0.4456077218055725,0.5324407815933228,-0.1311005800962448,0.9976893067359924,0.9992542862892151
side_person17.mp4,side,319,10633,30.0,848,478,10,mouth_right,0.4454103112220764,0.5323326587677002,-0.09016984701156616,0.9970771074295044,0.9992617964744568
side_person17.mp4,side,319,10633,30.0,848,478,11,left_shoulder,0.481414258480072,0.5794402956962585,-0.24688208103179932,0.9988386034965515,0.9988131523132324
side_person17.mp4,side,319,10633,30.0,848,478,12,right_shoulder,0.4770740866661072,0.5462499856948853,0.04380996897816658,0.997136116027832,0.999538779258728
side_person17.mp4,side,319,10633,30.0,848,478,13,left_elbow,0.3992316424846649,0.6116956472396851,-0.3046020567417145,0.9843538999557495,0.9991040825843811
side_person17.mp4,side,319,10633,30.0,848,478,14,right_elbow,0.40505465865135193,0.5659658908843994,0.09164001047611237,0.3028795123100281,0.9996209144592285
side_person17.mp4,side,319,10633,30.0,848,478,15,left_wrist,0.32585132122039795,0.5936228632926941,-0.2888089418411255,0.985257089138031,0.9968351721763611
side_person17.mp4,side,319,10633,30.0,848,478,16,right_wrist,0.3439561128616333,0.5641130208969116,0.00831152219325304,0.5164299607276917,0.9976713061332703
side_person17.mp4,side,319,10633,30.0,848,478,17,left_pinky,0.30523765087127686,0.5901228189468384,-0.3340734541416168,0.9776929020881653,0.9943108558654785
side_person17.mp4,side,319,10633,30.0,848,478,18,right_pinky,0.3277454078197479,0.5537272691726685,0.0013689243933185935,0.5503090023994446,0.9957935810089111
side_person17.mp4,side,319,10633,30.0,848,478,19,left_index,0.3095339238643646,0.5789002776145935,-0.3182488679885864,0.9759362936019897,0.9944235682487488
side_person17.mp4,side,319,10633,30.0,848,478,20,right_index,0.32553449273109436,0.5543394088745117,-0.0336063988506794,0.5671306848526001,0.9952905178070068
side_person17.mp4,side,319,10633,30.0,848,478,21,left_thumb,0.31528621912002563,0.5796065926551819,-0.28486865758895874,0.9608086943626404,0.995311975479126
side_person17.mp4,side,319,10633,30.0,848,478,22,right_thumb,0.33008918166160583,0.5592010021209717,-0.009556770324707031,0.5907816290855408,0.9965389966964722
side_person17.mp4,side,319,10633,30.0,848,478,23,left_hip,0.5631227493286133,0.7691044211387634,-0.09378965944051743,0.999418318271637,0.9995402097702026
side_person17.mp4,side,319,10633,30.0,848,478,24,right_hip,0.547375500202179,0.7314278483390808,0.09386824816465378,0.9989538788795471,0.9997811913490295
side_person17.mp4,side,319,10633,30.0,848,478,25,left_knee,0.4531884789466858,0.7582322359085083,-0.10356972366571426,0.9061415195465088,0.9984286427497864
side_person17.mp4,side,319,10633,30.0,848,478,26,right_knee,0.4519389569759369,0.7072651982307434,0.17570394277572632,0.27502062916755676,0.9992004036903381
side_person17.mp4,side,319,10633,30.0,848,478,27,left_ankle,0.5029096603393555,0.9010522961616516,0.05852794647216797,0.8544303774833679,0.996379554271698
side_person17.mp4,side,319,10633,30.0,848,478,28,right_ankle,0.4961993098258972,0.8429116606712341,0.31774765253067017,0.31155452132225037,0.9983300566673279
side_person17.mp4,side,319,10633,30.0,848,478,29,left_heel,0.5179784893989563,0.922501802444458,0.07572454959154129,0.8312564492225647,0.9966177344322205
side_person17.mp4,side,319,10633,30.0,848,478,30,right_heel,0.5092594027519226,0.8649344444274902,0.3320201635360718,0.46859997510910034,0.9983470439910889
side_person17.mp4,side,319,10633,30.0,848,478,31,left_foot_index,0.4651617109775543,0.9278375506401062,0.10296794027090073,0.8015209436416626,0.9960779547691345
side_person17.mp4,side,319,10633,30.0,848,478,32,right_foot_index,0.4643027186393738,0.8904767632484436,0.35980379581451416,0.4367729425430298,0.9976746439933777
side_person17.mp4,side,320,10667,30.0,848,478,0,nose,0.4377099871635437,0.5183752775192261,-0.1091720461845398,0.9986463785171509,0.9989618062973022
side_person17.mp4,side,320,10667,30.0,848,478,1,left_eye_inner,0.4377621114253998,0.5012960433959961,-0.12995092570781708,0.9988831877708435,0.9990965127944946
side_person17.mp4,side,320,10667,30.0,848,478,2,left_eye,0.4388500154018402,0.5006535053253174,-0.129980206489563,0.9989774227142334,0.9991656541824341
side_person17.mp4,side,320,10667,30.0,848,478,3,left_eye_outer,0.4400300681591034,0.5000974535942078,-0.1300463080406189,0.9991709589958191,0.9992289543151855
side_person17.mp4,side,320,10667,30.0,848,478,4,right_eye_inner,0.43732210993766785,0.5003846883773804,-0.09886578470468521,0.9982932209968567,0.9989996552467346
side_person17.mp4,side,320,10667,30.0,848,478,5,right_eye,0.4381197690963745,0.49907252192497253,-0.09890444576740265,0.9982702732086182,0.9989659786224365
side_person17.mp4,side,320,10667,30.0,848,478,6,right_eye_outer,0.4390818774700165,0.4977477192878723,-0.09890065342187881,0.9986969232559204,0.9989601373672485
side_person17.mp4,side,320,10667,30.0,848,478,7,left_ear,0.4538496732711792,0.4985705614089966,-0.1805289089679718,0.9978199601173401,0.9991138577461243
side_person17.mp4,side,320,10667,30.0,848,478,8,right_ear,0.4531311094760895,0.4951894283294678,-0.03946707025170326,0.9984016418457031,0.9988879561424255
side_person17.mp4,side,320,10667,30.0,848,478,9,mouth_left,0.445468932390213,0.5304891467094421,-0.1251179277896881,0.997616708278656,0.999131977558136
side_person17.mp4,side,320,10667,30.0,848,478,10,mouth_right,0.4453641176223755,0.5303464531898499,-0.0840284526348114,0.9970534443855286,0.9991127848625183
side_person17.mp4,side,320,10667,30.0,848,478,11,left_shoulder,0.48138824105262756,0.5783015489578247,-0.2413119524717331,0.9988234639167786,0.9987420439720154
side_person17.mp4,side,320,10667,30.0,848,478,12,right_shoulder,0.4771062135696411,0.545380175113678,0.048586368560791016,0.9971878528594971,0.9993953704833984
side_person17.mp4,side,320,10667,30.0,848,478,13,left_elbow,0.39910396933555603,0.608559787273407,-0.2955518066883087,0.9840854406356812,0.9991642236709595
side_person17.mp4,side,320,10667,30.0,848,478,14,right_elbow,0.4052966237068176,0.5649818181991577,0.0959729552268982,0.3061084747314453,0.9995318651199341
side_person17.mp4,side,320,10667,30.0,848,478,15,left_wrist,0.3259912431240082,0.5918128490447998,-0.27558067440986633,0.9852647185325623,0.9969803690910339
side_person17.mp4,side,320,10667,30.0,848,478,16,right_wrist,0.344292551279068,0.5633205771446228,0.015016662888228893,0.5288230776786804,0.9972967505455017
side_person17.mp4,side,320,10667,30.0,848,478,17,left_pinky,0.305486798286438,0.5882104635238647,-0.31974485516548157,0.9776985049247742,0.9944878220558167
side_person17.mp4,side,320,10667,30.0,848,478,18,right_pinky,0.32824376225471497,0.5531277060508728,0.008595535531640053,0.561816394329071,0.9952203631401062
side_person17.mp4,side,320,10667,30.0,848,478,19,left_index,0.3099648952484131,0.5766491889953613,-0.30376675724983215,0.9759416580200195,0.9945089221000671
side_person17.mp4,side,320,10667,30.0,848,478,20,right_index,0.3259243071079254,0.5537312626838684,-0.025874637067317963,0.5787599086761475,0.9946560859680176
side_person17.mp4,side,320,10667,30.0,848,478,21,left_thumb,0.3162500858306885,0.5773184895515442,-0.2713864743709564,0.9608259201049805,0.9954248070716858
side_person17.mp4,side,320,10667,30.0,848,478,22,right_thumb,0.3304819166660309,0.5584984421730042,-0.002531610894948244,0.6016688346862793,0.9960086345672607
side_person17.mp4,side,320,10667,30.0,848,478,23,left_hip,0.5627179741859436,0.7681465148925781,-0.0936889573931694,0.9994294047355652,0.9996033310890198
side_person17.mp4,side,320,10667,30.0,848,478,24,right_hip,0.5473491549491882,0.7310296893119812,0.09376019239425659,0.9989739060401917,0.9997678399085999
side_person17.mp4,side,320,10667,30.0,848,478,25,left_knee,0.4532550871372223,0.7586497664451599,-0.10164147615432739,0.9022054076194763,0.998387336730957
side_person17.mp4,side,320,10667,30.0,848,478,26,right_knee,0.4520919620990753,0.7074630856513977,0.18044507503509521,0.26359832286834717,0.9990248680114746
side_person17.mp4,side,320,10667,30.0,848,478,27,left_ankle,0.5028623342514038,0.9006689786911011,0.06367829442024231,0.8458544015884399,0.9966287016868591
side_person17.mp4,side,320,10667,30.0,848,478,28,right_ankle,0.49621811509132385,0.8418327569961548,0.32098400592803955,0.2993883788585663,0.9980376362800598
side_person17.mp4,side,320,10667,30.0,848,478,29,left_heel,0.5177643895149231,0.9222642183303833,0.08165639638900757,0.8236033320426941,0.9968562126159668
side_person17.mp4,side,320,10667,30.0,848,478,30,right_heel,0.5096949934959412,0.8648439049720764,0.3347519636154175,0.45746326446533203,0.9980992674827576
side_person17.mp4,side,320,10667,30.0,848,478,31,left_foot_index,0.4651915729045868,0.927807092666626,0.10726404190063477,0.7913905382156372,0.9963117241859436
side_person17.mp4,side,320,10667,30.0,848,478,32,right_foot_index,0.4647446870803833,0.8911198973655701,0.3654216229915619,0.424069344997406,0.9974763989448547
side_person17.mp4,side,321,10700,30.0,848,478,0,nose,0.43738725781440735,0.5166926383972168,-0.11062252521514893,0.9986358880996704,0.9989399313926697
side_person17.mp4,side,321,10700,30.0,848,478,1,left_eye_inner,0.4375596344470978,0.499207079410553,-0.13143758475780487,0.9988883137702942,0.9991323351860046
side_person17.mp4,side,321,10700,30.0,848,478,2,left_eye,0.43870019912719727,0.4985395073890686,-0.13147017359733582,0.9989854693412781,0.9992145299911499
side_person17.mp4,side,321,10700,30.0,848,478,3,left_eye_outer,0.4399276375770569,0.49795448780059814,-0.1315387487411499,0.9991756677627563,0.9992926120758057
side_person17.mp4,side,321,10700,30.0,848,478,4,right_eye_inner,0.4370063543319702,0.4984058439731598,-0.1001875177025795,0.9982919096946716,0.998985230922699
side_person17.mp4,side,321,10700,30.0,848,478,5,right_eye,0.43779194355010986,0.4971260726451874,-0.10022107511758804,0.998272716999054,0.9989315867424011
side_person17.mp4,side,321,10700,30.0,848,478,6,right_eye_outer,0.4387369751930237,0.49580976366996765,-0.1002139300107956,0.998694658279419,0.9989050626754761
side_person17.mp4,side,321,10700,30.0,848,478,7,left_ear,0.4538142681121826,0.49651142954826355,-0.18160375952720642,0.9978231191635132,0.9992007613182068
side_person17.mp4,side,321,10700,30.0,848,478,8,right_ear,0.4529416859149933,0.4932313859462738,-0.039942655712366104,0.9984032511711121,0.99875807762146
side_person17.mp4,side,321,10700,30.0,848,478,9,mouth_left,0.44527938961982727,0.5289395451545715,-0.12654463946819305,0.9976030588150024,0.9990707039833069
side_person17.mp4,side,321,10700,30.0,848,478,10,mouth_right,0.44508451223373413,0.5289410352706909,-0.0852428525686264,0.9970624446868896,0.9989595413208008
side_person17.mp4,side,321,10700,30.0,848,478,11,left_shoulder,0.4814382493495941,0.576197624206543,-0.24344582855701447,0.9988081455230713,0.9986469149589539
side_person17.mp4,side,321,10700,30.0,848,478,12,right_shoulder,0.4771237373352051,0.5450441241264343,0.04908685386180878,0.9971424341201782,0.999052107334137
side_person17.mp4,side,321,10700,30.0,848,478,13,left_elbow,0.39790812134742737,0.6061705946922302,-0.3012116849422455,0.9838743805885315,0.9990445971488953
side_person17.mp4,side,321,10700,30.0,848,478,14,right_elbow,0.4052380621433258,0.565434455871582,0.09314495325088501,0.30229759216308594,0.9991697072982788
side_person17.mp4,side,321,10700,30.0,848,478,15,left_wrist,0.32401159405708313,0.5899672508239746,-0.2841123342514038,0.9852331876754761,0.9963165521621704
side_person17.mp4,side,321,10700,30.0,848,478,16,right_wrist,0.3442673087120056,0.564914345741272,0.010460917837917805,0.5273091793060303,0.9952101111412048
side_person17.mp4,side,321,10700,30.0,848,478,17,left_pinky,0.3027547299861908,0.5860278010368347,-0.32979586720466614,0.9776280522346497,0.9932663440704346
side_person17.mp4,side,321,10700,30.0,848,478,18,right_pinky,0.32836443185806274,0.5539804100990295,0.0035094600170850754,0.5610436797142029,0.9921852946281433
side_person17.mp4,side,321,10700,30.0,848,478,19,left_index,0.3099633753299713,0.5743963718414307,-0.3134489953517914,0.9758586287498474,0.9932863116264343
side_person17.mp4,side,321,10700,30.0,848,478,20,right_index,0.32612138986587524,0.553954541683197,-0.03137439489364624,0.5782965421676636,0.9910939335823059
side_person17.mp4,side,321,10700,30.0,848,478,21,left_thumb,0.31573688983917236,0.5754479169845581,-0.28003379702568054,0.9606558680534363,0.9943473935127258
side_person17.mp4,side,321,10700,30.0,848,478,22,right_thumb,0.33064547181129456,0.5584887266159058,-0.007394671440124512,0.6013122797012329,0.9931880235671997
side_person17.mp4,side,321,10700,30.0,848,478,23,left_hip,0.562692403793335,0.7663131952285767,-0.09380077570676804,0.9994394183158875,0.9996117949485779
side_person17.mp4,side,321,10700,30.0,848,478,24,right_hip,0.5469560623168945,0.7292054891586304,0.09387259185314178,0.9989827275276184,0.999743640422821
side_person17.mp4,side,321,10700,30.0,848,478,25,left_knee,0.45327842235565186,0.7588120698928833,-0.1045549064874649,0.9012424945831299,0.9985255599021912
side_person17.mp4,side,321,10700,30.0,848,478,26,right_knee,0.4518604874610901,0.7065201997756958,0.17821690440177917,0.2563340663909912,0.9989598989486694
side_person17.mp4,side,321,10700,30.0,848,478,27,left_ankle,0.5029743313789368,0.9002906084060669,0.06311476975679398,0.8412455320358276,0.9969329833984375
side_person17.mp4,side,321,10700,30.0,848,478,28,right_ankle,0.4962776005268097,0.8409813642501831,0.3162733018398285,0.28999319672584534,0.9981484413146973
side_person17.mp4,side,321,10700,30.0,848,478,29,left_heel,0.5177616477012634,0.9219467639923096,0.0813693255186081,0.8188938498497009,0.997195839881897
side_person17.mp4,side,321,10700,30.0,848,478,30,right_heel,0.5099791884422302,0.8645941615104675,0.33050498366355896,0.4483111500740051,0.9982393980026245
side_person17.mp4,side,321,10700,30.0,848,478,31,left_foot_index,0.4660080671310425,0.9267197251319885,0.10882747173309326,0.785677969455719,0.996439516544342
side_person17.mp4,side,321,10700,30.0,848,478,32,right_foot_index,0.4654081165790558,0.8914379477500916,0.35929298400878906,0.41468358039855957,0.997524082660675
side_person17.mp4,side,322,10733,30.0,848,478,0,nose,0.43729379773139954,0.5159803628921509,-0.13033384084701538,0.9985973238945007,0.9986999034881592
side_person17.mp4,side,322,10733,30.0,848,478,1,left_eye_inner,0.43749064207077026,0.4985954463481903,-0.15210096538066864,0.9988654851913452,0.9989770650863647
side_person17.mp4,side,322,10733,30.0,848,478,2,left_eye,0.4386594295501709,0.49790945649147034,-0.15212978422641754,0.9989660382270813,0.999082088470459
side_person17.mp4,side,322,10733,30.0,848,478,3,left_eye_outer,0.43990787863731384,0.4973633587360382,-0.1522025316953659,0.9991598129272461,0.9991839528083801
side_person17.mp4,side,322,10733,30.0,848,478,4,right_eye_inner,0.4368802607059479,0.4978349208831787,-0.12040739506483078,0.9982401132583618,0.9987688660621643
side_person17.mp4,side,322,10733,30.0,848,478,5,right_eye,0.43765518069267273,0.496539443731308,-0.12044266611337662,0.9982247948646545,0.9986990690231323
side_person17.mp4,side,322,10733,30.0,848,478,6,right_eye_outer,0.43858736753463745,0.4952622652053833,-0.12043704092502594,0.9986578226089478,0.9986720085144043
side_person17.mp4,side,322,10733,30.0,848,478,7,left_ear,0.4538075923919678,0.4962468445301056,-0.20210689306259155,0.9977706670761108,0.9990549683570862
side_person17.mp4,side,322,10733,30.0,848,478,8,right_ear,0.45280733704566956,0.49304449558258057,-0.058553118258714676,0.9983466267585754,0.9984695315361023
side_person17.mp4,side,322,10733,30.0,848,478,9,mouth_left,0.4452289044857025,0.5283336043357849,-0.14599893987178802,0.9975439310073853,0.9989129304885864
side_person17.mp4,side,322,10733,30.0,848,478,10,mouth_right,0.44495657086372375,0.5282982587814331,-0.10412993282079697,0.9969986081123352,0.998784601688385
side_person17.mp4,side,322,10733,30.0,848,478,11,left_shoulder,0.4814528822898865,0.5751830339431763,-0.2610829770565033,0.9987919330596924,0.9985571503639221
side_person17.mp4,side,322,10733,30.0,848,478,12,right_shoulder,0.4771381914615631,0.5442224144935608,0.03386668488383293,0.997124195098877,0.9990847110748291
side_person17.mp4,side,322,10733,30.0,848,478,13,left_elbow,0.3979411721229553,0.6049948930740356,-0.32146650552749634,0.9837517738342285,0.9989911913871765
side_person17.mp4,side,322,10733,30.0,848,478,14,right_elbow,0.40525123476982117,0.5646284818649292,0.07616263628005981,0.2991848289966583,0.9991841912269592
side_person17.mp4,side,322,10733,30.0,848,478,15,left_wrist,0.3238791823387146,0.5894230008125305,-0.30752697587013245,0.9851389527320862,0.9958556294441223
side_person17.mp4,side,322,10733,30.0,848,478,16,right_wrist,0.3441919684410095,0.5640230774879456,-0.00570997130125761,0.5230408310890198,0.9955175518989563
side_person17.mp4,side,322,10733,30.0,848,478,17,left_pinky,0.3029080927371979,0.585340678691864,-0.35575172305107117,0.9774731397628784,0.9924821257591248
side_person17.mp4,side,322,10733,30.0,848,478,18,right_pinky,0.3283001482486725,0.5534641146659851,-0.013841556385159492,0.5574653148651123,0.9926614761352539
side_person17.mp4,side,322,10733,30.0,848,478,19,left_index,0.3114667236804962,0.5740530490875244,-0.3389076590538025,0.9756988883018494,0.9925581216812134
side_person17.mp4,side,322,10733,30.0,848,478,20,right_index,0.32611262798309326,0.553255021572113,-0.05011137202382088,0.5748327970504761,0.9914093613624573
side_person17.mp4,side,322,10733,30.0,848,478,21,left_thumb,0.3160524070262909,0.5745724439620972,-0.3036459684371948,0.9603667259216309,0.9936367273330688
side_person17.mp4,side,322,10733,30.0,848,478,22,right_thumb,0.3306281566619873,0.5576260089874268,-0.024204527959227562,0.5981100797653198,0.993402898311615
side_person17.mp4,side,322,10733,30.0,848,478,23,left_hip,0.5626187324523926,0.7632548809051514,-0.09386847913265228,0.9994483590126038,0.9996248483657837
side_person17.mp4,side,322,10733,30.0,848,478,24,right_hip,0.5464269518852234,0.7278144955635071,0.09394310414791107,0.9989911913871765,0.9997647404670715
side_person17.mp4,side,322,10733,30.0,848,478,25,left_knee,0.453305721282959,0.758965790271759,-0.10415679961442947,0.9003700017929077,0.9985817670822144
side_person17.mp4,side,322,10733,30.0,848,478,26,right_knee,0.45023033022880554,0.7067622542381287,0.17313063144683838,0.2527764141559601,0.9989915490150452
side_person17.mp4,side,322,10733,30.0,848,478,27,left_ankle,0.5030056834220886,0.9002707004547119,0.07057420909404755,0.8402618765830994,0.9978273510932922
side_person17.mp4,side,322,10733,30.0,848,478,28,right_ankle,0.4962480068206787,0.8418194055557251,0.31665122509002686,0.2848362922668457,0.998329222202301
side_person17.mp4,side,322,10733,30.0,848,478,29,left_heel,0.5179600715637207,0.9219366908073425,0.08986692875623703,0.8178293108940125,0.9980950951576233
side_person17.mp4,side,322,10733,30.0,848,478,30,right_heel,0.5099864602088928,0.8644292950630188,0.331485778093338,0.4433344900608063,0.9984363913536072
side_person17.mp4,side,322,10733,30.0,848,478,31,left_foot_index,0.46581944823265076,0.9268563389778137,0.1180436760187149,0.7845411896705627,0.9973856806755066
side_person17.mp4,side,322,10733,30.0,848,478,32,right_foot_index,0.46545326709747314,0.8946710228919983,0.3572984039783478,0.40991896390914917,0.9977132081985474
side_person17.mp4,side,323,10767,30.0,848,478,0,nose,0.4364801347255707,0.5091516375541687,-0.13230881094932556,0.9985594153404236,0.9985112547874451
side_person17.mp4,side,323,10767,30.0,848,478,1,left_eye_inner,0.4367091953754425,0.4917859733104706,-0.1543767899274826,0.9988292455673218,0.9987683892250061
side_person17.mp4,side,323,10767,30.0,848,478,2,left_eye,0.43796733021736145,0.4910071790218353,-0.15440118312835693,0.998935878276825,0.998878538608551
side_person17.mp4,side,323,10767,30.0,848,478,3,left_eye_outer,0.4393376111984253,0.4902748465538025,-0.15446756780147552,0.9991369843482971,0.9989901185035706
side_person17.mp4,side,323,10767,30.0,848,478,4,right_eye_inner,0.4359301030635834,0.49073290824890137,-0.12216655164957047,0.9981883764266968,0.9985986351966858
side_person17.mp4,side,323,10767,30.0,848,478,5,right_eye,0.43665367364883423,0.4891674816608429,-0.12219776958227158,0.9981741309165955,0.998557984828949
side_person17.mp4,side,323,10767,30.0,848,478,6,right_eye_outer,0.4375389516353607,0.487599641084671,-0.12219562381505966,0.9986205697059631,0.9985703229904175
side_person17.mp4,side,323,10767,30.0,848,478,7,left_ear,0.4535621702671051,0.488019198179245,-0.204873189330101,0.9977015852928162,0.9988439083099365
side_person17.mp4,side,323,10767,30.0,848,478,8,right_ear,0.4520896375179291,0.48462823033332825,-0.059242796152830124,0.9982930421829224,0.9984375834465027
side_person17.mp4,side,323,10767,30.0,848,478,9,mouth_left,0.44471776485443115,0.5223990678787231,-0.14810894429683685,0.9975046515464783,0.9988909363746643
side_person17.mp4,side,323,10767,30.0,848,478,10,mouth_right,0.4441958963871002,0.5222840905189514,-0.10563221573829651,0.9969317317008972,0.9987857937812805
side_person17.mp4,side,323,10767,30.0,848,478,11,left_shoulder,0.4814454913139343,0.564659059047699,-0.26628443598747253,0.9987938404083252,0.9984685778617859
side_person17.mp4,side,323,10767,30.0,848,478,12,right_shoulder,0.4771329462528229,0.5380699634552002,0.033937565982341766,0.9971665143966675,0.9991683959960938
side_person17.mp4,side,323,10767,30.0,848,478,13,left_elbow,0.39966872334480286,0.5961364507675171,-0.32728633284568787,0.9834592938423157,0.9988386034965515
side_person17.mp4,side,323,10767,30.0,848,478,14,right_elbow,0.405481219291687,0.5605551600456238,0.07667044550180435,0.29774966835975647,0.9993308782577515
side_person17.mp4,side,323,10767,30.0,848,478,15,left_wrist,0.32570767402648926,0.5826717019081116,-0.31127458810806274,0.9850908517837524,0.9957039952278137
side_person17.mp4,side,323,10767,30.0,848,478,16,right_wrist,0.34526652097702026,0.5616552233695984,-0.005591814871877432,0.5224233865737915,0.9969261288642883
side_person17.mp4,side,323,10767,30.0,848,478,17,left_pinky,0.30976733565330505,0.5781100392341614,-0.359167218208313,0.9774598479270935,0.9926250576972961
side_person17.mp4,side,323,10767,30.0,848,478,18,right_pinky,0.32984668016433716,0.5516431331634521,-0.014129317365586758,0.5570799708366394,0.9948229789733887
side_person17.mp4,side,323,10767,30.0,848,478,19,left_index,0.31514978408813477,0.567033052444458,-0.3428516685962677,0.9757253527641296,0.9926734566688538
side_person17.mp4,side,323,10767,30.0,848,478,20,right_index,0.3277825117111206,0.5512744188308716,-0.04965454712510109,0.5741053223609924,0.994065523147583
side_person17.mp4,side,323,10767,30.0,848,478,21,left_thumb,0.3188093602657318,0.5694748759269714,-0.30744650959968567,0.9603367447853088,0.9937804341316223
side_person17.mp4,side,323,10767,30.0,848,478,22,right_thumb,0.3319961726665497,0.5552458167076111,-0.02394043281674385,0.5970584154129028,0.9954527020454407
side_person17.mp4,side,323,10767,30.0,848,478,23,left_hip,0.5627013444900513,0.7492173314094543,-0.09563654661178589,0.9994404315948486,0.9994252920150757
side_person17.mp4,side,323,10767,30.0,848,478,24,right_hip,0.5464337468147278,0.7173042297363281,0.09569744765758514,0.9989765882492065,0.9996473789215088
side_person17.mp4,side,323,10767,30.0,848,478,25,left_knee,0.45332929491996765,0.7583128213882446,-0.0975230485200882,0.9010115265846252,0.9987467527389526
side_person17.mp4,side,323,10767,30.0,848,478,26,right_knee,0.4503093659877777,0.7096160650253296,0.17314322292804718,0.25218021869659424,0.9989200830459595
side_person17.mp4,side,323,10767,30.0,848,478,27,left_ankle,0.5030081868171692,0.9007937908172607,0.07272946089506149,0.8450816869735718,0.9976022839546204
side_person17.mp4,side,323,10767,30.0,848,478,28,right_ankle,0.49941104650497437,0.8490934371948242,0.3224999010562897,0.28406819701194763,0.9982852339744568
side_person17.mp4,side,323,10767,30.0,848,478,29,left_heel,0.5184868574142456,0.9222779273986816,0.09145765751600266,0.8221186995506287,0.9977899789810181
side_person17.mp4,side,323,10767,30.0,848,478,30,right_heel,0.5122783780097961,0.8644775152206421,0.33800768852233887,0.4423765540122986,0.9983751773834229
side_person17.mp4,side,323,10767,30.0,848,478,31,left_foot_index,0.46551015973091125,0.9268661737442017,0.11615882068872452,0.7902226448059082,0.9969902038574219
side_person17.mp4,side,323,10767,30.0,848,478,32,right_foot_index,0.46683618426322937,0.8965197205543518,0.3581853210926056,0.41073301434516907,0.9978051781654358
side_person17.mp4,side,324,10800,30.0,848,478,0,nose,0.43546053767204285,0.4939329922199249,-0.1382107436656952,0.9985727667808533,0.9979411959648132
side_person17.mp4,side,324,10800,30.0,848,478,1,left_eye_inner,0.4357166588306427,0.4763997197151184,-0.16071435809135437,0.9988272190093994,0.9984132051467896
side_person17.mp4,side,324,10800,30.0,848,478,2,left_eye,0.43702036142349243,0.47551804780960083,-0.16073743999004364,0.9989362955093384,0.998572826385498
side_person17.mp4,side,324,10800,30.0,848,478,3,left_eye_outer,0.4384305477142334,0.47464269399642944,-0.16080597043037415,0.999140739440918,0.9987284541130066
side_person17.mp4,side,324,10800,30.0,848,478,4,right_eye_inner,0.4349486827850342,0.4754463732242584,-0.12747611105442047,0.9981958866119385,0.9981306195259094
side_person17.mp4,side,324,10800,30.0,848,478,5,right_eye,0.43569645285606384,0.4738845229148865,-0.1275007724761963,0.9981826543807983,0.9980570673942566
side_person17.mp4,side,324,10800,30.0,848,478,6,right_eye_outer,0.4365970194339752,0.47221437096595764,-0.12749771773815155,0.9986292719841003,0.9980621933937073
side_person17.mp4,side,324,10800,30.0,848,478,7,left_ear,0.4531022906303406,0.4714990258216858,-0.21179510653018951,0.9977120161056519,0.9985623955726624
side_person17.mp4,side,324,10800,30.0,848,478,8,right_ear,0.451196551322937,0.46838489174842834,-0.06175021082162857,0.998299241065979,0.9978760480880737
side_person17.mp4,side,324,10800,30.0,848,478,9,mouth_left,0.4438934624195099,0.5075632333755493,-0.1541406661272049,0.9975414872169495,0.9984868764877319
side_person17.mp4,side,324,10800,30.0,848,478,10,mouth_right,0.44328808784484863,0.5074272155761719,-0.11031275242567062,0.9969604015350342,0.9983245730400085
side_person17.mp4,side,324,10800,30.0,848,478,11,left_shoulder,0.4807681739330292,0.5488282442092896,-0.2758198380470276,0.9988004565238953,0.9979130625724792
side_person17.mp4,side,324,10800,30.0,848,478,12,right_shoulder,0.47700607776641846,0.526469886302948,0.0341171957552433,0.9971963167190552,0.998838484287262
side_person17.mp4,side,324,10800,30.0,848,478,13,left_elbow,0.3997485339641571,0.5808324217796326,-0.3393135368824005,0.9835968017578125,0.9988264441490173
side_person17.mp4,side,324,10800,30.0,848,478,14,right_elbow,0.40566954016685486,0.5527649521827698,0.07687858492136002,0.291823148727417,0.9991320967674255
side_person17.mp4,side,324,10800,30.0,848,478,15,left_wrist,0.32495179772377014,0.5721938610076904,-0.3197982609272003,0.985168993473053,0.995195209980011
side_person17.mp4,side,324,10800,30.0,848,478,16,right_wrist,0.34577661752700806,0.5558369159698486,-0.0057966927997767925,0.5111594200134277,0.9954609274864197
side_person17.mp4,side,324,10800,30.0,848,478,17,left_pinky,0.29964402318000793,0.5691313743591309,-0.3685980439186096,0.9776318669319153,0.9914966821670532
side_person17.mp4,side,324,10800,30.0,848,478,18,right_pinky,0.33048391342163086,0.5466883182525635,-0.014864470809698105,0.5478050112724304,0.9927427768707275
side_person17.mp4,side,324,10800,30.0,848,478,19,left_index,0.3121112287044525,0.5584287643432617,-0.3510885536670685,0.9759333729743958,0.9915438890457153
side_person17.mp4,side,324,10800,30.0,848,478,20,right_index,0.3284018933773041,0.5464019179344177,-0.0499056912958622,0.5644728541374207,0.9915632009506226
side_person17.mp4,side,324,10800,30.0,848,478,21,left_thumb,0.3186403810977936,0.5598260760307312,-0.3155038356781006,0.9605875611305237,0.992768406867981
side_person17.mp4,side,324,10800,30.0,848,478,22,right_thumb,0.3323415219783783,0.5498441457748413,-0.02411525510251522,0.5875632762908936,0.9933617115020752
side_person17.mp4,side,324,10800,30.0,848,478,23,left_hip,0.5627074241638184,0.7331148982048035,-0.09757498651742935,0.999431848526001,0.999329686164856
side_person17.mp4,side,324,10800,30.0,848,478,24,right_hip,0.5463730096817017,0.7035874128341675,0.09764610975980759,0.9989654421806335,0.9995672106742859
side_person17.mp4,side,324,10800,30.0,848,478,25,left_knee,0.45317691564559937,0.7578414082527161,-0.09237420558929443,0.9042759537696838,0.9986530542373657
side_person17.mp4,side,324,10800,30.0,848,478,26,right_knee,0.45033830404281616,0.7142597436904907,0.1680266410112381,0.2558624744415283,0.9987553358078003
side_person17.mp4,side,324,10800,30.0,848,478,27,left_ankle,0.5016965866088867,0.9016273617744446,0.08076547086238861,0.8528345823287964,0.9977899789810181
side_person17.mp4,side,324,10800,30.0,848,478,28,right_ankle,0.4999016523361206,0.859433650970459,0.31947389245033264,0.29082760214805603,0.9979811310768127
side_person17.mp4,side,324,10800,30.0,848,478,29,left_heel,0.5179920196533203,0.9233264327049255,0.09985638409852982,0.829824686050415,0.9980630278587341
side_person17.mp4,side,324,10800,30.0,848,478,30,right_heel,0.5121686458587646,0.8741494417190552,0.33490628004074097,0.4487425982952118,0.9980880618095398
side_person17.mp4,side,324,10800,30.0,848,478,31,left_foot_index,0.46301254630088806,0.9273160099983215,0.11887679994106293,0.7993936538696289,0.9971074461936951
side_person17.mp4,side,324,10800,30.0,848,478,32,right_foot_index,0.46645548939704895,0.9063869118690491,0.34919631481170654,0.41912591457366943,0.9972553849220276
side_person17.mp4,side,325,10833,30.0,848,478,0,nose,0.4348897635936737,0.4784703552722931,-0.13629327714443207,0.9986144304275513,0.9980798959732056
side_person17.mp4,side,325,10833,30.0,848,478,1,left_eye_inner,0.4352428615093231,0.4609759747982025,-0.1591583788394928,0.9988415241241455,0.9983807802200317
side_person17.mp4,side,325,10833,30.0,848,478,2,left_eye,0.4364566206932068,0.45993104577064514,-0.15916433930397034,0.9989485144615173,0.998494029045105
side_person17.mp4,side,325,10833,30.0,848,478,3,left_eye_outer,0.4377213716506958,0.4589240550994873,-0.15921837091445923,0.9991539716720581,0.9986096620559692
side_person17.mp4,side,325,10833,30.0,848,478,4,right_eye_inner,0.4346475303173065,0.4601447582244873,-0.12555600702762604,0.9982393383979797,0.9982377290725708
side_person17.mp4,side,325,10833,30.0,848,478,5,right_eye,0.4354228377342224,0.45858633518218994,-0.1255750060081482,0.9982286691665649,0.9981916546821594
side_person17.mp4,side,325,10833,30.0,848,478,6,right_eye_outer,0.43637213110923767,0.456775039434433,-0.12557442486286163,0.9986688494682312,0.9982023239135742
side_person17.mp4,side,325,10833,30.0,848,478,7,left_ear,0.4520637094974518,0.45461636781692505,-0.20980212092399597,0.9977291822433472,0.9983242154121399
side_person17.mp4,side,325,10833,30.0,848,478,8,right_ear,0.45042917132377625,0.45193392038345337,-0.058971650898456573,0.998352587223053,0.9979530572891235
side_person17.mp4,side,325,10833,30.0,848,478,9,mouth_left,0.44325876235961914,0.4909679591655731,-0.15208666026592255,0.9976068139076233,0.9984233379364014
side_person17.mp4,side,325,10833,30.0,848,478,10,mouth_right,0.44284680485725403,0.4905138909816742,-0.10793650150299072,0.9970308542251587,0.9983301758766174
side_person17.mp4,side,325,10833,30.0,848,478,11,left_shoulder,0.4798491597175598,0.5305684804916382,-0.2732371389865875,0.9988111853599548,0.9975484013557434
side_person17.mp4,side,325,10833,30.0,848,478,12,right_shoulder,0.477034330368042,0.5115656852722168,0.03867314010858536,0.997228741645813,0.9986258745193481
side_person17.mp4,side,325,10833,30.0,848,478,13,left_elbow,0.39965948462486267,0.5622967481613159,-0.3399285078048706,0.9838912487030029,0.9988325238227844
side_person17.mp4,side,325,10833,30.0,848,478,14,right_elbow,0.4056907594203949,0.5394726395606995,0.07693663984537125,0.28955355286598206,0.9991625547409058
side_person17.mp4,side,325,10833,30.0,848,478,15,left_wrist,0.3225805163383484,0.5594517588615417,-0.3227316439151764,0.9851579070091248,0.9948549270629883
side_person17.mp4,side,325,10833,30.0,848,478,16,right_wrist,0.345730185508728,0.548112154006958,-0.00678862864151597,0.49822720885276794,0.9954574108123779
side_person17.mp4,side,325,10833,30.0,848,478,17,left_pinky,0.29511162638664246,0.5576418042182922,-0.3715221583843231,0.9776822924613953,0.9905620217323303
side_person17.mp4,side,325,10833,30.0,848,478,18,right_pinky,0.3312991261482239,0.5398761034011841,-0.01666264235973358,0.5369464755058289,0.9928970336914062
side_person17.mp4,side,325,10833,30.0,848,478,19,left_index,0.30745241045951843,0.5463771224021912,-0.35253071784973145,0.9759737849235535,0.9906550049781799
side_person17.mp4,side,325,10833,30.0,848,478,20,right_index,0.3293955326080322,0.5387653112411499,-0.05075589567422867,0.5532104969024658,0.9917627573013306
side_person17.mp4,side,325,10833,30.0,848,478,21,left_thumb,0.31741461157798767,0.5481505393981934,-0.31801825761795044,0.9606729745864868,0.9920459985733032
side_person17.mp4,side,325,10833,30.0,848,478,22,right_thumb,0.3330366313457489,0.54176926612854,-0.02499810792505741,0.5767375230789185,0.9933797121047974
side_person17.mp4,side,325,10833,30.0,848,478,23,left_hip,0.562734067440033,0.7150869965553284,-0.1001177653670311,0.9993946552276611,0.9989854693412781
side_person17.mp4,side,325,10833,30.0,848,478,24,right_hip,0.5464975833892822,0.6883074045181274,0.10018084943294525,0.9989123940467834,0.9993423819541931
side_person17.mp4,side,325,10833,30.0,848,478,25,left_knee,0.452823281288147,0.7571086883544922,-0.0932169258594513,0.9062986969947815,0.9984179735183716
side_person17.mp4,side,325,10833,30.0,848,478,26,right_knee,0.4513232111930847,0.7173225283622742,0.14429184794425964,0.25551167130470276,0.9982650876045227
side_person17.mp4,side,325,10833,30.0,848,478,27,left_ankle,0.5011216402053833,0.9027388691902161,0.07130838930606842,0.8604645729064941,0.9966177344322205
side_person17.mp4,side,325,10833,30.0,848,478,28,right_ankle,0.5001479387283325,0.86838698387146,0.29144975543022156,0.2923167943954468,0.9973227381706238
side_person17.mp4,side,325,10833,30.0,848,478,29,left_heel,0.5174615979194641,0.9238399267196655,0.08939173817634583,0.8379465341567993,0.9969725608825684
side_person17.mp4,side,325,10833,30.0,848,478,30,right_heel,0.5125863552093506,0.892507016658783,0.3061511516571045,0.4530789256095886,0.9975087642669678
side_person17.mp4,side,325,10833,30.0,848,478,31,left_foot_index,0.462144672870636,0.9285809397697449,0.10122213512659073,0.8081853985786438,0.9957180619239807
side_person17.mp4,side,325,10833,30.0,848,478,32,right_foot_index,0.46534889936447144,0.9140468835830688,0.31312698125839233,0.4223165512084961,0.9965652823448181
side_person17.mp4,side,326,10867,30.0,848,478,0,nose,0.4347478449344635,0.46369469165802,-0.136075958609581,0.9986552000045776,0.9978638291358948
side_person17.mp4,side,326,10867,30.0,848,478,1,left_eye_inner,0.43521374464035034,0.44525718688964844,-0.15879780054092407,0.9988506436347961,0.9980767965316772
side_person17.mp4,side,326,10867,30.0,848,478,2,left_eye,0.43641871213912964,0.4438965320587158,-0.15878920257091522,0.9989515542984009,0.9981885552406311
side_person17.mp4,side,326,10867,30.0,848,478,3,left_eye_outer,0.4376855194568634,0.4424879848957062,-0.15883341431617737,0.9991629123687744,0.9983142614364624
side_person17.mp4,side,326,10867,30.0,848,478,4,right_eye_inner,0.4346732497215271,0.4447239637374878,-0.1254948228597641,0.9982802867889404,0.9979693293571472
side_person17.mp4,side,326,10867,30.0,848,478,5,right_eye,0.43545615673065186,0.44316092133522034,-0.12551040947437286,0.9982714056968689,0.9979419112205505
side_person17.mp4,side,326,10867,30.0,848,478,6,right_eye_outer,0.4364096224308014,0.44126543402671814,-0.12551163136959076,0.9987090826034546,0.9979654550552368
side_person17.mp4,side,326,10867,30.0,848,478,7,left_ear,0.45198702812194824,0.4372159242630005,-0.20678354799747467,0.9977167844772339,0.9978320002555847
side_person17.mp4,side,326,10867,30.0,848,478,8,right_ear,0.4504578113555908,0.4350844919681549,-0.05868111923336983,0.9984051585197449,0.9975839853286743
side_person17.mp4,side,326,10867,30.0,848,478,9,mouth_left,0.44315388798713684,0.47532594203948975,-0.15122896432876587,0.9976528882980347,0.998058021068573
side_person17.mp4,side,326,10867,30.0,848,478,10,mouth_right,0.4427749812602997,0.47519010305404663,-0.10758491605520248,0.9970659017562866,0.9980171918869019
side_person17.mp4,side,326,10867,30.0,848,478,11,left_shoulder,0.47986531257629395,0.5098414421081543,-0.2717902660369873,0.9987939596176147,0.9973623156547546
side_person17.mp4,side,326,10867,30.0,848,478,12,right_shoulder,0.4768747389316559,0.49757644534111023,0.03861522302031517,0.9972109198570251,0.9983785152435303
side_person17.mp4,side,326,10867,30.0,848,478,13,left_elbow,0.3992995619773865,0.5425400137901306,-0.3471960127353668,0.9842665195465088,0.9991065859794617
side_person17.mp4,side,326,10867,30.0,848,478,14,right_elbow,0.4049585461616516,0.5262666940689087,0.06653565913438797,0.2911350727081299,0.9992654919624329
side_person17.mp4,side,326,10867,30.0,848,478,15,left_wrist,0.3135543763637543,0.54289311170578,-0.33863309025764465,0.9853704571723938,0.9956231713294983
side_person17.mp4,side,326,10867,30.0,848,478,16,right_wrist,0.34149622917175293,0.5394407510757446,-0.020457180216908455,0.4882873296737671,0.9962284564971924
side_person17.mp4,side,326,10867,30.0,848,478,17,left_pinky,0.29064953327178955,0.539268970489502,-0.38842934370040894,0.9780967235565186,0.991485059261322
side_person17.mp4,side,326,10867,30.0,848,478,18,right_pinky,0.3299051821231842,0.5310523509979248,-0.031108982861042023,0.5287973880767822,0.9939602613449097
side_person17.mp4,side,326,10867,30.0,848,478,19,left_index,0.3055015504360199,0.5239945650100708,-0.36644479632377625,0.9763970971107483,0.9915384650230408
side_person17.mp4,side,326,10867,30.0,848,478,20,right_index,0.32807230949401855,0.5287372469902039,-0.06457263231277466,0.5443018078804016,0.9929159879684448
side_person17.mp4,side,326,10867,30.0,848,478,21,left_thumb,0.3085228502750397,0.5340379476547241,-0.33327776193618774,0.9613772630691528,0.992838442325592
side_person17.mp4,side,326,10867,30.0,848,478,22,right_thumb,0.3303984999656677,0.5320330262184143,-0.038862645626068115,0.568249523639679,0.9943253397941589
side_person17.mp4,side,326,10867,30.0,848,478,23,left_hip,0.562766969203949,0.6957215070724487,-0.10110174119472504,0.9993528723716736,0.9990542531013489
side_person17.mp4,side,326,10867,30.0,848,478,24,right_hip,0.5464231371879578,0.6734792590141296,0.10116356611251831,0.9988433122634888,0.9993496537208557
side_person17.mp4,side,326,10867,30.0,848,478,25,left_knee,0.45294609665870667,0.7542619705200195,-0.10733960568904877,0.906752347946167,0.9986163377761841
side_person17.mp4,side,326,10867,30.0,848,478,26,right_knee,0.4513928294181824,0.7179571390151978,0.11388064175844193,0.2532491683959961,0.9984241724014282
side_person17.mp4,side,326,10867,30.0,848,478,27,left_ankle,0.5011318922042847,0.9030587673187256,0.03769223019480705,0.8684836626052856,0.9963067770004272
side_person17.mp4,side,326,10867,30.0,848,478,28,right_ankle,0.5002458691596985,0.8715453147888184,0.25858044624328613,0.290793240070343,0.9976075887680054
side_person17.mp4,side,326,10867,30.0,848,478,29,left_heel,0.5170724391937256,0.9238303303718567,0.053387150168418884,0.8465913534164429,0.996687114238739
side_person17.mp4,side,326,10867,30.0,848,478,30,right_heel,0.5130776166915894,0.8988631963729858,0.272708922624588,0.4552777409553528,0.9977643489837646
side_person17.mp4,side,326,10867,30.0,848,478,31,left_foot_index,0.46204620599746704,0.9293326139450073,0.05661872774362564,0.8174294233322144,0.9950122237205505
side_person17.mp4,side,326,10867,30.0,848,478,32,right_foot_index,0.46527373790740967,0.9158384203910828,0.2731376588344574,0.42119258642196655,0.9966496825218201
side_person17.mp4,side,327,10900,30.0,848,478,0,nose,0.4346667230129242,0.44235163927078247,-0.10288654267787933,0.9986669421195984,0.9978949427604675
side_person17.mp4,side,327,10900,30.0,848,478,1,left_eye_inner,0.43512916564941406,0.4239770174026489,-0.12504947185516357,0.9988308548927307,0.9979793429374695
side_person17.mp4,side,327,10900,30.0,848,478,2,left_eye,0.43626993894577026,0.4227460026741028,-0.12505853176116943,0.9989277720451355,0.9980121850967407
side_person17.mp4,side,327,10900,30.0,848,478,3,left_eye_outer,0.4375055730342865,0.4213264584541321,-0.1250981092453003,0.9991498589515686,0.9980646967887878
side_person17.mp4,side,327,10900,30.0,848,478,4,right_eye_inner,0.43466833233833313,0.42351534962654114,-0.09161137044429779,0.9982942342758179,0.9980462789535522
side_person17.mp4,side,327,10900,30.0,848,478,5,right_eye,0.43547195196151733,0.42190632224082947,-0.09163044393062592,0.9982877373695374,0.998063862323761
side_person17.mp4,side,327,10900,30.0,848,478,6,right_eye_outer,0.4364350736141205,0.4201602041721344,-0.09164015203714371,0.9987277388572693,0.9981176853179932
side_person17.mp4,side,327,10900,30.0,848,478,7,left_ear,0.4515606760978699,0.41639891266822815,-0.17484065890312195,0.9976396560668945,0.9973303079605103
side_person17.mp4,side,327,10900,30.0,848,478,8,right_ear,0.4503844976425171,0.4145142436027527,-0.02532699890434742,0.9984206557273865,0.9976580142974854
side_person17.mp4,side,327,10900,30.0,848,478,9,mouth_left,0.4430133104324341,0.45389196276664734,-0.118838369846344,0.9976495504379272,0.9978493452072144
side_person17.mp4,side,327,10900,30.0,848,478,10,mouth_right,0.44272688031196594,0.4539126455783844,-0.07505150139331818,0.9970365762710571,0.9979343414306641
side_person17.mp4,side,327,10900,30.0,848,478,11,left_shoulder,0.4791474938392639,0.48663803935050964,-0.2532784938812256,0.9987678527832031,0.9965434670448303
side_person17.mp4,side,327,10900,30.0,848,478,12,right_shoulder,0.4773341715335846,0.4811137914657593,0.07466599345207214,0.9971732497215271,0.9980149269104004
side_person17.mp4,side,327,10900,30.0,848,478,13,left_elbow,0.39934036135673523,0.5233152508735657,-0.3331654667854309,0.9843710064888,0.9989153146743774
side_person17.mp4,side,327,10900,30.0,848,478,14,right_elbow,0.404812216758728,0.5136592388153076,0.10561392456293106,0.2918422520160675,0.9992546439170837
side_person17.mp4,side,327,10900,30.0,848,478,15,left_wrist,0.3140164911746979,0.5251461267471313,-0.3107932209968567,0.9853209257125854,0.9959228038787842
side_person17.mp4,side,327,10900,30.0,848,478,16,right_wrist,0.34161972999572754,0.5268211364746094,0.018822016194462776,0.4802137315273285,0.9965614676475525
side_person17.mp4,side,327,10900,30.0,848,478,17,left_pinky,0.2921099066734314,0.5234243869781494,-0.3561059534549713,0.9781234264373779,0.99277663230896
side_person17.mp4,side,327,10900,30.0,848,478,18,right_pinky,0.3301280736923218,0.5213419198989868,0.010890775360167027,0.5212259888648987,0.994550883769989
side_person17.mp4,side,327,10900,30.0,848,478,19,left_index,0.3057147264480591,0.5028505921363831,-0.3332679569721222,0.9763864278793335,0.9925520420074463
side_person17.mp4,side,327,10900,30.0,848,478,20,right_index,0.3281315565109253,0.5186408162117004,-0.021761363372206688,0.5363460779190063,0.9937559366226196
side_person17.mp4,side,327,10900,30.0,848,478,21,left_thumb,0.3077123165130615,0.5184382200241089,-0.3039630651473999,0.9614574313163757,0.9936280250549316
side_person17.mp4,side,327,10900,30.0,848,478,22,right_thumb,0.33040139079093933,0.5209486484527588,0.0005682754563167691,0.5609619617462158,0.9949592351913452
side_person17.mp4,side,327,10900,30.0,848,478,23,left_hip,0.5627805590629578,0.6791319847106934,-0.10392111539840698,0.9993011355400085,0.998816728591919
side_person17.mp4,side,327,10900,30.0,848,478,24,right_hip,0.546533465385437,0.6598727703094482,0.10398591309785843,0.9987773895263672,0.9991744160652161
side_person17.mp4,side,327,10900,30.0,848,478,25,left_knee,0.45421934127807617,0.7518019676208496,-0.10904201120138168,0.9079703092575073,0.9986544847488403
side_person17.mp4,side,327,10900,30.0,848,478,26,right_knee,0.45220237970352173,0.7177199125289917,0.11516143381595612,0.25531893968582153,0.9985072016716003
side_person17.mp4,side,327,10900,30.0,848,478,27,left_ankle,0.500731348991394,0.903841495513916,0.028627624735236168,0.8763672113418579,0.9966803789138794
side_person17.mp4,side,327,10900,30.0,848,478,28,right_ankle,0.5000527501106262,0.8740044236183167,0.2507234215736389,0.29568159580230713,0.9981278777122498
side_person17.mp4,side,327,10900,30.0,848,478,29,left_heel,0.5146816968917847,0.9238347411155701,0.04338091239333153,0.8555595874786377,0.9968948364257812
side_person17.mp4,side,327,10900,30.0,848,478,30,right_heel,0.5129091143608093,0.9035643935203552,0.2638377547264099,0.4633655548095703,0.9981924891471863
side_person17.mp4,side,327,10900,30.0,848,478,31,left_foot_index,0.46206215023994446,0.9303928017616272,0.040471453219652176,0.8274786472320557,0.9955085515975952
side_person17.mp4,side,327,10900,30.0,848,478,32,right_foot_index,0.4649490416049957,0.9183641672134399,0.2591624855995178,0.42743900418281555,0.9973799586296082
side_person17.mp4,side,328,10933,30.0,848,478,0,nose,0.43484899401664734,0.4206155836582184,-0.10889958590269089,0.9986635446548462,0.9968478083610535
side_person17.mp4,side,328,10933,30.0,848,478,1,left_eye_inner,0.43550392985343933,0.40300753712654114,-0.13075155019760132,0.998794436454773,0.9968494772911072
side_person17.mp4,side,328,10933,30.0,848,478,2,left_eye,0.436589777469635,0.4018508791923523,-0.13076019287109375,0.9988872408866882,0.9968425035476685
side_person17.mp4,side,328,10933,30.0,848,478,3,left_eye_outer,0.43777957558631897,0.4005874693393707,-0.13080409169197083,0.9991210103034973,0.9968331456184387
side_person17.mp4,side,328,10933,30.0,848,478,4,right_eye_inner,0.4352133274078369,0.4024795889854431,-0.09731721132993698,0.9982761144638062,0.9970851540565491
side_person17.mp4,side,328,10933,30.0,848,478,5,right_eye,0.4360980987548828,0.4009576141834259,-0.0973428264260292,0.9982694983482361,0.9971619844436646
side_person17.mp4,side,328,10933,30.0,848,478,6,right_eye_outer,0.43715882301330566,0.3992583751678467,-0.09735069423913956,0.9987225532531738,0.9972476363182068
side_person17.mp4,side,328,10933,30.0,848,478,7,left_ear,0.45169273018836975,0.39645475149154663,-0.18028457462787628,0.997535765171051,0.9955723285675049
side_person17.mp4,side,328,10933,30.0,848,478,8,right_ear,0.4508749544620514,0.3944780230522156,-0.030306201428174973,0.9983831644058228,0.9965435862541199
side_person17.mp4,side,328,10933,30.0,848,478,9,mouth_left,0.443260133266449,0.43357053399086,-0.12485439330339432,0.9976106882095337,0.9964284300804138
side_person17.mp4,side,328,10933,30.0,848,478,10,mouth_right,0.4430658221244812,0.43341711163520813,-0.08107256144285202,0.9969363212585449,0.9966199398040771
side_person17.mp4,side,328,10933,30.0,848,478,11,left_shoulder,0.4792408347129822,0.46639084815979004,-0.2543810307979584,0.9986041784286499,0.9925836324691772
side_person17.mp4,side,328,10933,30.0,848,478,12,right_shoulder,0.47792091965675354,0.4605942368507385,0.06935963034629822,0.99692302942276,0.9964549541473389
side_person17.mp4,side,328,10933,30.0,848,478,13,left_elbow,0.40245524048805237,0.5054004192352295,-0.33217549324035645,0.9842846393585205,0.9976212382316589
side_person17.mp4,side,328,10933,30.0,848,478,14,right_elbow,0.40455299615859985,0.4963952302932739,0.10005088895559311,0.2961043417453766,0.9988774657249451
side_person17.mp4,side,328,10933,30.0,848,478,15,left_wrist,0.3243390619754791,0.5066602230072021,-0.28590908646583557,0.9845021963119507,0.99367356300354
side_person17.mp4,side,328,10933,30.0,848,478,16,right_wrist,0.339524507522583,0.5054755210876465,0.014941450208425522,0.4711798429489136,0.9942559599876404
side_person17.mp4,side,328,10933,30.0,848,478,17,left_pinky,0.3044043183326721,0.5065119862556458,-0.3271850645542145,0.9769706130027771,0.9897105097770691
side_person17.mp4,side,328,10933,30.0,848,478,18,right_pinky,0.325316458940506,0.5027236938476562,0.006385497748851776,0.5117849111557007,0.9907208681106567
side_person17.mp4,side,328,10933,30.0,848,478,19,left_index,0.3105061650276184,0.49651890993118286,-0.30827203392982483,0.9751580357551575,0.9896321296691895
side_person17.mp4,side,328,10933,30.0,848,478,20,right_index,0.3219822347164154,0.5001039505004883,-0.025839636102318764,0.5270297527313232,0.9894446730613708
side_person17.mp4,side,328,10933,30.0,848,478,21,left_thumb,0.3132811486721039,0.5008006691932678,-0.27975502610206604,0.9599055051803589,0.9908772110939026
side_person17.mp4,side,328,10933,30.0,848,478,22,right_thumb,0.324261337518692,0.5024052858352661,-0.0032507379073649645,0.5528711676597595,0.9913130402565002
side_person17.mp4,side,328,10933,30.0,848,478,23,left_hip,0.5627355575561523,0.6601142287254333,-0.10597296804189682,0.9991431832313538,0.9977242350578308
side_person17.mp4,side,328,10933,30.0,848,478,24,right_hip,0.5465360283851624,0.6443941593170166,0.10604912042617798,0.9986147880554199,0.9985803365707397
side_person17.mp4,side,328,10933,30.0,848,478,25,left_knee,0.4569764733314514,0.7503498792648315,-0.10846193879842758,0.9090201258659363,0.9976957440376282
side_person17.mp4,side,328,10933,30.0,848,478,26,right_knee,0.45287024974823,0.7175713181495667,0.11128832399845123,0.26371151208877563,0.9975385665893555
side_person17.mp4,side,328,10933,30.0,848,478,27,left_ankle,0.5011104345321655,0.9045985341072083,0.03318861126899719,0.8831971883773804,0.9947985410690308
side_person17.mp4,side,328,10933,30.0,848,478,28,right_ankle,0.5000319480895996,0.8776119947433472,0.25302135944366455,0.3022134006023407,0.997281551361084
side_person17.mp4,side,328,10933,30.0,848,478,29,left_heel,0.5147507786750793,0.9245722889900208,0.048290591686964035,0.8630261421203613,0.9951862692832947
side_person17.mp4,side,328,10933,30.0,848,478,30,right_heel,0.5128603577613831,0.9050332903862,0.2667193114757538,0.47045737504959106,0.9973400235176086
side_person17.mp4,side,328,10933,30.0,848,478,31,left_foot_index,0.4626041352748871,0.9310764670372009,0.04065101966261864,0.836193323135376,0.9931038022041321
side_person17.mp4,side,328,10933,30.0,848,478,32,right_foot_index,0.4649645984172821,0.9196744561195374,0.2583855092525482,0.43266719579696655,0.9962377548217773
side_person17.mp4,side,329,10967,30.0,848,478,0,nose,0.4350610375404358,0.39496955275535583,-0.10433220118284225,0.9986962080001831,0.9966526627540588
side_person17.mp4,side,329,10967,30.0,848,478,1,left_eye_inner,0.4358486235141754,0.37785667181015015,-0.12496332824230194,0.9987976551055908,0.9965884685516357
side_person17.mp4,side,329,10967,30.0,848,478,2,left_eye,0.43695923686027527,0.3766501545906067,-0.12498129904270172,0.9988871812820435,0.9965713024139404
side_person17.mp4,side,329,10967,30.0,848,478,3,left_eye_outer,0.4381377100944519,0.37547147274017334,-0.12502291798591614,0.9991258382797241,0.9965914487838745
side_person17.mp4,side,329,10967,30.0,848,478,4,right_eye_inner,0.43565633893013,0.3775339722633362,-0.09266331791877747,0.9983029961585999,0.9966811537742615
side_person17.mp4,side,329,10967,30.0,848,478,5,right_eye,0.43663662672042847,0.37609463930130005,-0.09269504994153976,0.9982978105545044,0.9966734647750854
side_person17.mp4,side,329,10967,30.0,848,478,6,right_eye_outer,0.4377572536468506,0.3746275305747986,-0.09271322935819626,0.9987455010414124,0.9966263771057129
side_person17.mp4,side,329,10967,30.0,848,478,7,left_ear,0.4521489143371582,0.3718567192554474,-0.1721937656402588,0.9975202083587646,0.9953640699386597
side_person17.mp4,side,329,10967,30.0,848,478,8,right_ear,0.45161670446395874,0.3702573776245117,-0.02805734984576702,0.998403012752533,0.9956485629081726
side_person17.mp4,side,329,10967,30.0,848,478,9,mouth_left,0.44355225563049316,0.40690845251083374,-0.11957997828722,0.9976372122764587,0.9959698915481567
side_person17.mp4,side,329,10967,30.0,848,478,10,mouth_right,0.44337525963783264,0.40681830048561096,-0.0773613303899765,0.9968831539154053,0.9957709908485413
side_person17.mp4,side,329,10967,30.0,848,478,11,left_shoulder,0.48034870624542236,0.44295719265937805,-0.2501716911792755,0.9984740018844604,0.9915135502815247
side_person17.mp4,side,329,10967,30.0,848,478,12,right_shoulder,0.4795198142528534,0.4384693503379822,0.0685783252120018,0.9964425563812256,0.993259847164154
side_person17.mp4,side,329,10967,30.0,848,478,13,left_elbow,0.40364930033683777,0.48353448510169983,-0.32235026359558105,0.9839739203453064,0.9977553486824036
side_person17.mp4,side,329,10967,30.0,848,478,14,right_elbow,0.40493443608283997,0.47945308685302734,0.09638208150863647,0.29082629084587097,0.9979978203773499
side_person17.mp4,side,329,10967,30.0,848,478,15,left_wrist,0.3227112293243408,0.4844350516796112,-0.2869999408721924,0.9837489128112793,0.9927887320518494
side_person17.mp4,side,329,10967,30.0,848,478,16,right_wrist,0.3314671516418457,0.4863576292991638,0.011111628264188766,0.45058006048202515,0.9882919192314148
side_person17.mp4,side,329,10967,30.0,848,478,17,left_pinky,0.3066970407962799,0.47403180599212646,-0.32957178354263306,0.9760349988937378,0.9877867102622986
side_person17.mp4,side,329,10967,30.0,848,478,18,right_pinky,0.3207525312900543,0.4814089238643646,0.0026343483477830887,0.4906512498855591,0.9831557273864746
side_person17.mp4,side,329,10967,30.0,848,478,19,left_index,0.3113119602203369,0.4625212550163269,-0.30962997674942017,0.9741543531417847,0.987727165222168
side_person17.mp4,side,329,10967,30.0,848,478,20,right_index,0.31806692481040955,0.4788495600223541,-0.029467960819602013,0.5054171085357666,0.9808163046836853
side_person17.mp4,side,329,10967,30.0,848,478,21,left_thumb,0.31658828258514404,0.4696890413761139,-0.2809923589229584,0.9586257934570312,0.9892465472221375
side_person17.mp4,side,329,10967,30.0,848,478,22,right_thumb,0.317327082157135,0.4836193919181824,-0.007008040323853493,0.5320548415184021,0.983620285987854
side_person17.mp4,side,329,10967,30.0,848,478,23,left_hip,0.563318133354187,0.6424651741981506,-0.10534901171922684,0.9990239143371582,0.9975541234016418
side_person17.mp4,side,329,10967,30.0,848,478,24,right_hip,0.5466513633728027,0.6271704435348511,0.10542456060647964,0.9984384179115295,0.9981998205184937
side_person17.mp4,side,329,10967,30.0,848,478,25,left_knee,0.46460098028182983,0.7497585415840149,-0.09674131870269775,0.9116248488426208,0.9977568984031677
side_person17.mp4,side,329,10967,30.0,848,478,26,right_knee,0.4551387429237366,0.7136831283569336,0.10225486010313034,0.2754415273666382,0.9975854158401489
side_person17.mp4,side,329,10967,30.0,848,478,27,left_ankle,0.5011420845985413,0.9053155183792114,0.03819936513900757,0.890474259853363,0.9938650727272034
side_person17.mp4,side,329,10967,30.0,848,478,28,right_ankle,0.4999125599861145,0.8802633881568909,0.24825122952461243,0.31468465924263,0.9979376792907715
side_person17.mp4,side,329,10967,30.0,848,478,29,left_heel,0.515350341796875,0.9267281889915466,0.052167702466249466,0.8706477284431458,0.9938642978668213
side_person17.mp4,side,329,10967,30.0,848,478,30,right_heel,0.5126134157180786,0.9053964018821716,0.2626427114009857,0.4827728271484375,0.9977627992630005
side_person17.mp4,side,329,10967,30.0,848,478,31,left_foot_index,0.4624679982662201,0.9315882921218872,0.035842202603816986,0.8454158306121826,0.9915487766265869
side_person17.mp4,side,329,10967,30.0,848,478,32,right_foot_index,0.4637843072414398,0.9187433123588562,0.2514663338661194,0.4434991478919983,0.9967347979545593
side_person17.mp4,side,330,11000,30.0,848,478,0,nose,0.4352160394191742,0.3721507489681244,-0.09729200601577759,0.998728334903717,0.9970018267631531
side_person17.mp4,side,330,11000,30.0,848,478,1,left_eye_inner,0.43605878949165344,0.3551350235939026,-0.11800567060709,0.9988071322441101,0.9968627691268921
side_person17.mp4,side,330,11000,30.0,848,478,2,left_eye,0.4371725916862488,0.3538700044155121,-0.11804208159446716,0.9988948106765747,0.996863603591919
side_person17.mp4,side,330,11000,30.0,848,478,3,left_eye_outer,0.4383572041988373,0.35256877541542053,-0.11809103190898895,0.9991379976272583,0.9968942403793335
side_person17.mp4,side,330,11000,30.0,848,478,4,right_eye_inner,0.4359368085861206,0.35503894090652466,-0.08586405217647552,0.9983406066894531,0.9968711733818054
side_person17.mp4,side,330,11000,30.0,848,478,5,right_eye,0.43695539236068726,0.3536803126335144,-0.08589225262403488,0.9983329772949219,0.9968218803405762
side_person17.mp4,side,330,11000,30.0,848,478,6,right_eye_outer,0.43810686469078064,0.3522036373615265,-0.08591513335704803,0.9987652897834778,0.9967290163040161
side_person17.mp4,side,330,11000,30.0,848,478,7,left_ear,0.4527409076690674,0.34853479266166687,-0.1655854880809784,0.9975467920303345,0.9959661960601807
side_person17.mp4,side,330,11000,30.0,848,478,8,right_ear,0.4522809386253357,0.3472249209880829,-0.022762319073081017,0.9984262585639954,0.9959776997566223
side_person17.mp4,side,330,11000,30.0,848,478,9,mouth_left,0.44370386004447937,0.38355857133865356,-0.11219760775566101,0.9976814389228821,0.9963158965110779
side_person17.mp4,side,330,11000,30.0,848,478,10,mouth_right,0.44356757402420044,0.3836649954319,-0.07037577778100967,0.9968568086624146,0.9959917664527893
side_person17.mp4,side,330,11000,30.0,848,478,11,left_shoulder,0.48050087690353394,0.42329084873199463,-0.24711452424526215,0.9984443187713623,0.993382453918457
side_person17.mp4,side,330,11000,30.0,848,478,12,right_shoulder,0.4819718599319458,0.41761112213134766,0.07867299020290375,0.9961267709732056,0.9939139485359192
side_person17.mp4,side,330,11000,30.0,848,478,13,left_elbow,0.40349099040031433,0.46510443091392517,-0.30991142988204956,0.9838220477104187,0.9982497096061707
side_person17.mp4,side,330,11000,30.0,848,478,14,right_elbow,0.40746772289276123,0.462333619594574,0.10377585142850876,0.28193190693855286,0.9985017776489258
side_person17.mp4,side,330,11000,30.0,848,478,15,left_wrist,0.32141315937042236,0.4623367488384247,-0.26937687397003174,0.9832935929298401,0.9951891899108887
side_person17.mp4,side,330,11000,30.0,848,478,16,right_wrist,0.33203431963920593,0.4626961052417755,0.029356252402067184,0.43010473251342773,0.9917860627174377
side_person17.mp4,side,330,11000,30.0,848,478,17,left_pinky,0.3054746091365814,0.4591889977455139,-0.31075578927993774,0.9754437208175659,0.9918851852416992
side_person17.mp4,side,330,11000,30.0,848,478,18,right_pinky,0.3215947449207306,0.45865198969841003,0.02330666035413742,0.4687117636203766,0.9884342551231384
side_person17.mp4,side,330,11000,30.0,848,478,19,left_index,0.30759599804878235,0.4498205780982971,-0.2917644679546356,0.9735088348388672,0.9918436408042908
side_person17.mp4,side,330,11000,30.0,848,478,20,right_index,0.3190730810165405,0.45531734824180603,-0.006552834529429674,0.4829068183898926,0.9865596294403076
side_person17.mp4,side,330,11000,30.0,848,478,21,left_thumb,0.3126905560493469,0.4530045688152313,-0.2633609175682068,0.9578098654747009,0.9929999113082886
side_person17.mp4,side,330,11000,30.0,848,478,22,right_thumb,0.319227933883667,0.4594780206680298,0.012251698412001133,0.5097439289093018,0.9887775778770447
side_person17.mp4,side,330,11000,30.0,848,478,23,left_hip,0.5635045170783997,0.6238471865653992,-0.1049601286649704,0.9990067481994629,0.9984377026557922
side_person17.mp4,side,330,11000,30.0,848,478,24,right_hip,0.5470489859580994,0.6102692484855652,0.10503453761339188,0.9984208345413208,0.9987971782684326
side_person17.mp4,side,330,11000,30.0,848,478,25,left_knee,0.47241488099098206,0.7499222159385681,-0.07322048395872116,0.914848268032074,0.9977509379386902
side_person17.mp4,side,330,11000,30.0,848,478,26,right_knee,0.45815756916999817,0.7063500285148621,0.11010147631168365,0.2968006134033203,0.998030960559845
side_person17.mp4,side,330,11000,30.0,848,478,27,left_ankle,0.5010687112808228,0.9060615301132202,0.05192555859684944,0.8967967629432678,0.993674635887146
side_person17.mp4,side,330,11000,30.0,848,478,28,right_ankle,0.4996914863586426,0.8790905475616455,0.2528102695941925,0.33483394980430603,0.998407781124115
side_person17.mp4,side,330,11000,30.0,848,478,29,left_heel,0.5148961544036865,0.9277503490447998,0.06242571398615837,0.8771974444389343,0.9932437539100647
side_person17.mp4,side,330,11000,30.0,848,478,30,right_heel,0.511654794216156,0.9062064290046692,0.267168790102005,0.5011935234069824,0.9980767965316772
side_person17.mp4,side,330,11000,30.0,848,478,31,left_foot_index,0.460766077041626,0.9316331744194031,0.047929126769304276,0.8538346886634827,0.9917114973068237
side_person17.mp4,side,330,11000,30.0,848,478,32,right_foot_index,0.46157190203666687,0.9179894328117371,0.2554458677768707,0.4610239863395691,0.9972898960113525
side_person17.mp4,side,331,11033,30.0,848,478,0,nose,0.43580031394958496,0.351764440536499,-0.05875605344772339,0.9987327456474304,0.9974658489227295
side_person17.mp4,side,331,11033,30.0,848,478,1,left_eye_inner,0.436455100774765,0.3339260518550873,-0.0801226794719696,0.99879390001297,0.9974938631057739
side_person17.mp4,side,331,11033,30.0,848,478,2,left_eye,0.4375816881656647,0.33250555396080017,-0.08018739521503448,0.9988825917243958,0.9975103139877319
side_person17.mp4,side,331,11033,30.0,848,478,3,left_eye_outer,0.438804566860199,0.33103862404823303,-0.08024441450834274,0.9991405606269836,0.9975597858428955
side_person17.mp4,side,331,11033,30.0,848,478,4,right_eye_inner,0.43640032410621643,0.3339233100414276,-0.04678413271903992,0.998360276222229,0.9974954724311829
side_person17.mp4,side,331,11033,30.0,848,478,5,right_eye,0.4374661445617676,0.33245643973350525,-0.04678843542933464,0.9983474612236023,0.9974541068077087
side_person17.mp4,side,331,11033,30.0,848,478,6,right_eye_outer,0.4386771321296692,0.33085203170776367,-0.04680225998163223,0.9987710118293762,0.9974009990692139
side_person17.mp4,side,331,11033,30.0,848,478,7,left_ear,0.4538997709751129,0.326447993516922,-0.131487637758255,0.9975672960281372,0.9970692992210388
side_person17.mp4,side,331,11033,30.0,848,478,8,right_ear,0.45351821184158325,0.3253999352455139,0.016657665371894836,0.9984387755393982,0.996996283531189
side_person17.mp4,side,331,11033,30.0,848,478,9,mouth_left,0.444440096616745,0.3638373017311096,-0.07456020265817642,0.9977020025253296,0.9971032738685608
side_person17.mp4,side,331,11033,30.0,848,478,10,mouth_right,0.4443097710609436,0.36444512009620667,-0.03125454857945442,0.9967831373214722,0.9967811107635498
side_person17.mp4,side,331,11033,30.0,848,478,11,left_shoulder,0.48082056641578674,0.3982900381088257,-0.22001858055591583,0.9984915852546692,0.9957737326622009
side_person17.mp4,side,331,11033,30.0,848,478,12,right_shoulder,0.48392102122306824,0.40133020281791687,0.12476811558008194,0.9959929585456848,0.9946375489234924
side_person17.mp4,side,331,11033,30.0,848,478,13,left_elbow,0.40337586402893066,0.43746864795684814,-0.27948856353759766,0.9840344786643982,0.998996913433075
side_person17.mp4,side,331,11033,30.0,848,478,14,right_elbow,0.4141373038291931,0.44382548332214355,0.16578568518161774,0.2698267102241516,0.9987521171569824
side_person17.mp4,side,331,11033,30.0,848,478,15,left_wrist,0.32130733132362366,0.43723052740097046,-0.23147323727607727,0.9835686087608337,0.9965613484382629
side_person17.mp4,side,331,11033,30.0,848,478,16,right_wrist,0.35562723875045776,0.4518406391143799,0.10637279599905014,0.40965116024017334,0.995296061038971
side_person17.mp4,side,331,11033,30.0,848,478,17,left_pinky,0.30300572514533997,0.43623343110084534,-0.27159497141838074,0.9758711457252502,0.9939010143280029
side_person17.mp4,side,331,11033,30.0,848,478,18,right_pinky,0.34465959668159485,0.4354493319988251,0.10576067119836807,0.44649648666381836,0.9935091137886047
side_person17.mp4,side,331,11033,30.0,848,478,19,left_index,0.3027177155017853,0.42761266231536865,-0.24928489327430725,0.9739044904708862,0.9937471151351929
side_person17.mp4,side,331,11033,30.0,848,478,20,right_index,0.34246763586997986,0.43231144547462463,0.07622215151786804,0.4597890079021454,0.9925145506858826
side_person17.mp4,side,331,11033,30.0,848,478,21,left_thumb,0.310550719499588,0.42895427346229553,-0.2236245721578598,0.958383321762085,0.9947882890701294
side_person17.mp4,side,331,11033,30.0,848,478,22,right_thumb,0.34426337480545044,0.4423303008079529,0.09000002592802048,0.48646774888038635,0.9937259554862976
side_person17.mp4,side,331,11033,30.0,848,478,23,left_hip,0.563549816608429,0.6100722551345825,-0.10509766638278961,0.999038815498352,0.9991458654403687
side_person17.mp4,side,331,11033,30.0,848,478,24,right_hip,0.5479050874710083,0.5992183685302734,0.10517983138561249,0.9984435439109802,0.9990553259849548
side_person17.mp4,side,331,11033,30.0,848,478,25,left_knee,0.4780592918395996,0.749937117099762,-0.05671383813023567,0.9171940684318542,0.9979954957962036
side_person17.mp4,side,331,11033,30.0,848,478,26,right_knee,0.46406683325767517,0.6995248198509216,0.11847620457410812,0.3173840045928955,0.9978746175765991
side_person17.mp4,side,331,11033,30.0,848,478,27,left_ankle,0.5008763074874878,0.9074933528900146,0.07261991500854492,0.9010441303253174,0.9936245679855347
side_person17.mp4,side,331,11033,30.0,848,478,28,right_ankle,0.49967944622039795,0.8775537014007568,0.2616043984889984,0.3528570234775543,0.9983454942703247
side_person17.mp4,side,331,11033,30.0,848,478,29,left_heel,0.5136414766311646,0.9286567568778992,0.084354929625988,0.8814040422439575,0.9928572177886963
side_person17.mp4,side,331,11033,30.0,848,478,30,right_heel,0.511658251285553,0.905332624912262,0.27594003081321716,0.5162301063537598,0.9979591369628906
side_person17.mp4,side,331,11033,30.0,848,478,31,left_foot_index,0.46033599972724915,0.9313831329345703,0.056420039385557175,0.8598658442497253,0.9922622442245483
side_person17.mp4,side,331,11033,30.0,848,478,32,right_foot_index,0.4613094925880432,0.916804850101471,0.2647447884082794,0.4780028760433197,0.9974693059921265
side_person17.mp4,side,332,11067,30.0,848,478,0,nose,0.43638575077056885,0.3278651833534241,-0.036963991820812225,0.998742938041687,0.9969950914382935
side_person17.mp4,side,332,11067,30.0,848,478,1,left_eye_inner,0.436968058347702,0.30889517068862915,-0.0589015856385231,0.9987863898277283,0.9967446327209473
side_person17.mp4,side,332,11067,30.0,848,478,2,left_eye,0.43813127279281616,0.3072246015071869,-0.05895313248038292,0.9988682270050049,0.9966777563095093
side_person17.mp4,side,332,11067,30.0,848,478,3,left_eye_outer,0.4394843578338623,0.3055887818336487,-0.05899745225906372,0.9991394281387329,0.9965745210647583
side_person17.mp4,side,332,11067,30.0,848,478,4,right_eye_inner,0.4369269013404846,0.3090280592441559,-0.02503507398068905,0.9983856081962585,0.9969701766967773
side_person17.mp4,side,332,11067,30.0,848,478,5,right_eye,0.438031405210495,0.307386577129364,-0.025045063346624374,0.9983643293380737,0.9969723224639893
side_person17.mp4,side,332,11067,30.0,848,478,6,right_eye_outer,0.43937990069389343,0.30564218759536743,-0.025072889402508736,0.998785674571991,0.9969257712364197
side_person17.mp4,side,332,11067,30.0,848,478,7,left_ear,0.4552564322948456,0.3014461100101471,-0.11199743300676346,0.9975942373275757,0.9957746863365173
side_person17.mp4,side,332,11067,30.0,848,478,8,right_ear,0.4551922380924225,0.30100956559181213,0.038368090987205505,0.9984549283981323,0.9963991641998291
side_person17.mp4,side,332,11067,30.0,848,478,9,mouth_left,0.4450414776802063,0.3398173153400421,-0.05349493399262428,0.9976849555969238,0.995877742767334
side_person17.mp4,side,332,11067,30.0,848,478,10,mouth_right,0.4449683129787445,0.3402962386608124,-0.009531916119158268,0.9966947436332703,0.9956771731376648
side_person17.mp4,side,332,11067,30.0,848,478,11,left_shoulder,0.48156142234802246,0.37578538060188293,-0.2044103741645813,0.998481273651123,0.9926154613494873
side_person17.mp4,side,332,11067,30.0,848,478,12,right_shoulder,0.48712676763534546,0.3775014877319336,0.14625173807144165,0.9958133697509766,0.9916614294052124
side_person17.mp4,side,332,11067,30.0,848,478,13,left_elbow,0.4036746025085449,0.41394099593162537,-0.264720618724823,0.9837870001792908,0.9983959794044495
side_person17.mp4,side,332,11067,30.0,848,478,14,right_elbow,0.4176783561706543,0.4211280345916748,0.18181031942367554,0.25774145126342773,0.9984259605407715
side_person17.mp4,side,332,11067,30.0,848,478,15,left_wrist,0.3234935998916626,0.4153030514717102,-0.21100619435310364,0.9830435514450073,0.9945224523544312
side_person17.mp4,side,332,11067,30.0,848,478,16,right_wrist,0.35991033911705017,0.4314589500427246,0.11736493557691574,0.39067208766937256,0.9935182929039001
side_person17.mp4,side,332,11067,30.0,848,478,17,left_pinky,0.3039015531539917,0.41366299986839294,-0.24848473072052002,0.9752606749534607,0.9906638860702515
side_person17.mp4,side,332,11067,30.0,848,478,18,right_pinky,0.3483293056488037,0.41394445300102234,0.11816119402647018,0.4254920780658722,0.9908531308174133
side_person17.mp4,side,332,11067,30.0,848,478,19,left_index,0.3041088581085205,0.40615394711494446,-0.22514985501766205,0.973146915435791,0.990243136882782
side_person17.mp4,side,332,11067,30.0,848,478,20,right_index,0.34585699439048767,0.41053807735443115,0.08829927444458008,0.43796679377555847,0.9894391894340515
side_person17.mp4,side,332,11067,30.0,848,478,21,left_thumb,0.3117510974407196,0.40795332193374634,-0.2022680640220642,0.9574552774429321,0.9918743968009949
side_person17.mp4,side,332,11067,30.0,848,478,22,right_thumb,0.347942054271698,0.42074868083000183,0.10083270817995071,0.4645533859729767,0.9908347129821777
side_person17.mp4,side,332,11067,30.0,848,478,23,left_hip,0.5634384751319885,0.592531681060791,-0.1062019094824791,0.9990139007568359,0.9985478520393372
side_person17.mp4,side,332,11067,30.0,848,478,24,right_hip,0.5489330887794495,0.5860292911529541,0.10628244280815125,0.9984027147293091,0.9984031319618225
side_person17.mp4,side,332,11067,30.0,848,478,25,left_knee,0.4808616638183594,0.7474794983863831,-0.0688069611787796,0.9190353155136108,0.9951006770133972
side_person17.mp4,side,332,11067,30.0,848,478,26,right_knee,0.47089383006095886,0.6985670924186707,0.11464885622262955,0.3302784264087677,0.9954110980033875
side_person17.mp4,side,332,11067,30.0,848,478,27,left_ankle,0.4993278980255127,0.9074955582618713,0.037593040615320206,0.9051591753959656,0.9868739247322083
side_person17.mp4,side,332,11067,30.0,848,478,28,right_ankle,0.4996057450771332,0.8802909851074219,0.22943340241909027,0.3682432770729065,0.995462954044342
side_person17.mp4,side,332,11067,30.0,848,478,29,left_heel,0.5100634694099426,0.9303076267242432,0.04665907099843025,0.8861948251724243,0.9854106903076172
side_person17.mp4,side,332,11067,30.0,848,478,30,right_heel,0.5104705691337585,0.9080227017402649,0.24035698175430298,0.5307940244674683,0.9941135048866272
side_person17.mp4,side,332,11067,30.0,848,478,31,left_foot_index,0.4589717388153076,0.9297753572463989,0.010708805173635483,0.8653632998466492,0.9840997457504272
side_person17.mp4,side,332,11067,30.0,848,478,32,right_foot_index,0.46016553044319153,0.916545033454895,0.21402648091316223,0.4894035756587982,0.993016242980957
side_person17.mp4,side,333,11100,30.0,848,478,0,nose,0.4376394748687744,0.3039877712726593,-0.04479103162884712,0.9987261295318604,0.9952061772346497
side_person17.mp4,side,333,11100,30.0,848,478,1,left_eye_inner,0.4380776882171631,0.28462696075439453,-0.06644513458013535,0.9987512230873108,0.995154619216919
side_person17.mp4,side,333,11100,30.0,848,478,2,left_eye,0.4392646551132202,0.28286609053611755,-0.06649279594421387,0.9988245368003845,0.995172917842865
side_person17.mp4,side,333,11100,30.0,848,478,3,left_eye_outer,0.440636545419693,0.28121355175971985,-0.06653522700071335,0.9991165399551392,0.9951510429382324
side_person17.mp4,side,333,11100,30.0,848,478,4,right_eye_inner,0.43794703483581543,0.28488463163375854,-0.0314633883535862,0.9983729720115662,0.9952974915504456
side_person17.mp4,side,333,11100,30.0,848,478,5,right_eye,0.43899938464164734,0.28323638439178467,-0.03147253394126892,0.9983434677124023,0.9952996969223022
side_person17.mp4,side,333,11100,30.0,848,478,6,right_eye_outer,0.4402845501899719,0.2815818190574646,-0.03150803968310356,0.9987741708755493,0.9952358603477478
side_person17.mp4,side,333,11100,30.0,848,478,7,left_ear,0.456725150346756,0.2771894931793213,-0.11867106705904007,0.9975590109825134,0.9945534467697144
side_person17.mp4,side,333,11100,30.0,848,478,8,right_ear,0.45643287897109985,0.27690789103507996,0.03652795031666756,0.9984216690063477,0.9947201013565063
side_person17.mp4,side,333,11100,30.0,848,478,9,mouth_left,0.44605135917663574,0.31576505303382874,-0.06133969873189926,0.9976211786270142,0.9940937161445618
side_person17.mp4,side,333,11100,30.0,848,478,10,mouth_right,0.4459240436553955,0.31641924381256104,-0.01594916172325611,0.9965553879737854,0.9937055706977844
side_person17.mp4,side,333,11100,30.0,848,478,11,left_shoulder,0.4821751117706299,0.35381558537483215,-0.2123279571533203,0.9984654188156128,0.990437924861908
side_person17.mp4,side,333,11100,30.0,848,478,12,right_shoulder,0.4880982041358948,0.3553529679775238,0.1461888998746872,0.9956059455871582,0.9898057579994202
side_person17.mp4,side,333,11100,30.0,848,478,13,left_elbow,0.40348976850509644,0.3929973244667053,-0.2777198851108551,0.9835885763168335,0.9977129697799683
side_person17.mp4,side,333,11100,30.0,848,478,14,right_elbow,0.4183792173862457,0.39548173546791077,0.17279982566833496,0.24525459110736847,0.9977915287017822
side_person17.mp4,side,333,11100,30.0,848,478,15,left_wrist,0.32331445813179016,0.3917542099952698,-0.23647813498973846,0.9822990298271179,0.992358386516571
side_person17.mp4,side,333,11100,30.0,848,478,16,right_wrist,0.3539014458656311,0.39639854431152344,0.09407291561365128,0.3691684603691101,0.9884318709373474
side_person17.mp4,side,333,11100,30.0,848,478,17,left_pinky,0.3032169044017792,0.3881014287471771,-0.2782965898513794,0.9743863344192505,0.9876975417137146
side_person17.mp4,side,333,11100,30.0,848,478,18,right_pinky,0.3441118896007538,0.39125457406044006,0.0933913141489029,0.40228402614593506,0.9845579266548157
side_person17.mp4,side,333,11100,30.0,848,478,19,left_index,0.3040230870246887,0.3800659477710724,-0.253994345664978,0.9721221923828125,0.9873899221420288
side_person17.mp4,side,333,11100,30.0,848,478,20,right_index,0.34261706471443176,0.3873068392276764,0.06120166555047035,0.4139274060726166,0.9816106557846069
side_person17.mp4,side,333,11100,30.0,848,478,21,left_thumb,0.31081992387771606,0.38296762108802795,-0.2279646396636963,0.955827534198761,0.9891917109489441
side_person17.mp4,side,333,11100,30.0,848,478,22,right_thumb,0.3417470455169678,0.39213183522224426,0.0763753205537796,0.44003498554229736,0.983502209186554
side_person17.mp4,side,333,11100,30.0,848,478,23,left_hip,0.5630764961242676,0.5728309750556946,-0.10922536253929138,0.9989690184593201,0.9985501170158386
side_person17.mp4,side,333,11100,30.0,848,478,24,right_hip,0.5489409565925598,0.5674527883529663,0.10930799692869186,0.9983156323432922,0.9984534978866577
side_person17.mp4,side,333,11100,30.0,848,478,25,left_knee,0.4856063425540924,0.7458631992340088,-0.07113408297300339,0.921444833278656,0.9942580461502075
side_person17.mp4,side,333,11100,30.0,848,478,26,right_knee,0.47600239515304565,0.6989724636077881,0.10996352136135101,0.3369658887386322,0.9942679405212402
side_person17.mp4,side,333,11100,30.0,848,478,27,left_ankle,0.4993896484375,0.9078062176704407,0.01675487868487835,0.9093545079231262,0.9869269728660583
side_person17.mp4,side,333,11100,30.0,848,478,28,right_ankle,0.4995783567428589,0.8875725865364075,0.2208614945411682,0.3792729675769806,0.9946978092193604
side_person17.mp4,side,333,11100,30.0,848,478,29,left_heel,0.5103359222412109,0.9334501028060913,0.025317374616861343,0.8910273909568787,0.9853529334068298
side_person17.mp4,side,333,11100,30.0,848,478,30,right_heel,0.5104765892028809,0.915884792804718,0.23124943673610687,0.5412409901618958,0.9930649399757385
side_person17.mp4,side,333,11100,30.0,848,478,31,left_foot_index,0.45913368463516235,0.9293270111083984,-0.013245903886854649,0.8701390027999878,0.9840859174728394
side_person17.mp4,side,333,11100,30.0,848,478,32,right_foot_index,0.46030193567276,0.9184268712997437,0.19965846836566925,0.49602195620536804,0.9920865893363953
side_person17.mp4,side,334,11133,30.0,848,478,0,nose,0.4397426247596741,0.28031986951828003,-0.0302977804094553,0.99875807762146,0.9971494078636169
side_person17.mp4,side,334,11133,30.0,848,478,1,left_eye_inner,0.4407309889793396,0.26111307740211487,-0.05228159576654434,0.9987611770629883,0.9966532588005066
side_person17.mp4,side,334,11133,30.0,848,478,2,left_eye,0.4420354962348938,0.25928378105163574,-0.05231775715947151,0.998821496963501,0.9964554309844971
side_person17.mp4,side,334,11133,30.0,848,478,3,left_eye_outer,0.44353675842285156,0.2575039863586426,-0.0523475706577301,0.9991201162338257,0.9961591958999634
side_person17.mp4,side,334,11133,30.0,848,478,4,right_eye_inner,0.4405495226383209,0.26128673553466797,-0.016526104882359505,0.9984280467033386,0.997296154499054
side_person17.mp4,side,334,11133,30.0,848,478,5,right_eye,0.4416441321372986,0.25958627462387085,-0.016542887315154076,0.9983961582183838,0.997441291809082
side_person17.mp4,side,334,11133,30.0,848,478,6,right_eye_outer,0.4429852068424225,0.25781530141830444,-0.01658100262284279,0.9988210797309875,0.9975524544715881
side_person17.mp4,side,334,11133,30.0,848,478,7,left_ear,0.45920422673225403,0.2537669241428375,-0.10530402511358261,0.9975991249084473,0.9950159192085266
side_person17.mp4,side,334,11133,30.0,848,478,8,right_ear,0.45877182483673096,0.25373801589012146,0.05353398621082306,0.9984647035598755,0.9973121881484985
side_person17.mp4,side,334,11133,30.0,848,478,9,mouth_left,0.4480491280555725,0.2924809753894806,-0.04706376791000366,0.9976380467414856,0.9960569143295288
side_person17.mp4,side,334,11133,30.0,848,478,10,mouth_right,0.44788962602615356,0.2931134104728699,-0.0005663215997628868,0.9966030120849609,0.9966149926185608
side_person17.mp4,side,334,11133,30.0,848,478,11,left_shoulder,0.48312807083129883,0.3286225199699402,-0.20154204964637756,0.9984734058380127,0.991198718547821
side_person17.mp4,side,334,11133,30.0,848,478,12,right_shoulder,0.4886956214904785,0.3374141454696655,0.16495387256145477,0.9957213401794434,0.9953666925430298
side_person17.mp4,side,334,11133,30.0,848,478,13,left_elbow,0.4041942358016968,0.366027295589447,-0.26876693964004517,0.9837844371795654,0.9985124468803406
side_person17.mp4,side,334,11133,30.0,848,478,14,right_elbow,0.4196699857711792,0.37460386753082275,0.19380848109722137,0.24749943614006042,0.9992328882217407
side_person17.mp4,side,334,11133,30.0,848,478,15,left_wrist,0.3268139660358429,0.37025001645088196,-0.22655460238456726,0.9819364547729492,0.9953240752220154
side_person17.mp4,side,334,11133,30.0,848,478,16,right_wrist,0.35291460156440735,0.38140878081321716,0.11152219027280807,0.36820119619369507,0.9970250725746155
side_person17.mp4,side,334,11133,30.0,848,478,17,left_pinky,0.3064882159233093,0.3658979833126068,-0.2676059305667877,0.9738186001777649,0.9924942255020142
side_person17.mp4,side,334,11133,30.0,848,478,18,right_pinky,0.3425878882408142,0.37838757038116455,0.1126680076122284,0.3973267376422882,0.9955839514732361
side_person17.mp4,side,334,11133,30.0,848,478,19,left_index,0.306880384683609,0.3594108521938324,-0.2410212755203247,0.9713321328163147,0.9922304749488831
side_person17.mp4,side,334,11133,30.0,848,478,20,right_index,0.3405444324016571,0.37609025835990906,0.07922567427158356,0.40849268436431885,0.994782030582428
side_person17.mp4,side,334,11133,30.0,848,478,21,left_thumb,0.3142383396625519,0.36423325538635254,-0.21677076816558838,0.954727292060852,0.993463397026062
side_person17.mp4,side,334,11133,30.0,848,478,22,right_thumb,0.34033477306365967,0.3794856369495392,0.09344690293073654,0.4345589876174927,0.9955018162727356
side_person17.mp4,side,334,11133,30.0,848,478,23,left_hip,0.5621346235275269,0.5572238564491272,-0.11187878996133804,0.99892657995224,0.9985758066177368
side_person17.mp4,side,334,11133,30.0,848,478,24,right_hip,0.5489763617515564,0.5539464950561523,0.1119697242975235,0.9982802271842957,0.9987731575965881
side_person17.mp4,side,334,11133,30.0,848,478,25,left_knee,0.4895048439502716,0.7394046187400818,-0.08108563721179962,0.923582911491394,0.9938613176345825
side_person17.mp4,side,334,11133,30.0,848,478,26,right_knee,0.4817837178707123,0.6999519467353821,0.10642237216234207,0.34305357933044434,0.9954931735992432
side_person17.mp4,side,334,11133,30.0,848,478,27,left_ankle,0.498918354511261,0.9077821969985962,0.0027029993943870068,0.9125366806983948,0.9849675297737122
side_person17.mp4,side,334,11133,30.0,848,478,28,right_ankle,0.4994910955429077,0.8883247375488281,0.20655100047588348,0.38806411623954773,0.9942324757575989
side_person17.mp4,side,334,11133,30.0,848,478,29,left_heel,0.5079370737075806,0.9331558346748352,0.010396447032690048,0.894910454750061,0.9833458662033081
side_person17.mp4,side,334,11133,30.0,848,478,30,right_heel,0.5097506046295166,0.918024480342865,0.2153482586145401,0.5489205121994019,0.9919156432151794
side_person17.mp4,side,334,11133,30.0,848,478,31,left_foot_index,0.4580371677875519,0.9290037751197815,-0.03534049168229103,0.8740318417549133,0.9841793179512024
side_person17.mp4,side,334,11133,30.0,848,478,32,right_foot_index,0.459788978099823,0.9191738963127136,0.1734469085931778,0.5011000037193298,0.9916477203369141
side_person17.mp4,side,335,11167,30.0,848,478,0,nose,0.4423052966594696,0.25525280833244324,-0.03860349580645561,0.9987136125564575,0.9952933192253113
side_person17.mp4,side,335,11167,30.0,848,478,1,left_eye_inner,0.443388968706131,0.23518644273281097,-0.060818083584308624,0.9987167716026306,0.9949402809143066
side_person17.mp4,side,335,11167,30.0,848,478,2,left_eye,0.4446657598018646,0.23353609442710876,-0.06086169555783272,0.9987648725509644,0.9948015213012695
side_person17.mp4,side,335,11167,30.0,848,478,3,left_eye_outer,0.4461323022842407,0.23203685879707336,-0.060897570103406906,0.99908846616745,0.9945992231369019
side_person17.mp4,side,335,11167,30.0,848,478,4,right_eye_inner,0.4432622194290161,0.23546729981899261,-0.024502193555235863,0.9984240531921387,0.9956933856010437
side_person17.mp4,side,335,11167,30.0,848,478,5,right_eye,0.4443567395210266,0.23396170139312744,-0.024515176191926003,0.9983869791030884,0.9959589838981628
side_person17.mp4,side,335,11167,30.0,848,478,6,right_eye_outer,0.4456859230995178,0.23248085379600525,-0.02455488033592701,0.9988285303115845,0.9961650371551514
side_person17.mp4,side,335,11167,30.0,848,478,7,left_ear,0.4615289866924286,0.2300492823123932,-0.11329053342342377,0.9975504875183105,0.9938675761222839
side_person17.mp4,side,335,11167,30.0,848,478,8,right_ear,0.4609869122505188,0.2299254685640335,0.04787512496113777,0.9984537959098816,0.9962349534034729
side_person17.mp4,side,335,11167,30.0,848,478,9,mouth_left,0.45037534832954407,0.2677229344844818,-0.055122945457696915,0.9975528120994568,0.9951984286308289
side_person17.mp4,side,335,11167,30.0,848,478,10,mouth_right,0.4501838982105255,0.2686581015586853,-0.007970651611685753,0.9964925050735474,0.9956641793251038
side_person17.mp4,side,335,11167,30.0,848,478,11,left_shoulder,0.48428645730018616,0.3078690469264984,-0.20831812918186188,0.9984771609306335,0.9926922917366028
side_person17.mp4,side,335,11167,30.0,848,478,12,right_shoulder,0.4905721843242645,0.3147871494293213,0.16281257569789886,0.9957786798477173,0.9948999285697937
side_person17.mp4,side,335,11167,30.0,848,478,13,left_elbow,0.40546396374702454,0.3458506464958191,-0.27312329411506653,0.9837338924407959,0.9983383417129517
side_person17.mp4,side,335,11167,30.0,848,478,14,right_elbow,0.4239225685596466,0.3572898507118225,0.1951320767402649,0.24533718824386597,0.9989175796508789
side_person17.mp4,side,335,11167,30.0,848,478,15,left_wrist,0.3279375433921814,0.34962698817253113,-0.23087501525878906,0.9814031720161438,0.9940590858459473
side_person17.mp4,side,335,11167,30.0,848,478,16,right_wrist,0.3529830873012543,0.3643043637275696,0.11127005517482758,0.36264538764953613,0.9962867498397827
side_person17.mp4,side,335,11167,30.0,848,478,17,left_pinky,0.3072309195995331,0.3459179401397705,-0.27382197976112366,0.9731236696243286,0.9908000826835632
side_person17.mp4,side,335,11167,30.0,848,478,18,right_pinky,0.3430559039115906,0.3613012731075287,0.11156674474477768,0.38988712430000305,0.9949407577514648
side_person17.mp4,side,335,11167,30.0,848,478,19,left_index,0.3075930178165436,0.3425599932670593,-0.2474280446767807,0.9704208374023438,0.9906089305877686
side_person17.mp4,side,335,11167,30.0,848,478,20,right_index,0.33963140845298767,0.3597452640533447,0.07662799954414368,0.40059730410575867,0.9939661622047424
side_person17.mp4,side,335,11167,30.0,848,478,21,left_thumb,0.3166036903858185,0.34666767716407776,-0.22124171257019043,0.9533094167709351,0.9919654130935669
side_person17.mp4,side,335,11167,30.0,848,478,22,right_thumb,0.34048742055892944,0.3624102771282196,0.09257867187261581,0.42633458971977234,0.9946738481521606
side_person17.mp4,side,335,11167,30.0,848,478,23,left_hip,0.559636652469635,0.543449878692627,-0.11388496309518814,0.9988561272621155,0.9985888600349426
side_person17.mp4,side,335,11167,30.0,848,478,24,right_hip,0.5489681959152222,0.5397710800170898,0.11397479474544525,0.9981387853622437,0.9985670447349548
side_person17.mp4,side,335,11167,30.0,848,478,25,left_knee,0.4903219938278198,0.7265798449516296,-0.08187967538833618,0.9240879416465759,0.9941784143447876
side_person17.mp4,side,335,11167,30.0,848,478,26,right_knee,0.48782142996788025,0.6998891830444336,0.11065865308046341,0.3435181975364685,0.9940226674079895
side_person17.mp4,side,335,11167,30.0,848,478,27,left_ankle,0.4987907409667969,0.9074416160583496,0.010264623910188675,0.9147434830665588,0.9848276376724243
side_person17.mp4,side,335,11167,30.0,848,478,28,right_ankle,0.500405490398407,0.8869423866271973,0.22413814067840576,0.3886472284793854,0.994115948677063
side_person17.mp4,side,335,11167,30.0,848,478,29,left_heel,0.5077667832374573,0.9329009652137756,0.01825055480003357,0.8982927203178406,0.9827319979667664
side_person17.mp4,side,335,11167,30.0,848,478,30,right_heel,0.511644184589386,0.9160382151603699,0.2344975769519806,0.5487672686576843,0.9922176599502563
side_person17.mp4,side,335,11167,30.0,848,478,31,left_foot_index,0.4581272602081299,0.9290069341659546,-0.02888931892812252,0.87631756067276,0.9843107461929321
side_person17.mp4,side,335,11167,30.0,848,478,32,right_foot_index,0.4603416621685028,0.9189783930778503,0.19619224965572357,0.49963629245758057,0.9933276176452637
side_person17.mp4,side,336,11200,30.0,848,478,0,nose,0.44576573371887207,0.23358337581157684,-0.05032821372151375,0.9987108707427979,0.9973015785217285
side_person17.mp4,side,336,11200,30.0,848,478,1,left_eye_inner,0.446833997964859,0.21310000121593475,-0.07224065810441971,0.9986984133720398,0.9967898726463318
side_person17.mp4,side,336,11200,30.0,848,478,2,left_eye,0.44804149866104126,0.21158605813980103,-0.07228303700685501,0.9987362027168274,0.9966083765029907
side_person17.mp4,side,336,11200,30.0,848,478,3,left_eye_outer,0.4494270384311676,0.21017231047153473,-0.07231305539608002,0.9990697503089905,0.9963638186454773
side_person17.mp4,side,336,11200,30.0,848,478,4,right_eye_inner,0.446705162525177,0.21341413259506226,-0.036553267389535904,0.9984492063522339,0.9974083304405212
side_person17.mp4,side,336,11200,30.0,848,478,5,right_eye,0.447735458612442,0.21206308901309967,-0.03656923398375511,0.9984083771705627,0.9975956082344055
side_person17.mp4,side,336,11200,30.0,848,478,6,right_eye_outer,0.44898468255996704,0.21070554852485657,-0.03660926595330238,0.9988521933555603,0.9977465271949768
side_person17.mp4,side,336,11200,30.0,848,478,7,left_ear,0.4643687605857849,0.20925594866275787,-0.12240666151046753,0.997549295425415,0.9955874681472778
side_person17.mp4,side,336,11200,30.0,848,478,8,right_ear,0.46373194456100464,0.20927925407886505,0.03696523606777191,0.99847012758255,0.9977419376373291
side_person17.mp4,side,336,11200,30.0,848,478,9,mouth_left,0.4532972276210785,0.24683387577533722,-0.06606946140527725,0.9975666999816895,0.9969950914382935
side_person17.mp4,side,336,11200,30.0,848,478,10,mouth_right,0.4530702233314514,0.24780024588108063,-0.019603606313467026,0.9965242147445679,0.9974701404571533
side_person17.mp4,side,336,11200,30.0,848,478,11,left_shoulder,0.4871101379394531,0.2855720818042755,-0.21424028277397156,0.9984889626502991,0.9934422969818115
side_person17.mp4,side,336,11200,30.0,848,478,12,right_shoulder,0.49188876152038574,0.29487115144729614,0.15255701541900635,0.9959157109260559,0.996688187122345
side_person17.mp4,side,336,11200,30.0,848,478,13,left_elbow,0.40687093138694763,0.3246384561061859,-0.2781876027584076,0.9840548634529114,0.9985528588294983
side_person17.mp4,side,336,11200,30.0,848,478,14,right_elbow,0.4251457750797272,0.34037676453590393,0.18534228205680847,0.2571199834346771,0.9993832111358643
side_person17.mp4,side,336,11200,30.0,848,478,15,left_wrist,0.33331990242004395,0.3304128348827362,-0.2397579699754715,0.9810804128646851,0.9954466223716736
side_person17.mp4,side,336,11200,30.0,848,478,16,right_wrist,0.35306310653686523,0.34943684935569763,0.09826212376356125,0.3724994659423828,0.9979482293128967
side_person17.mp4,side,336,11200,30.0,848,478,17,left_pinky,0.31391391158103943,0.3301962614059448,-0.2870529592037201,0.9725178480148315,0.9934852719306946
side_person17.mp4,side,336,11200,30.0,848,478,18,right_pinky,0.34327661991119385,0.3499337136745453,0.09757910668849945,0.3960482180118561,0.9970867037773132
side_person17.mp4,side,336,11200,30.0,848,478,19,left_index,0.3127177357673645,0.32419753074645996,-0.2537069320678711,0.9695918560028076,0.9933344125747681
side_person17.mp4,side,336,11200,30.0,848,478,20,right_index,0.3402322232723236,0.3487943708896637,0.06175203621387482,0.4069150984287262,0.9965623021125793
side_person17.mp4,side,336,11200,30.0,848,478,21,left_thumb,0.3210856020450592,0.3287736773490906,-0.22640468180179596,0.9520241022109985,0.9941104054450989
side_person17.mp4,side,336,11200,30.0,848,478,22,right_thumb,0.34174662828445435,0.34966886043548584,0.07914615422487259,0.4325104355812073,0.9969887137413025
side_person17.mp4,side,336,11200,30.0,848,478,23,left_hip,0.5578187704086304,0.529760479927063,-0.1136741116642952,0.9987550973892212,0.9981099367141724
side_person17.mp4,side,336,11200,30.0,848,478,24,right_hip,0.5481013655662537,0.5263350605964661,0.11374420672655106,0.9979631900787354,0.9983333945274353
side_person17.mp4,side,336,11200,30.0,848,478,25,left_knee,0.49643146991729736,0.7125288844108582,-0.08224309235811234,0.925681471824646,0.9956493973731995
side_person17.mp4,side,336,11200,30.0,848,478,26,right_knee,0.48954126238822937,0.6962980031967163,0.11307743936777115,0.3554268181324005,0.9959140419960022
side_person17.mp4,side,336,11200,30.0,848,478,27,left_ankle,0.49895673990249634,0.9010356068611145,0.007490147836506367,0.9191614985466003,0.9909225106239319
side_person17.mp4,side,336,11200,30.0,848,478,28,right_ankle,0.5007253885269165,0.884266197681427,0.22673609852790833,0.4038393497467041,0.9966936111450195
side_person17.mp4,side,336,11200,30.0,848,478,29,left_heel,0.5084156394004822,0.9303463697433472,0.01377708651125431,0.9037445187568665,0.9887987971305847
side_person17.mp4,side,336,11200,30.0,848,478,30,right_heel,0.5116307139396667,0.9152225852012634,0.23661623895168304,0.5613230466842651,0.9953669309616089
side_person17.mp4,side,336,11200,30.0,848,478,31,left_foot_index,0.4582037925720215,0.9269316792488098,-0.04466598108410835,0.8821863532066345,0.9900922179222107
side_person17.mp4,side,336,11200,30.0,848,478,32,right_foot_index,0.4606900215148926,0.9162294864654541,0.1913427710533142,0.5128079652786255,0.9961878657341003
side_person17.mp4,side,337,11233,30.0,848,478,0,nose,0.44905874133110046,0.2152516394853592,-0.11273795366287231,0.9986881613731384,0.9963316321372986
side_person17.mp4,side,337,11233,30.0,848,478,1,left_eye_inner,0.44989675283432007,0.19511593878269196,-0.13375194370746613,0.9986459612846375,0.9961341619491577
side_person17.mp4,side,337,11233,30.0,848,478,2,left_eye,0.45111083984375,0.19356971979141235,-0.13380269706249237,0.9986812472343445,0.9961032867431641
side_person17.mp4,side,337,11233,30.0,848,478,3,left_eye_outer,0.4525003731250763,0.19214868545532227,-0.13382014632225037,0.9990270733833313,0.9960383176803589
side_person17.mp4,side,337,11233,30.0,848,478,4,right_eye_inner,0.44960543513298035,0.19553077220916748,-0.09842639416456223,0.9984202980995178,0.9965631365776062
side_person17.mp4,side,337,11233,30.0,848,478,5,right_eye,0.45055004954338074,0.19418330490589142,-0.09843674302101135,0.9983798265457153,0.9967526197433472
side_person17.mp4,side,337,11233,30.0,848,478,6,right_eye_outer,0.4517119824886322,0.19285514950752258,-0.09848690778017044,0.9988349080085754,0.9969120025634766
side_person17.mp4,side,337,11233,30.0,848,478,7,left_ear,0.46796950697898865,0.19093269109725952,-0.17530520260334015,0.9975196123123169,0.9955176711082458
side_person17.mp4,side,337,11233,30.0,848,478,8,right_ear,0.4669159948825836,0.190992534160614,-0.018007362261414528,0.9984155893325806,0.9968826770782471
side_person17.mp4,side,337,11233,30.0,848,478,9,mouth_left,0.456017404794693,0.22882504761219025,-0.12489672750234604,0.9975765347480774,0.9963969588279724
side_person17.mp4,side,337,11233,30.0,848,478,10,mouth_right,0.45555466413497925,0.22976620495319366,-0.07885617017745972,0.9964829683303833,0.9966287016868591
side_person17.mp4,side,337,11233,30.0,848,478,11,left_shoulder,0.4902646541595459,0.2688874304294586,-0.2578827440738678,0.9984931349754333,0.9934906959533691
side_person17.mp4,side,337,11233,30.0,848,478,12,right_shoulder,0.49193912744522095,0.2812816798686981,0.10107479989528656,0.9959194660186768,0.995353102684021
side_person17.mp4,side,337,11233,30.0,848,478,13,left_elbow,0.40804028511047363,0.3079986572265625,-0.34623730182647705,0.9843153357505798,0.9981545805931091
side_person17.mp4,side,337,11233,30.0,848,478,14,right_elbow,0.42363446950912476,0.32626020908355713,0.1226576492190361,0.2645939588546753,0.9989232420921326
side_person17.mp4,side,337,11233,30.0,848,478,15,left_wrist,0.33286795020103455,0.31134510040283203,-0.3470640778541565,0.9805992245674133,0.9930322170257568
side_person17.mp4,side,337,11233,30.0,848,478,16,right_wrist,0.35137611627578735,0.3335007429122925,0.02620416134595871,0.37354958057403564,0.9960920214653015
side_person17.mp4,side,337,11233,30.0,848,478,17,left_pinky,0.3125850260257721,0.30664873123168945,-0.39910733699798584,0.9718252420425415,0.9906850457191467
side_person17.mp4,side,337,11233,30.0,848,478,18,right_pinky,0.3415873944759369,0.3297463655471802,0.0212126225233078,0.39514803886413574,0.995181143283844
side_person17.mp4,side,337,11233,30.0,848,478,19,left_index,0.3129653334617615,0.302929550409317,-0.3722960650920868,0.9686614274978638,0.9906432032585144
side_person17.mp4,side,337,11233,30.0,848,478,20,right_index,0.3388251066207886,0.3284551501274109,-0.01724901795387268,0.4059736430644989,0.9940510392189026
side_person17.mp4,side,337,11233,30.0,848,478,21,left_thumb,0.32077062129974365,0.3078068792819977,-0.33891385793685913,0.9504468441009521,0.9913239479064941
side_person17.mp4,side,337,11233,30.0,848,478,22,right_thumb,0.3411872386932373,0.33013516664505005,0.005371578503400087,0.4314638376235962,0.9945210218429565
side_person17.mp4,side,337,11233,30.0,848,478,23,left_hip,0.5566918849945068,0.5169782042503357,-0.11230974644422531,0.9985904097557068,0.9971367120742798
side_person17.mp4,side,337,11233,30.0,848,478,24,right_hip,0.5430943965911865,0.5140804052352905,0.11235043406486511,0.9975910782814026,0.9968882203102112
side_person17.mp4,side,337,11233,30.0,848,478,25,left_knee,0.5105701088905334,0.7027577757835388,-0.07638620585203171,0.927449107170105,0.9966822266578674
side_person17.mp4,side,337,11233,30.0,848,478,26,right_knee,0.4900915026664734,0.688677966594696,0.11548410356044769,0.3722683787345886,0.9959036707878113
side_person17.mp4,side,337,11233,30.0,848,478,27,left_ankle,0.5014209747314453,0.899850070476532,0.014271900057792664,0.9239469766616821,0.9922353625297546
side_person17.mp4,side,337,11233,30.0,848,478,28,right_ankle,0.5006600618362427,0.8744596242904663,0.2317463606595993,0.4285483658313751,0.9973262548446655
side_person17.mp4,side,337,11233,30.0,848,478,29,left_heel,0.5095527172088623,0.9293187260627747,0.020242897793650627,0.9084062576293945,0.989177942276001
side_person17.mp4,side,337,11233,30.0,848,478,30,right_heel,0.5107086896896362,0.9128050804138184,0.2422453910112381,0.5796535611152649,0.9959938526153564
side_person17.mp4,side,337,11233,30.0,848,478,31,left_foot_index,0.45836710929870605,0.9258944988250732,-0.05581512674689293,0.8883355855941772,0.9903447031974792
side_person17.mp4,side,337,11233,30.0,848,478,32,right_foot_index,0.4602421522140503,0.908452570438385,0.1885235756635666,0.5353699326515198,0.9966206550598145
side_person17.mp4,side,338,11267,30.0,848,478,0,nose,0.45160341262817383,0.19573411345481873,-0.1053532287478447,0.9986541867256165,0.9978633522987366
side_person17.mp4,side,338,11267,30.0,848,478,1,left_eye_inner,0.45304086804389954,0.1759444773197174,-0.12721696496009827,0.9985987544059753,0.9978615641593933
side_person17.mp4,side,338,11267,30.0,848,478,2,left_eye,0.45437175035476685,0.1743803769350052,-0.12726816534996033,0.9986317753791809,0.9978883862495422
side_person17.mp4,side,338,11267,30.0,848,478,3,left_eye_outer,0.45598071813583374,0.17282405495643616,-0.12728622555732727,0.9989892840385437,0.9978659749031067
side_person17.mp4,side,338,11267,30.0,848,478,4,right_eye_inner,0.4526742398738861,0.17628242075443268,-0.09138510376214981,0.9983713030815125,0.997975766658783
side_person17.mp4,side,338,11267,30.0,848,478,5,right_eye,0.4536602795124054,0.1748414784669876,-0.09138671308755875,0.9983323216438293,0.9980370402336121
side_person17.mp4,side,338,11267,30.0,848,478,6,right_eye_outer,0.454898476600647,0.17333634197711945,-0.091432124376297,0.998808741569519,0.9980605244636536
side_person17.mp4,side,338,11267,30.0,848,478,7,left_ear,0.4721881151199341,0.17201387882232666,-0.17216020822525024,0.9974995255470276,0.9978302121162415
side_person17.mp4,side,338,11267,30.0,848,478,8,right_ear,0.4706900119781494,0.17161528766155243,-0.012808933854103088,0.9983381628990173,0.9980681538581848
side_person17.mp4,side,338,11267,30.0,848,478,9,mouth_left,0.458935409784317,0.21071812510490417,-0.11870542913675308,0.9976049661636353,0.9982942938804626
side_person17.mp4,side,338,11267,30.0,848,478,10,mouth_right,0.45840829610824585,0.21155725419521332,-0.07202158123254776,0.9964540600776672,0.9982832670211792
side_person17.mp4,side,338,11267,30.0,848,478,11,left_shoulder,0.4929245412349701,0.2503149211406708,-0.25504061579704285,0.9985673427581787,0.9974754452705383
side_person17.mp4,side,338,11267,30.0,848,478,12,right_shoulder,0.4938763976097107,0.2657908499240875,0.10476451367139816,0.9960044026374817,0.9971027970314026
side_person17.mp4,side,338,11267,30.0,848,478,13,left_elbow,0.40927302837371826,0.2938489317893982,-0.33847108483314514,0.9843215346336365,0.9988458156585693
side_person17.mp4,side,338,11267,30.0,848,478,14,right_elbow,0.4257029891014099,0.31303495168685913,0.13075827062129974,0.2656368613243103,0.9989627599716187
side_person17.mp4,side,338,11267,30.0,848,478,15,left_wrist,0.33226484060287476,0.2935240864753723,-0.33083412051200867,0.9792563915252686,0.9958316683769226
side_person17.mp4,side,338,11267,30.0,848,478,16,right_wrist,0.35192734003067017,0.32099539041519165,0.03620031848549843,0.3676799535751343,0.9963802695274353
side_person17.mp4,side,338,11267,30.0,848,478,17,left_pinky,0.3118962049484253,0.28866836428642273,-0.38091471791267395,0.9700286984443665,0.9946821331977844
side_person17.mp4,side,338,11267,30.0,848,478,18,right_pinky,0.3410749137401581,0.3181054890155792,0.03250725194811821,0.38895249366760254,0.9958706498146057
side_person17.mp4,side,338,11267,30.0,848,478,19,left_index,0.31230297684669495,0.2829454243183136,-0.3536469042301178,0.9665218591690063,0.9945904016494751
side_person17.mp4,side,338,11267,30.0,848,478,20,right_index,0.33840861916542053,0.31720414757728577,-0.006774417124688625,0.40011918544769287,0.994915246963501
side_person17.mp4,side,338,11267,30.0,848,478,21,left_thumb,0.320099800825119,0.2891870141029358,-0.32223600149154663,0.9470637440681458,0.9948953986167908
side_person17.mp4,side,338,11267,30.0,848,478,22,right_thumb,0.34053918719291687,0.31866636872291565,0.015199894085526466,0.42564287781715393,0.9951229691505432
side_person17.mp4,side,338,11267,30.0,848,478,23,left_hip,0.5539088249206543,0.5062872171401978,-0.11194535344839096,0.9985519051551819,0.9987002611160278
side_person17.mp4,side,338,11267,30.0,848,478,24,right_hip,0.5398055911064148,0.5037842988967896,0.11200380325317383,0.997330367565155,0.9978612065315247
side_person17.mp4,side,338,11267,30.0,848,478,25,left_knee,0.5120059251785278,0.6971695423126221,-0.07754325866699219,0.926843523979187,0.998817503452301
side_person17.mp4,side,338,11267,30.0,848,478,26,right_knee,0.4918796122074127,0.6838876008987427,0.12857042253017426,0.3733401894569397,0.9974294304847717
side_person17.mp4,side,338,11267,30.0,848,478,27,left_ankle,0.5036764740943909,0.8998167514801025,0.004112469032406807,0.9276396632194519,0.9955832362174988
side_person17.mp4,side,338,11267,30.0,848,478,28,right_ankle,0.4999302923679352,0.8641206622123718,0.23371677100658417,0.44195622205734253,0.9982831478118896
side_person17.mp4,side,338,11267,30.0,848,478,29,left_heel,0.5106704831123352,0.9279866814613342,0.007330725900828838,0.9110755324363708,0.9930955767631531
side_person17.mp4,side,338,11267,30.0,848,478,30,right_heel,0.5087299942970276,0.9053229093551636,0.2435254156589508,0.5908740162849426,0.9975045323371887
side_person17.mp4,side,338,11267,30.0,848,478,31,left_foot_index,0.45830705761909485,0.9259377717971802,-0.07493553310632706,0.8927430510520935,0.9934765696525574
side_person17.mp4,side,338,11267,30.0,848,478,32,right_foot_index,0.45955052971839905,0.9000611901283264,0.19600705802440643,0.5524177551269531,0.9979473948478699
side_person17.mp4,side,339,11300,30.0,848,478,0,nose,0.4552730917930603,0.1799183487892151,-0.09703759104013443,0.9986369609832764,0.9987672567367554
side_person17.mp4,side,339,11300,30.0,848,478,1,left_eye_inner,0.4570395052433014,0.16071324050426483,-0.11860501766204834,0.9985775947570801,0.9986439347267151
side_person17.mp4,side,339,11300,30.0,848,478,2,left_eye,0.45837825536727905,0.1593426764011383,-0.1186487078666687,0.9986051917076111,0.9986453652381897
side_person17.mp4,side,339,11300,30.0,848,478,3,left_eye_outer,0.46002721786499023,0.15795548260211945,-0.11867942661046982,0.9989670515060425,0.9985777139663696
side_person17.mp4,side,339,11300,30.0,848,478,4,right_eye_inner,0.45675987005233765,0.1610645055770874,-0.08341352641582489,0.99835205078125,0.9987302422523499
side_person17.mp4,side,339,11300,30.0,848,478,5,right_eye,0.45781511068344116,0.15983398258686066,-0.08343275636434555,0.9983075261116028,0.9987518787384033
side_person17.mp4,side,339,11300,30.0,848,478,6,right_eye_outer,0.4591812193393707,0.15843306481838226,-0.08346983045339584,0.9988003969192505,0.9987496137619019
side_person17.mp4,side,339,11300,30.0,848,478,7,left_ear,0.4765348732471466,0.15709249675273895,-0.16581399738788605,0.997532844543457,0.9985577464103699
side_person17.mp4,side,339,11300,30.0,848,478,8,right_ear,0.47526150941848755,0.15695498883724213,-0.010412449948489666,0.9982999563217163,0.9986971020698547
side_person17.mp4,side,339,11300,30.0,848,478,9,mouth_left,0.4624277949333191,0.1949014961719513,-0.11173108965158463,0.9976925253868103,0.9990634322166443
side_person17.mp4,side,339,11300,30.0,848,478,10,mouth_right,0.46186766028404236,0.19590890407562256,-0.0661928579211235,0.9965463876724243,0.9990618824958801
side_person17.mp4,side,339,11300,30.0,848,478,11,left_shoulder,0.4956517219543457,0.23556099832057953,-0.2535434663295746,0.9986679553985596,0.9986233711242676
side_person17.mp4,side,339,11300,30.0,848,478,12,right_shoulder,0.4963391125202179,0.2535371780395508,0.11262442171573639,0.9962111115455627,0.9982512593269348
side_person17.mp4,side,339,11300,30.0,848,478,13,left_elbow,0.41124916076660156,0.28035232424736023,-0.32688242197036743,0.9846685528755188,0.9992105960845947
side_person17.mp4,side,339,11300,30.0,848,478,14,right_elbow,0.428995817899704,0.3051462173461914,0.1479765623807907,0.27410638332366943,0.9992635846138
side_person17.mp4,side,339,11300,30.0,848,478,15,left_wrist,0.3341907560825348,0.27730855345726013,-0.3092649281024933,0.9783543944358826,0.9978941082954407
side_person17.mp4,side,339,11300,30.0,848,478,16,right_wrist,0.355781614780426,0.3116278648376465,0.04126397892832756,0.3733786344528198,0.9980542659759521
side_person17.mp4,side,339,11300,30.0,848,478,17,left_pinky,0.3137050271034241,0.27650001645088196,-0.3571956157684326,0.9685387015342712,0.9974786639213562
side_person17.mp4,side,339,11300,30.0,848,478,18,right_pinky,0.3438867926597595,0.3122733533382416,0.039116181433200836,0.3935090899467468,0.9977949857711792
side_person17.mp4,side,339,11300,30.0,848,478,19,left_index,0.3138471245765686,0.2716269791126251,-0.3308604955673218,0.9647310972213745,0.9974543452262878
side_person17.mp4,side,339,11300,30.0,848,478,20,right_index,0.34148404002189636,0.3090530037879944,0.0015126494690775871,0.4055476784706116,0.9973857998847961
side_person17.mp4,side,339,11300,30.0,848,478,21,left_thumb,0.3212539255619049,0.2766934931278229,-0.3007240295410156,0.9444304704666138,0.9976020455360413
side_person17.mp4,side,339,11300,30.0,848,478,22,right_thumb,0.34382063150405884,0.3091548979282379,0.01768670044839382,0.4311735928058624,0.9974699020385742
side_person17.mp4,side,339,11300,30.0,848,478,23,left_hip,0.5497882962226868,0.49880367517471313,-0.11123786121606827,0.998549222946167,0.9986574649810791
side_person17.mp4,side,339,11300,30.0,848,478,24,right_hip,0.5355803370475769,0.4970046281814575,0.1112542450428009,0.9971810579299927,0.9975525736808777
side_person17.mp4,side,339,11300,30.0,848,478,25,left_knee,0.5167492032051086,0.6959816813468933,-0.06935365498065948,0.9263491630554199,0.9991059899330139
side_person17.mp4,side,339,11300,30.0,848,478,26,right_knee,0.49618709087371826,0.6803520321846008,0.14921337366104126,0.3701576888561249,0.9978952407836914
side_person17.mp4,side,339,11300,30.0,848,478,27,left_ankle,0.5041760206222534,0.8988451361656189,0.008213425986468792,0.930934727191925,0.9958745837211609
side_person17.mp4,side,339,11300,30.0,848,478,28,right_ankle,0.4995989501476288,0.8585834503173828,0.24755743145942688,0.4534412920475006,0.9978627562522888
side_person17.mp4,side,339,11300,30.0,848,478,29,left_heel,0.5107887387275696,0.9270872473716736,0.011367755942046642,0.9137517809867859,0.9929304122924805
side_person17.mp4,side,339,11300,30.0,848,478,30,right_heel,0.5072535872459412,0.892396867275238,0.2552742063999176,0.6014121174812317,0.9966552257537842
side_person17.mp4,side,339,11300,30.0,848,478,31,left_foot_index,0.4582524597644806,0.9266976118087769,-0.07220949232578278,0.8967406749725342,0.9930856227874756
side_person17.mp4,side,339,11300,30.0,848,478,32,right_foot_index,0.45951318740844727,0.8952939510345459,0.2008570432662964,0.5687146782875061,0.9975674152374268
side_person17.mp4,side,340,11333,30.0,848,478,0,nose,0.4583289325237274,0.1697610765695572,-0.10000570118427277,0.9985705018043518,0.999178946018219
side_person17.mp4,side,340,11333,30.0,848,478,1,left_eye_inner,0.46008890867233276,0.1498706191778183,-0.12299714237451553,0.9985127449035645,0.9990705847740173
side_person17.mp4,side,340,11333,30.0,848,478,2,left_eye,0.461341917514801,0.14844880998134613,-0.12303511798381805,0.998537003993988,0.9990513920783997
side_person17.mp4,side,340,11333,30.0,848,478,3,left_eye_outer,0.4628009498119354,0.14702574908733368,-0.1230345293879509,0.9988986253738403,0.9989855885505676
side_person17.mp4,side,340,11333,30.0,848,478,4,right_eye_inner,0.4600016176700592,0.15018026530742645,-0.08647055178880692,0.9982839822769165,0.9991673231124878
side_person17.mp4,side,340,11333,30.0,848,478,5,right_eye,0.4610663652420044,0.1490316092967987,-0.08645591884851456,0.9982260465621948,0.9991945624351501
side_person17.mp4,side,340,11333,30.0,848,478,6,right_eye_outer,0.4625724256038666,0.14762933552265167,-0.08648823201656342,0.9987472295761108,0.9992024302482605
side_person17.mp4,side,340,11333,30.0,848,478,7,left_ear,0.47844696044921875,0.14660462737083435,-0.17196699976921082,0.9975202679634094,0.9989379048347473
side_person17.mp4,side,340,11333,30.0,848,478,8,right_ear,0.4778531491756439,0.14665032923221588,-0.009694477543234825,0.9981772303581238,0.999175488948822
side_person17.mp4,side,340,11333,30.0,848,478,9,mouth_left,0.4652025103569031,0.1842298060655594,-0.1145142987370491,0.997730016708374,0.9994074106216431
side_person17.mp4,side,340,11333,30.0,848,478,10,mouth_right,0.46486589312553406,0.185114786028862,-0.06705023348331451,0.996593177318573,0.9994612336158752
side_person17.mp4,side,340,11333,30.0,848,478,11,left_shoulder,0.498302698135376,0.22350916266441345,-0.2590446472167969,0.9987649321556091,0.9990580677986145
side_person17.mp4,side,340,11333,30.0,848,478,12,right_shoulder,0.49845343828201294,0.24110938608646393,0.11314751207828522,0.9964281320571899,0.9991424083709717
side_person17.mp4,side,340,11333,30.0,848,478,13,left_elbow,0.4128396809101105,0.26766908168792725,-0.33639976382255554,0.9853365421295166,0.9992924928665161
side_person17.mp4,side,340,11333,30.0,848,478,14,right_elbow,0.4300420880317688,0.29089653491973877,0.15449725091457367,0.2850726246833801,0.999593198299408
side_person17.mp4,side,340,11333,30.0,848,478,15,left_wrist,0.33810025453567505,0.26868629455566406,-0.31811416149139404,0.9777001738548279,0.9982181191444397
side_person17.mp4,side,340,11333,30.0,848,478,16,right_wrist,0.35817429423332214,0.29930752515792847,0.042278967797756195,0.3841378390789032,0.9991224408149719
side_person17.mp4,side,340,11333,30.0,848,478,17,left_pinky,0.3171817362308502,0.2691376209259033,-0.366754412651062,0.9671645760536194,0.9980706572532654
side_person17.mp4,side,340,11333,30.0,848,478,18,right_pinky,0.3457255959510803,0.3012968599796295,0.03939314931631088,0.4020904302597046,0.998984158039093
side_person17.mp4,side,340,11333,30.0,848,478,19,left_index,0.3175959289073944,0.2650741934776306,-0.34053611755371094,0.9631839394569397,0.9979789853096008
side_person17.mp4,side,340,11333,30.0,848,478,20,right_index,0.3436024487018585,0.29889681935310364,0.007436272222548723,0.41529178619384766,0.9988051652908325
side_person17.mp4,side,340,11333,30.0,848,478,21,left_thumb,0.32422977685928345,0.26862749457359314,-0.3092091977596283,0.9417357444763184,0.9980192184448242
side_person17.mp4,side,340,11333,30.0,848,478,22,right_thumb,0.3462727963924408,0.2985427975654602,0.02323841117322445,0.4402448832988739,0.998867392539978
side_person17.mp4,side,340,11333,30.0,848,478,23,left_hip,0.543377697467804,0.49181199073791504,-0.11323291808366776,0.998515248298645,0.9984129667282104
side_person17.mp4,side,340,11333,30.0,848,478,24,right_hip,0.5314322710037231,0.4894961714744568,0.11319519579410553,0.9969103932380676,0.9974877834320068
side_person17.mp4,side,340,11333,30.0,848,478,25,left_knee,0.5157463550567627,0.6904090046882629,-0.06951354444026947,0.9264017343521118,0.9994688630104065
side_person17.mp4,side,340,11333,30.0,848,478,26,right_knee,0.5000471472740173,0.6765559315681458,0.1818988025188446,0.3630065321922302,0.9987404942512512
side_person17.mp4,side,340,11333,30.0,848,478,27,left_ankle,0.5047223567962646,0.8953589797019958,0.006362688262015581,0.9349304437637329,0.9981552958488464
side_person17.mp4,side,340,11333,30.0,848,478,28,right_ankle,0.49991467595100403,0.856733500957489,0.2833201289176941,0.4640462100505829,0.9987665414810181
side_person17.mp4,side,340,11333,30.0,848,478,29,left_heel,0.5135776400566101,0.926796555519104,0.008615270256996155,0.9184437394142151,0.9964596629142761
side_person17.mp4,side,340,11333,30.0,848,478,30,right_heel,0.5072329640388489,0.8850107192993164,0.29086169600486755,0.6118777990341187,0.9979314804077148
side_person17.mp4,side,340,11333,30.0,848,478,31,left_foot_index,0.4604235589504242,0.9267193078994751,-0.08037679642438889,0.9028009176254272,0.9969052672386169
side_person17.mp4,side,340,11333,30.0,848,478,32,right_foot_index,0.4612438380718231,0.8873569369316101,0.22287818789482117,0.5865012407302856,0.998776376247406
side_person17.mp4,side,341,11367,30.0,848,478,0,nose,0.4605144262313843,0.16446128487586975,-0.08819564431905746,0.9985401034355164,0.9994372725486755
side_person17.mp4,side,341,11367,30.0,848,478,1,left_eye_inner,0.4623458683490753,0.14315083622932434,-0.11191649734973907,0.9984734654426575,0.9992881417274475
side_person17.mp4,side,341,11367,30.0,848,478,2,left_eye,0.4636150002479553,0.1419771909713745,-0.11194310337305069,0.9984949231147766,0.9992659687995911
side_person17.mp4,side,341,11367,30.0,848,478,3,left_eye_outer,0.4650987684726715,0.1408538818359375,-0.1119048073887825,0.9988468885421753,0.9992033839225769
side_person17.mp4,side,341,11367,30.0,848,478,4,right_eye_inner,0.4619957506656647,0.14341004192829132,-0.07487952709197998,0.9982365965843201,0.9993547797203064
side_person17.mp4,side,341,11367,30.0,848,478,5,right_eye,0.46293193101882935,0.14245271682739258,-0.0748140886425972,0.9981637001037598,0.9993560910224915
side_person17.mp4,side,341,11367,30.0,848,478,6,right_eye_outer,0.4642097055912018,0.14141972362995148,-0.07483769953250885,0.9987007975578308,0.9993391633033752
side_person17.mp4,side,341,11367,30.0,848,478,7,left_ear,0.48005571961402893,0.14112886786460876,-0.1633763462305069,0.9975287914276123,0.9991794228553772
side_person17.mp4,side,341,11367,30.0,848,478,8,right_ear,0.4790339171886444,0.14139440655708313,0.0016795849660411477,0.9980853199958801,0.9992784857749939
side_person17.mp4,side,341,11367,30.0,848,478,9,mouth_left,0.4671514630317688,0.17866145074367523,-0.10284710675477982,0.997774064540863,0.9995527863502502
side_person17.mp4,side,341,11367,30.0,848,478,10,mouth_right,0.4666822850704193,0.1794920414686203,-0.05473414808511734,0.9966622591018677,0.9995667338371277
side_person17.mp4,side,341,11367,30.0,848,478,11,left_shoulder,0.5009480714797974,0.21494796872138977,-0.2575625777244568,0.9988636374473572,0.9992969036102295
side_person17.mp4,side,341,11367,30.0,848,478,12,right_shoulder,0.4993077516555786,0.23265761137008667,0.1265019029378891,0.9966350793838501,0.9991456270217896
side_person17.mp4,side,341,11367,30.0,848,478,13,left_elbow,0.4157178997993469,0.25740504264831543,-0.33378252387046814,0.9860270023345947,0.9993789196014404
side_person17.mp4,side,341,11367,30.0,848,478,14,right_elbow,0.4304891526699066,0.28034448623657227,0.16434884071350098,0.29652902483940125,0.9996215105056763
side_person17.mp4,side,341,11367,30.0,848,478,15,left_wrist,0.3463076949119568,0.2657213807106018,-0.3076857924461365,0.9778290390968323,0.998711347579956
side_person17.mp4,side,341,11367,30.0,848,478,16,right_wrist,0.3584701716899872,0.29165253043174744,0.06271463632583618,0.39690646529197693,0.999174177646637
side_person17.mp4,side,341,11367,30.0,848,478,17,left_pinky,0.3243975043296814,0.264710009098053,-0.35535290837287903,0.9669852256774902,0.9984936714172363
side_person17.mp4,side,341,11367,30.0,848,478,18,right_pinky,0.3456074297428131,0.2912156879901886,0.06138089299201965,0.41244518756866455,0.9989970326423645
side_person17.mp4,side,341,11367,30.0,848,478,19,left_index,0.3230991065502167,0.2608005404472351,-0.3295982778072357,0.9629498720169067,0.9984764456748962
side_person17.mp4,side,341,11367,30.0,848,478,20,right_index,0.34367892146110535,0.28934434056282043,0.021100066602230072,0.42654120922088623,0.9988429546356201
side_person17.mp4,side,341,11367,30.0,848,478,21,left_thumb,0.3291788697242737,0.2636505365371704,-0.29912397265434265,0.9411455392837524,0.9985264539718628
side_person17.mp4,side,341,11367,30.0,848,478,22,right_thumb,0.34676221013069153,0.28975996375083923,0.04126011207699776,0.4513498842716217,0.9989199638366699
side_person17.mp4,side,341,11367,30.0,848,478,23,left_hip,0.5403823256492615,0.48499587178230286,-0.11410440504550934,0.9983880519866943,0.9977397918701172
side_person17.mp4,side,341,11367,30.0,848,478,24,right_hip,0.52969890832901,0.4833362102508545,0.11406691372394562,0.9965044260025024,0.9969472289085388
side_person17.mp4,side,341,11367,30.0,848,478,25,left_knee,0.514392077922821,0.6839428544044495,-0.06429677456617355,0.9249252676963806,0.9989618062973022
side_person17.mp4,side,341,11367,30.0,848,478,26,right_knee,0.5040900111198425,0.6709489226341248,0.17778801918029785,0.3492622375488281,0.998298704624176
side_person17.mp4,side,341,11367,30.0,848,478,27,left_ankle,0.5050535798072815,0.8918135166168213,0.007011834066361189,0.9360403418540955,0.9953818917274475
side_person17.mp4,side,341,11367,30.0,848,478,28,right_ankle,0.5030326247215271,0.8516626358032227,0.2774873673915863,0.4618018865585327,0.9973121881484985
side_person17.mp4,side,341,11367,30.0,848,478,29,left_heel,0.5145969390869141,0.9237002730369568,0.01319644134491682,0.9207609295845032,0.9910778999328613
side_person17.mp4,side,341,11367,30.0,848,478,30,right_heel,0.5092421174049377,0.8808043003082275,0.28538545966148376,0.615358293056488,0.9950750470161438
side_person17.mp4,side,341,11367,30.0,848,478,31,left_foot_index,0.45986199378967285,0.9228543043136597,-0.06442045420408249,0.9045572876930237,0.9931957721710205
side_person17.mp4,side,341,11367,30.0,848,478,32,right_foot_index,0.46141317486763,0.8720835447311401,0.2225504070520401,0.5919523239135742,0.9972929358482361
side_person17.mp4,side,342,11400,30.0,848,478,0,nose,0.4622688293457031,0.1596139520406723,-0.04411567002534866,0.9986071586608887,0.999617338180542
side_person17.mp4,side,342,11400,30.0,848,478,1,left_eye_inner,0.46475306153297424,0.13849039375782013,-0.06662677228450775,0.9985420107841492,0.9994215965270996
side_person17.mp4,side,342,11400,30.0,848,478,2,left_eye,0.46608904004096985,0.13747651875019073,-0.06665825843811035,0.998553991317749,0.9993738532066345
side_person17.mp4,side,342,11400,30.0,848,478,3,left_eye_outer,0.46761009097099304,0.13653138279914856,-0.06663616746664047,0.9988892078399658,0.9992799162864685
side_person17.mp4,side,342,11400,30.0,848,478,4,right_eye_inner,0.46424761414527893,0.13864924013614655,-0.03137022256851196,0.9983183145523071,0.9995232820510864
side_person17.mp4,side,342,11400,30.0,848,478,5,right_eye,0.4651811122894287,0.13768750429153442,-0.03133412450551987,0.9982389211654663,0.9995303153991699
side_person17.mp4,side,342,11400,30.0,848,478,6,right_eye_outer,0.46640443801879883,0.1366616189479828,-0.03137164190411568,0.9987630844116211,0.9995193481445312
side_person17.mp4,side,342,11400,30.0,848,478,7,left_ear,0.4826432466506958,0.13731969892978668,-0.11789752542972565,0.9976440072059631,0.9992130994796753
side_person17.mp4,side,342,11400,30.0,848,478,8,right_ear,0.48121050000190735,0.13705812394618988,0.03947337344288826,0.9981578588485718,0.9994670748710632
side_person17.mp4,side,342,11400,30.0,848,478,9,mouth_left,0.4688098728656769,0.17437289655208588,-0.05896388739347458,0.9978794455528259,0.9996117949485779
side_person17.mp4,side,342,11400,30.0,848,478,10,mouth_right,0.4681418836116791,0.17545215785503387,-0.01302883867174387,0.9968376755714417,0.9996697902679443
side_person17.mp4,side,342,11400,30.0,848,478,11,left_shoulder,0.5027493238449097,0.20868515968322754,-0.21301349997520447,0.9989535212516785,0.9991979002952576
side_person17.mp4,side,342,11400,30.0,848,478,12,right_shoulder,0.5013433694839478,0.2316957265138626,0.15744426846504211,0.996858537197113,0.9992420673370361
side_person17.mp4,side,342,11400,30.0,848,478,13,left_elbow,0.41600939631462097,0.24812909960746765,-0.2814074456691742,0.9865397214889526,0.9994157552719116
side_person17.mp4,side,342,11400,30.0,848,478,14,right_elbow,0.43237048387527466,0.2793090045452118,0.19223929941654205,0.3111710548400879,0.9996979236602783
side_person17.mp4,side,342,11400,30.0,848,478,15,left_wrist,0.3464241623878479,0.25768935680389404,-0.2590765058994293,0.9774832129478455,0.998807430267334
side_person17.mp4,side,342,11400,30.0,848,478,16,right_wrist,0.35870659351348877,0.28734299540519714,0.10011149197816849,0.41179296374320984,0.9993529915809631
side_person17.mp4,side,342,11400,30.0,848,478,17,left_pinky,0.324526846408844,0.25485941767692566,-0.3034020960330963,0.966117799282074,0.9986409544944763
side_person17.mp4,side,342,11400,30.0,848,478,18,right_pinky,0.3457271158695221,0.28548914194107056,0.1004410982131958,0.4237547218799591,0.9991875290870667
side_person17.mp4,side,342,11400,30.0,848,478,19,left_index,0.3232116997241974,0.25245606899261475,-0.2768804132938385,0.9619531631469727,0.9985660910606384
side_person17.mp4,side,342,11400,30.0,848,478,20,right_index,0.34370189905166626,0.2840707302093506,0.060486968606710434,0.4385838806629181,0.9990554451942444
side_person17.mp4,side,342,11400,30.0,848,478,21,left_thumb,0.3300965130329132,0.2557198703289032,-0.24942678213119507,0.9398589730262756,0.9986288547515869
side_person17.mp4,side,342,11400,30.0,848,478,22,right_thumb,0.34684979915618896,0.2849524915218353,0.07954324781894684,0.4632579982280731,0.999126136302948
side_person17.mp4,side,342,11400,30.0,848,478,23,left_hip,0.5371864438056946,0.4834478795528412,-0.11431043595075607,0.9983558654785156,0.9981707334518433
side_person17.mp4,side,342,11400,30.0,848,478,24,right_hip,0.5294220447540283,0.4842382073402405,0.11426340043544769,0.996404767036438,0.997776210308075
side_person17.mp4,side,342,11400,30.0,848,478,25,left_knee,0.5144290328025818,0.6866524815559387,-0.06145692244172096,0.9230358600616455,0.9990505576133728
side_person17.mp4,side,342,11400,30.0,848,478,26,right_knee,0.509789764881134,0.6724964380264282,0.1797034740447998,0.3342933654785156,0.9987925291061401
side_person17.mp4,side,342,11400,30.0,848,478,27,left_ankle,0.5054411292076111,0.8914510011672974,0.009464368224143982,0.9358843564987183,0.995189905166626
side_person17.mp4,side,342,11400,30.0,848,478,28,right_ankle,0.5062175393104553,0.8500058054924011,0.281489759683609,0.45595797896385193,0.9978657364845276
side_person17.mp4,side,342,11400,30.0,848,478,29,left_heel,0.5152379870414734,0.9236055612564087,0.01597215235233307,0.9219639301300049,0.9909578561782837
side_person17.mp4,side,342,11400,30.0,848,478,30,right_heel,0.5123935341835022,0.8793359398841858,0.2900058329105377,0.6158694624900818,0.9960049986839294
side_person17.mp4,side,342,11400,30.0,848,478,31,left_foot_index,0.45983633399009705,0.9230425357818604,-0.059761110693216324,0.9053015112876892,0.9933885335922241
side_person17.mp4,side,342,11400,30.0,848,478,32,right_foot_index,0.46253857016563416,0.8643114566802979,0.2288169115781784,0.5943294763565063,0.9977995753288269
side_person17.mp4,side,343,11433,30.0,848,478,0,nose,0.4649457335472107,0.15358659625053406,-0.04023193567991257,0.9986487627029419,0.9994869232177734
side_person17.mp4,side,343,11433,30.0,848,478,1,left_eye_inner,0.4682885408401489,0.13282130658626556,-0.062168020755052567,0.9985809326171875,0.9992133378982544
side_person17.mp4,side,343,11433,30.0,848,478,2,left_eye,0.46967875957489014,0.13192109763622284,-0.06220448389649391,0.9985823631286621,0.9991440773010254
side_person17.mp4,side,343,11433,30.0,848,478,3,left_eye_outer,0.4712361693382263,0.13116778433322906,-0.06218602880835533,0.9989076852798462,0.9990179538726807
side_person17.mp4,side,343,11433,30.0,848,478,4,right_eye_inner,0.4678943157196045,0.13293519616127014,-0.027623385190963745,0.9983635544776917,0.9993587136268616
side_person17.mp4,side,343,11433,30.0,848,478,5,right_eye,0.4689943492412567,0.13203351199626923,-0.02760467305779457,0.9982755780220032,0.999372661113739
side_person17.mp4,side,343,11433,30.0,848,478,6,right_eye_outer,0.47035905718803406,0.1311204880475998,-0.02764333225786686,0.9987999796867371,0.9993587136268616
side_person17.mp4,side,343,11433,30.0,848,478,7,left_ear,0.48605239391326904,0.13391874730587006,-0.11192949116230011,0.9976978302001953,0.998921275138855
side_person17.mp4,side,343,11433,30.0,848,478,8,right_ear,0.4850315451622009,0.13350798189640045,0.042197681963443756,0.9981647729873657,0.9992737174034119
side_person17.mp4,side,343,11433,30.0,848,478,9,mouth_left,0.47105973958969116,0.16846153140068054,-0.05472171679139137,0.9979292154312134,0.9994866847991943
side_person17.mp4,side,343,11433,30.0,848,478,10,mouth_right,0.4705279469490051,0.16957968473434448,-0.009697952307760715,0.9969320893287659,0.9995630383491516
side_person17.mp4,side,343,11433,30.0,848,478,11,left_shoulder,0.5036859512329102,0.20725920796394348,-0.20733419060707092,0.999027669429779,0.9990026354789734
side_person17.mp4,side,343,11433,30.0,848,478,12,right_shoulder,0.5040684342384338,0.23023287951946259,0.15912584960460663,0.9970293641090393,0.9990383386611938
side_person17.mp4,side,343,11433,30.0,848,478,13,left_elbow,0.41577205061912537,0.2425328493118286,-0.27295219898223877,0.9869551062583923,0.9993337988853455
side_person17.mp4,side,343,11433,30.0,848,478,14,right_elbow,0.4340011775493622,0.2736509442329407,0.19080810248851776,0.3229716718196869,0.999681830406189
side_person17.mp4,side,343,11433,30.0,848,478,15,left_wrist,0.34692659974098206,0.25285765528678894,-0.25317931175231934,0.9771528244018555,0.9985559582710266
side_person17.mp4,side,343,11433,30.0,848,478,16,right_wrist,0.3587321639060974,0.27799373865127563,0.10102412104606628,0.42470505833625793,0.9993166923522949
side_person17.mp4,side,343,11433,30.0,848,478,17,left_pinky,0.3255155086517334,0.2520964741706848,-0.29727452993392944,0.9653397798538208,0.9983508586883545
side_person17.mp4,side,343,11433,30.0,848,478,18,right_pinky,0.3457690179347992,0.2772674560546875,0.10118357837200165,0.43344205617904663,0.9991402626037598
side_person17.mp4,side,343,11433,30.0,848,478,19,left_index,0.32336094975471497,0.24647296965122223,-0.27094602584838867,0.9611149430274963,0.9982438087463379
side_person17.mp4,side,343,11433,30.0,848,478,20,right_index,0.34378334879875183,0.27532875537872314,0.0618649460375309,0.4487992227077484,0.9989829659461975
side_person17.mp4,side,343,11433,30.0,848,478,21,left_thumb,0.3303107023239136,0.25183814764022827,-0.24352705478668213,0.938842236995697,0.9983189702033997
side_person17.mp4,side,343,11433,30.0,848,478,22,right_thumb,0.34696149826049805,0.2763046324253082,0.08081518858671188,0.47297412157058716,0.9990565180778503
side_person17.mp4,side,343,11433,30.0,848,478,23,left_hip,0.5341946482658386,0.48393213748931885,-0.11463048309087753,0.9982802867889404,0.9980549812316895
side_person17.mp4,side,343,11433,30.0,848,478,24,right_hip,0.5290319323539734,0.4850209355354309,0.11456874758005142,0.9962358474731445,0.9977090358734131
side_person17.mp4,side,343,11433,30.0,848,478,25,left_knee,0.5142077803611755,0.6851750016212463,-0.06069015711545944,0.9191052317619324,0.9991463422775269
side_person17.mp4,side,343,11433,30.0,848,478,26,right_knee,0.5121092200279236,0.673359215259552,0.18737316131591797,0.3168172836303711,0.9989859461784363
side_person17.mp4,side,343,11433,30.0,848,478,27,left_ankle,0.506464958190918,0.8893510699272156,0.009567965753376484,0.9350674152374268,0.9966513514518738
side_person17.mp4,side,343,11433,30.0,848,478,28,right_ankle,0.5082112550735474,0.8481897711753845,0.29755720496177673,0.448419988155365,0.9985705614089966
side_person17.mp4,side,343,11433,30.0,848,478,29,left_heel,0.5165157318115234,0.9232966899871826,0.017336636781692505,0.923269510269165,0.9938068985939026
side_person17.mp4,side,343,11433,30.0,848,478,30,right_heel,0.5145620703697205,0.87876957654953,0.30697664618492126,0.6154493689537048,0.9973478317260742
side_person17.mp4,side,343,11433,30.0,848,478,31,left_foot_index,0.4603883624076843,0.9237068295478821,-0.0567455068230629,0.9062345623970032,0.9956907629966736
side_person17.mp4,side,343,11433,30.0,848,478,32,right_foot_index,0.4651537835597992,0.8646752238273621,0.2478243112564087,0.5968639254570007,0.9985755681991577
side_person17.mp4,side,344,11467,30.0,848,478,0,nose,0.46694839000701904,0.14959174394607544,-0.04604320973157883,0.99873286485672,0.9996713399887085
side_person17.mp4,side,344,11467,30.0,848,478,1,left_eye_inner,0.4709540009498596,0.12987515330314636,-0.06772221624851227,0.9986710548400879,0.9995323419570923
side_person17.mp4,side,344,11467,30.0,848,478,2,left_eye,0.47237205505371094,0.12910981476306915,-0.06775201112031937,0.9986670017242432,0.9995023012161255
side_person17.mp4,side,344,11467,30.0,848,478,3,left_eye_outer,0.4739297330379486,0.12851697206497192,-0.0677315965294838,0.9989732503890991,0.9994367957115173
side_person17.mp4,side,344,11467,30.0,848,478,4,right_eye_inner,0.4705885648727417,0.13005408644676208,-0.03303893283009529,0.9984670281410217,0.9995989203453064
side_person17.mp4,side,344,11467,30.0,848,478,5,right_eye,0.47173523902893066,0.12934701144695282,-0.03302093222737312,0.9983739852905273,0.9996066689491272
side_person17.mp4,side,344,11467,30.0,848,478,6,right_eye_outer,0.4731111228466034,0.12867417931556702,-0.0330536812543869,0.9988730549812317,0.9995951056480408
side_person17.mp4,side,344,11467,30.0,848,478,7,left_ear,0.4887077808380127,0.1325027495622635,-0.11653262376785278,0.9978325366973877,0.9993883371353149
side_person17.mp4,side,344,11467,30.0,848,478,8,right_ear,0.4877870976924896,0.13247673213481903,0.038028668612241745,0.9982432723045349,0.9995397329330444
side_person17.mp4,side,344,11467,30.0,848,478,9,mouth_left,0.4727174937725067,0.16448451578617096,-0.06054072454571724,0.9980486631393433,0.9996366500854492
side_person17.mp4,side,344,11467,30.0,848,478,10,mouth_right,0.4722253680229187,0.1657651960849762,-0.015367686748504639,0.997115969657898,0.9996728897094727
side_person17.mp4,side,344,11467,30.0,848,478,11,left_shoulder,0.5051615834236145,0.20843957364559174,-0.20981240272521973,0.9990977644920349,0.9992101192474365
side_person17.mp4,side,344,11467,30.0,848,478,12,right_shoulder,0.5049257278442383,0.23104430735111237,0.1534672975540161,0.9971939921379089,0.9991758465766907
side_person17.mp4,side,344,11467,30.0,848,478,13,left_elbow,0.41608425974845886,0.23936928808689117,-0.2717548906803131,0.9873149394989014,0.9993841648101807
side_person17.mp4,side,344,11467,30.0,848,478,14,right_elbow,0.4354728162288666,0.27236080169677734,0.18527865409851074,0.3324843645095825,0.9996525049209595
side_person17.mp4,side,344,11467,30.0,848,478,15,left_wrist,0.34935420751571655,0.2447635680437088,-0.24360910058021545,0.9765331745147705,0.9990119934082031
side_person17.mp4,side,344,11467,30.0,848,478,16,right_wrist,0.3599189221858978,0.2709246277809143,0.09466968476772308,0.4334605038166046,0.999325156211853
side_person17.mp4,side,344,11467,30.0,848,478,17,left_pinky,0.3283734917640686,0.24156597256660461,-0.28616490960121155,0.9640821218490601,0.9988985061645508
side_person17.mp4,side,344,11467,30.0,848,478,18,right_pinky,0.34638890624046326,0.2702719569206238,0.09348240494728088,0.43849411606788635,0.9991812109947205
side_person17.mp4,side,344,11467,30.0,848,478,19,left_index,0.32638996839523315,0.23973779380321503,-0.2628738582134247,0.9598828554153442,0.9987862706184387
side_person17.mp4,side,344,11467,30.0,848,478,20,right_index,0.3445751965045929,0.2686072587966919,0.05548630282282829,0.45433947443962097,0.9990289211273193
side_person17.mp4,side,344,11467,30.0,848,478,21,left_thumb,0.3329654932022095,0.2462979108095169,-0.2350265234708786,0.9373065829277039,0.9988619089126587
side_person17.mp4,side,344,11467,30.0,848,478,22,right_thumb,0.3475531041622162,0.2696280777454376,0.07478218525648117,0.4781550168991089,0.9990930557250977
side_person17.mp4,side,344,11467,30.0,848,478,23,left_hip,0.5332649350166321,0.48127281665802,-0.11462143063545227,0.9983235597610474,0.9991593360900879
side_person17.mp4,side,344,11467,30.0,848,478,24,right_hip,0.5280965566635132,0.48241204023361206,0.11455930769443512,0.9962975382804871,0.9989054203033447
side_person17.mp4,side,344,11467,30.0,848,478,25,left_knee,0.5146984457969666,0.6789368987083435,-0.06100385636091232,0.918222963809967,0.9997445940971375
side_person17.mp4,side,344,11467,30.0,848,478,26,right_knee,0.514152467250824,0.6678957343101501,0.21118170022964478,0.30310097336769104,0.9996140599250793
side_person17.mp4,side,344,11467,30.0,848,478,27,left_ankle,0.5073477029800415,0.8856762647628784,-0.008542005904018879,0.9373353719711304,0.9989829659461975
side_person17.mp4,side,344,11467,30.0,848,478,28,right_ankle,0.5112107992172241,0.8403455018997192,0.34023281931877136,0.44809889793395996,0.9995107650756836
side_person17.mp4,side,344,11467,30.0,848,478,29,left_heel,0.5183233022689819,0.9212555289268494,-0.006252085790038109,0.926929235458374,0.9979904890060425
side_person17.mp4,side,344,11467,30.0,848,478,30,right_heel,0.5190696120262146,0.8765668869018555,0.3513786792755127,0.6184495687484741,0.9991154074668884
side_person17.mp4,side,344,11467,30.0,848,478,31,left_foot_index,0.46132510900497437,0.9231295585632324,-0.08945214003324509,0.910929262638092,0.9982883334159851
side_person17.mp4,side,344,11467,30.0,848,478,32,right_foot_index,0.4677899181842804,0.85687255859375,0.2986794114112854,0.6070887446403503,0.9995001554489136
side_person17.mp4,side,345,11500,30.0,848,478,0,nose,0.4682813584804535,0.14924708008766174,-0.0479554608464241,0.9987644553184509,0.9995321035385132
side_person17.mp4,side,345,11500,30.0,848,478,1,left_eye_inner,0.4724701941013336,0.12906426191329956,-0.07008062303066254,0.9987037181854248,0.9993405938148499
side_person17.mp4,side,345,11500,30.0,848,478,2,left_eye,0.473908394575119,0.12833480536937714,-0.0701165497303009,0.9986945390701294,0.9993025064468384
side_person17.mp4,side,345,11500,30.0,848,478,3,left_eye_outer,0.4754745662212372,0.12781089544296265,-0.070100799202919,0.9989922046661377,0.9992173910140991
side_person17.mp4,side,345,11500,30.0,848,478,4,right_eye_inner,0.4720987379550934,0.12918004393577576,-0.035060007125139236,0.9985020756721497,0.9994290471076965
side_person17.mp4,side,345,11500,30.0,848,478,5,right_eye,0.4732608199119568,0.12843474745750427,-0.03503556177020073,0.9983989596366882,0.9994333386421204
side_person17.mp4,side,345,11500,30.0,848,478,6,right_eye_outer,0.4746311902999878,0.12773805856704712,-0.03506941348314285,0.9988973736763,0.9994149208068848
side_person17.mp4,side,345,11500,30.0,848,478,7,left_ear,0.49017226696014404,0.13228969275951385,-0.12007235735654831,0.9978978037834167,0.9991771578788757
side_person17.mp4,side,345,11500,30.0,848,478,8,right_ear,0.4893438220024109,0.1318371444940567,0.036101751029491425,0.9982484579086304,0.9993425011634827
side_person17.mp4,side,345,11500,30.0,848,478,9,mouth_left,0.4741196930408478,0.16442058980464935,-0.06271505355834961,0.9981107115745544,0.999563992023468
side_person17.mp4,side,345,11500,30.0,848,478,10,mouth_right,0.47360581159591675,0.16564138233661652,-0.017078418284654617,0.9972145557403564,0.999602735042572
side_person17.mp4,side,345,11500,30.0,848,478,11,left_shoulder,0.5055531859397888,0.20918291807174683,-0.21373291313648224,0.9991639256477356,0.9992327690124512
side_person17.mp4,side,345,11500,30.0,848,478,12,right_shoulder,0.5063358545303345,0.2305305153131485,0.15440955758094788,0.9973393082618713,0.9990900754928589
side_person17.mp4,side,345,11500,30.0,848,478,13,left_elbow,0.41607195138931274,0.23643456399440765,-0.27829185128211975,0.9877375364303589,0.9994255304336548
side_person17.mp4,side,345,11500,30.0,848,478,14,right_elbow,0.43603795766830444,0.26941201090812683,0.190152108669281,0.33877646923065186,0.9996705055236816
side_person17.mp4,side,345,11500,30.0,848,478,15,left_wrist,0.348687082529068,0.2425873726606369,-0.25218260288238525,0.9764342308044434,0.9989305138587952
side_person17.mp4,side,345,11500,30.0,848,478,16,right_wrist,0.36070409417152405,0.2689996361732483,0.10006973147392273,0.44269105792045593,0.9993610978126526
side_person17.mp4,side,345,11500,30.0,848,478,17,left_pinky,0.3269689381122589,0.23887324333190918,-0.2957313358783722,0.9636933207511902,0.9988301396369934
side_person17.mp4,side,345,11500,30.0,848,478,18,right_pinky,0.3470782935619354,0.2680847942829132,0.09923067688941956,0.44538965821266174,0.9992378950119019
side_person17.mp4,side,345,11500,30.0,848,478,19,left_index,0.32576116919517517,0.23707081377506256,-0.27119845151901245,0.9595047831535339,0.9987397789955139
side_person17.mp4,side,345,11500,30.0,848,478,20,right_index,0.3452930152416229,0.26615262031555176,0.060907281935214996,0.4618380665779114,0.9991089701652527
side_person17.mp4,side,345,11500,30.0,848,478,21,left_thumb,0.3323895037174225,0.2428460270166397,-0.24317710101604462,0.9367517828941345,0.9987877011299133
side_person17.mp4,side,345,11500,30.0,848,478,22,right_thumb,0.3481532335281372,0.2670312523841858,0.08007112890481949,0.48505815863609314,0.9991610050201416
side_person17.mp4,side,345,11500,30.0,848,478,23,left_hip,0.5323647260665894,0.4832564890384674,-0.11481145769357681,0.9983059763908386,0.9984322190284729
side_person17.mp4,side,345,11500,30.0,848,478,24,right_hip,0.5281334519386292,0.4839417338371277,0.11473727971315384,0.996221661567688,0.9978387951850891
side_person17.mp4,side,345,11500,30.0,848,478,25,left_knee,0.5134843587875366,0.680088996887207,-0.05771980807185173,0.9161072373390198,0.9994791150093079
side_person17.mp4,side,345,11500,30.0,848,478,26,right_knee,0.5136445760726929,0.6688433289527893,0.20063340663909912,0.29094699025154114,0.999196469783783
side_person17.mp4,side,345,11500,30.0,848,478,27,left_ankle,0.5072599649429321,0.8831173777580261,0.009002313017845154,0.9380919337272644,0.9977682828903198
side_person17.mp4,side,345,11500,30.0,848,478,28,right_ankle,0.5106837749481201,0.8407101035118103,0.3203614354133606,0.44523388147354126,0.9989407658576965
side_person17.mp4,side,345,11500,30.0,848,478,29,left_heel,0.5186372399330139,0.9188159108161926,0.011017893441021442,0.9286993145942688,0.995599627494812
side_person17.mp4,side,345,11500,30.0,848,478,30,right_heel,0.5192220211029053,0.8774134516716003,0.33070307970046997,0.6209791302680969,0.9980276226997375
side_person17.mp4,side,345,11500,30.0,848,478,31,left_foot_index,0.46231645345687866,0.9212153553962708,-0.08323884755373001,0.913003146648407,0.9967412352561951
side_person17.mp4,side,345,11500,30.0,848,478,32,right_foot_index,0.4677138030529022,0.858033299446106,0.2770934998989105,0.6123437881469727,0.9989376664161682
side_person17.mp4,side,346,11533,30.0,848,478,0,nose,0.46934574842453003,0.14846530556678772,-0.05190665274858475,0.9988044500350952,0.9995630383491516
side_person17.mp4,side,346,11533,30.0,848,478,1,left_eye_inner,0.4737702012062073,0.1284896284341812,-0.07405015826225281,0.9987494349479675,0.9994218349456787
side_person17.mp4,side,346,11533,30.0,848,478,2,left_eye,0.4751783311367035,0.12775419652462006,-0.07408667355775833,0.9987360239028931,0.9993945360183716
side_person17.mp4,side,346,11533,30.0,848,478,3,left_eye_outer,0.476697713136673,0.1272428184747696,-0.0740768313407898,0.9990234971046448,0.9993265867233276
side_person17.mp4,side,346,11533,30.0,848,478,4,right_eye_inner,0.47347334027290344,0.12859833240509033,-0.03895249962806702,0.9985532164573669,0.9994921684265137
side_person17.mp4,side,346,11533,30.0,848,478,5,right_eye,0.47467055916786194,0.12785999476909637,-0.0389307364821434,0.9984414577484131,0.9994981288909912
side_person17.mp4,side,346,11533,30.0,848,478,6,right_eye_outer,0.4760631322860718,0.12722145020961761,-0.038964059203863144,0.9989316463470459,0.9994818568229675
side_person17.mp4,side,346,11533,30.0,848,478,7,left_ear,0.4911644160747528,0.13195393979549408,-0.12375591695308685,0.9979777336120605,0.9993044137954712
side_person17.mp4,side,346,11533,30.0,848,478,8,right_ear,0.4906883239746094,0.13165941834449768,0.032873865216970444,0.9982712268829346,0.9994294047355652
side_person17.mp4,side,346,11533,30.0,848,478,9,mouth_left,0.4749610722064972,0.16355161368846893,-0.06664329022169113,0.9981855750083923,0.9995846152305603
side_person17.mp4,side,346,11533,30.0,848,478,10,mouth_right,0.4745439887046814,0.1646328717470169,-0.020854437723755836,0.9973297119140625,0.9996150732040405
side_person17.mp4,side,346,11533,30.0,848,478,11,left_shoulder,0.5052193403244019,0.2102343738079071,-0.21435211598873138,0.9992233514785767,0.9992532134056091
side_person17.mp4,side,346,11533,30.0,848,478,12,right_shoulder,0.5074092745780945,0.23038890957832336,0.15196634829044342,0.9974687695503235,0.9990869760513306
side_person17.mp4,side,346,11533,30.0,848,478,13,left_elbow,0.4158592224121094,0.23574434220790863,-0.2823317050933838,0.9880284070968628,0.9993477463722229
side_person17.mp4,side,346,11533,30.0,848,478,14,right_elbow,0.4361465871334076,0.2681726813316345,0.18657490611076355,0.3416275680065155,0.999593198299408
side_person17.mp4,side,346,11533,30.0,848,478,15,left_wrist,0.34789523482322693,0.23917914927005768,-0.2555975615978241,0.9758850932121277,0.9988307356834412
side_person17.mp4,side,346,11533,30.0,848,478,16,right_wrist,0.3607690930366516,0.26525938510894775,0.09509046375751495,0.44563016295433044,0.9992038607597351
side_person17.mp4,side,346,11533,30.0,848,478,17,left_pinky,0.32634609937667847,0.23468032479286194,-0.29964956641197205,0.9627001881599426,0.9987419247627258
side_person17.mp4,side,346,11533,30.0,848,478,18,right_pinky,0.34722626209259033,0.264122873544693,0.09370987117290497,0.44646066427230835,0.9990739822387695
side_person17.mp4,side,346,11533,30.0,848,478,19,left_index,0.3254360556602478,0.2331031709909439,-0.27505195140838623,0.9584936499595642,0.9986274242401123
side_person17.mp4,side,346,11533,30.0,848,478,20,right_index,0.34548720717430115,0.2626051604747772,0.055414292961359024,0.4633996784687042,0.998916745185852
side_person17.mp4,side,346,11533,30.0,848,478,21,left_thumb,0.33265960216522217,0.23936426639556885,-0.24659964442253113,0.935336172580719,0.9986833930015564
side_person17.mp4,side,346,11533,30.0,848,478,22,right_thumb,0.3481646478176117,0.263812392950058,0.07499951869249344,0.48642683029174805,0.998963475227356
side_person17.mp4,side,346,11533,30.0,848,478,23,left_hip,0.531947672367096,0.48449692130088806,-0.11575327068567276,0.9983252882957458,0.9988296627998352
side_person17.mp4,side,346,11533,30.0,848,478,24,right_hip,0.5280552506446838,0.484708309173584,0.11567423492670059,0.9961999654769897,0.9982736110687256
side_person17.mp4,side,346,11533,30.0,848,478,25,left_knee,0.5129463076591492,0.6805901527404785,-0.059482820332050323,0.9149976372718811,0.9996495246887207
side_person17.mp4,side,346,11533,30.0,848,478,26,right_knee,0.5135509371757507,0.6685662865638733,0.2137322723865509,0.27882087230682373,0.9993607401847839
side_person17.mp4,side,346,11533,30.0,848,478,27,left_ankle,0.5072489976882935,0.8835190534591675,0.009632452391088009,0.9395223259925842,0.9982931017875671
side_person17.mp4,side,346,11533,30.0,848,478,28,right_ankle,0.510452151298523,0.8398125171661377,0.3437158763408661,0.44156351685523987,0.9991839528083801
side_person17.mp4,side,346,11533,30.0,848,478,29,left_heel,0.5188049674034119,0.9188547730445862,0.01213341299444437,0.9307876825332642,0.9965722560882568
side_person17.mp4,side,346,11533,30.0,848,478,30,right_heel,0.518645167350769,0.8721017241477966,0.3551362156867981,0.6222140192985535,0.9985211491584778
side_person17.mp4,side,346,11533,30.0,848,478,31,left_foot_index,0.4624950587749481,0.9213879108428955,-0.07377376407384872,0.9158123731613159,0.9973142743110657
side_person17.mp4,side,346,11533,30.0,848,478,32,right_foot_index,0.4680933356285095,0.8589562177658081,0.30197903513908386,0.6172595620155334,0.9992154836654663
side_person17.mp4,side,347,11567,30.0,848,478,0,nose,0.469662070274353,0.14946092665195465,-0.051403291523456573,0.9988323450088501,0.9995328187942505
side_person17.mp4,side,347,11567,30.0,848,478,1,left_eye_inner,0.473965585231781,0.1293986290693283,-0.0738888829946518,0.9987812042236328,0.9993435740470886
side_person17.mp4,side,347,11567,30.0,848,478,2,left_eye,0.4753483235836029,0.12868726253509521,-0.07392389327287674,0.9987617135047913,0.9992969036102295
side_person17.mp4,side,347,11567,30.0,848,478,3,left_eye_outer,0.4768567979335785,0.12815266847610474,-0.0739070326089859,0.9990414977073669,0.9992011189460754
side_person17.mp4,side,347,11567,30.0,848,478,4,right_eye_inner,0.47369685769081116,0.12943050265312195,-0.0385441817343235,0.9985893964767456,0.9994454979896545
side_person17.mp4,side,347,11567,30.0,848,478,5,right_eye,0.4748978018760681,0.12868639826774597,-0.03852115198969841,0.9984691143035889,0.9994553923606873
side_person17.mp4,side,347,11567,30.0,848,478,6,right_eye_outer,0.47631970047950745,0.12799853086471558,-0.03855708986520767,0.9989571571350098,0.9994407296180725
side_person17.mp4,side,347,11567,30.0,848,478,7,left_ear,0.4911632537841797,0.1327211558818817,-0.12437563389539719,0.9980278611183167,0.9991350769996643
side_person17.mp4,side,347,11567,30.0,848,478,8,right_ear,0.49080899357795715,0.1324976086616516,0.03313298150897026,0.9982828497886658,0.9993765950202942
side_person17.mp4,side,347,11567,30.0,848,478,9,mouth_left,0.4752365052700043,0.16458088159561157,-0.06629940867424011,0.9982381463050842,0.9995296001434326
side_person17.mp4,side,347,11567,30.0,848,478,10,mouth_right,0.47486892342567444,0.1655202955007553,-0.02026241272687912,0.9974143505096436,0.9995843768119812
side_person17.mp4,side,347,11567,30.0,848,478,11,left_shoulder,0.5051841139793396,0.2097257822751999,-0.21627779304981232,0.9992732405662537,0.9991331696510315
side_person17.mp4,side,347,11567,30.0,848,478,12,right_shoulder,0.5079142451286316,0.2296813428401947,0.15155790746212006,0.9975871443748474,0.9990432858467102
side_person17.mp4,side,347,11567,30.0,848,478,13,left_elbow,0.4156634509563446,0.2361883670091629,-0.28238359093666077,0.9882921576499939,0.9993425011634827
side_person17.mp4,side,347,11567,30.0,848,478,14,right_elbow,0.43609967827796936,0.26812121272087097,0.18479257822036743,0.34546616673469543,0.9996148347854614
side_person17.mp4,side,347,11567,30.0,848,478,15,left_wrist,0.3476634621620178,0.23883354663848877,-0.25382736325263977,0.9756835699081421,0.9988861680030823
side_person17.mp4,side,347,11567,30.0,848,478,16,right_wrist,0.3607472777366638,0.2648420035839081,0.09290368854999542,0.450943261384964,0.9992577433586121
side_person17.mp4,side,347,11567,30.0,848,478,17,left_pinky,0.3256497383117676,0.2336789071559906,-0.29754477739334106,0.9622188806533813,0.9987898468971252
side_person17.mp4,side,347,11567,30.0,848,478,18,right_pinky,0.3471825420856476,0.2635800540447235,0.09132009744644165,0.44978997111320496,0.9991233944892883
side_person17.mp4,side,347,11567,30.0,848,478,19,left_index,0.3253563642501831,0.23188722133636475,-0.272858589887619,0.9580184817314148,0.9986891150474548
side_person17.mp4,side,347,11567,30.0,848,478,20,right_index,0.3453942537307739,0.26212769746780396,0.053031060844659805,0.46716034412384033,0.9989798665046692
side_person17.mp4,side,347,11567,30.0,848,478,21,left_thumb,0.3322639465332031,0.2382652461528778,-0.24468600749969482,0.9347105026245117,0.9987428784370422
side_person17.mp4,side,347,11567,30.0,848,478,22,right_thumb,0.3480566143989563,0.2633616030216217,0.07281072437763214,0.490044504404068,0.9990286827087402
side_person17.mp4,side,347,11567,30.0,848,478,23,left_hip,0.5317999124526978,0.4845139682292938,-0.11564024537801743,0.9983367323875427,0.9986093044281006
side_person17.mp4,side,347,11567,30.0,848,478,24,right_hip,0.528239905834198,0.4843304753303528,0.1155628114938736,0.996184229850769,0.998138427734375
side_person17.mp4,side,347,11567,30.0,848,478,25,left_knee,0.512462317943573,0.6817322373390198,-0.05884430184960365,0.9132684469223022,0.9995787739753723
side_person17.mp4,side,347,11567,30.0,848,478,26,right_knee,0.5136130452156067,0.6690703630447388,0.20952682197093964,0.26833614706993103,0.9993304014205933
side_person17.mp4,side,347,11567,30.0,848,478,27,left_ankle,0.507447361946106,0.8840869665145874,0.010031568817794323,0.9405260682106018,0.9983419179916382
side_person17.mp4,side,347,11567,30.0,848,478,28,right_ankle,0.5110586285591125,0.8398675918579102,0.3360925018787384,0.43942224979400635,0.999230146408081
side_person17.mp4,side,347,11567,30.0,848,478,29,left_heel,0.5191470384597778,0.9188305139541626,0.0126846544444561,0.9329206943511963,0.9967189431190491
side_person17.mp4,side,347,11567,30.0,848,478,30,right_heel,0.5185661315917969,0.8700588345527649,0.347199410200119,0.6249516606330872,0.998599112033844
side_person17.mp4,side,347,11567,30.0,848,478,31,left_foot_index,0.4625677466392517,0.9215109944343567,-0.06805400550365448,0.9181182384490967,0.9974134564399719
side_person17.mp4,side,347,11567,30.0,848,478,32,right_foot_index,0.4683346748352051,0.8595255613327026,0.2944665849208832,0.6220242977142334,0.9992412328720093
side_person17.mp4,side,348,11600,30.0,848,478,0,nose,0.4702663719654083,0.1482425481081009,-0.03722408786416054,0.9988911747932434,0.9997503161430359
side_person17.mp4,side,348,11600,30.0,848,478,1,left_eye_inner,0.4744870662689209,0.12866739928722382,-0.06016317382454872,0.998842179775238,0.9996148347854614
side_person17.mp4,side,348,11600,30.0,848,478,2,left_eye,0.47588223218917847,0.1278989315032959,-0.0601927787065506,0.9988186955451965,0.999582827091217
side_person17.mp4,side,348,11600,30.0,848,478,3,left_eye_outer,0.4773763120174408,0.1272655725479126,-0.06017293035984039,0.9990856647491455,0.999514102935791
side_person17.mp4,side,348,11600,30.0,848,478,4,right_eye_inner,0.47422030568122864,0.12887082993984222,-0.024545595049858093,0.9986599683761597,0.9996833801269531
side_person17.mp4,side,348,11600,30.0,848,478,5,right_eye,0.47543931007385254,0.12818488478660583,-0.024516280740499496,0.9985389709472656,0.9996863603591919
side_person17.mp4,side,348,11600,30.0,848,478,6,right_eye_outer,0.47684985399246216,0.1275276094675064,-0.024548489600419998,0.9990110993385315,0.9996744394302368
side_person17.mp4,side,348,11600,30.0,848,478,7,left_ear,0.4916265606880188,0.13148781657218933,-0.11268968135118484,0.9981237053871155,0.9994372725486755
side_person17.mp4,side,348,11600,30.0,848,478,8,right_ear,0.49135127663612366,0.13173344731330872,0.04599494859576225,0.9983546137809753,0.9996246099472046
side_person17.mp4,side,348,11600,30.0,848,478,9,mouth_left,0.4758848249912262,0.16291558742523193,-0.052549924701452255,0.9983174204826355,0.999679684638977
side_person17.mp4,side,348,11600,30.0,848,478,10,mouth_right,0.4755469858646393,0.16417182981967926,-0.006240305490791798,0.9975388646125793,0.9997351765632629
side_person17.mp4,side,348,11600,30.0,848,478,11,left_shoulder,0.5048825144767761,0.20959831774234772,-0.2089724838733673,0.9993194937705994,0.9991779923439026
side_person17.mp4,side,348,11600,30.0,848,478,12,right_shoulder,0.5093847513198853,0.23164381086826324,0.1649838089942932,0.9977251887321472,0.9992693066596985
side_person17.mp4,side,348,11600,30.0,848,478,13,left_elbow,0.415341854095459,0.23468536138534546,-0.2750266194343567,0.9885973930358887,0.9994491934776306
side_person17.mp4,side,348,11600,30.0,848,478,14,right_elbow,0.43617910146713257,0.27038320899009705,0.19926640391349792,0.3559120297431946,0.9997386336326599
side_person17.mp4,side,348,11600,30.0,848,478,15,left_wrist,0.34720107913017273,0.23644475638866425,-0.2448619306087494,0.9755805730819702,0.9990108013153076
side_person17.mp4,side,348,11600,30.0,848,478,16,right_wrist,0.3608457148075104,0.26753556728363037,0.11245857179164886,0.4627200663089752,0.9995301961898804
side_person17.mp4,side,348,11600,30.0,848,478,17,left_pinky,0.32549193501472473,0.2289426028728485,-0.28764042258262634,0.9617923498153687,0.9989444613456726
side_person17.mp4,side,348,11600,30.0,848,478,18,right_pinky,0.3474815785884857,0.2638799548149109,0.11319445073604584,0.45852914452552795,0.9994325041770935
side_person17.mp4,side,348,11600,30.0,848,478,19,left_index,0.32514384388923645,0.22719408571720123,-0.26088908314704895,0.9575343132019043,0.9988586902618408
side_person17.mp4,side,348,11600,30.0,848,478,20,right_index,0.34569329023361206,0.262448787689209,0.07537368685007095,0.47614219784736633,0.9993423819541931
side_person17.mp4,side,348,11600,30.0,848,478,21,left_thumb,0.3320431709289551,0.2337883561849594,-0.23490473628044128,0.9342397451400757,0.9989025592803955
side_person17.mp4,side,348,11600,30.0,848,478,22,right_thumb,0.34823450446128845,0.2638489007949829,0.09280983358621597,0.4988795518875122,0.999382495880127
side_person17.mp4,side,348,11600,30.0,848,478,23,left_hip,0.5314180254936218,0.4862844944000244,-0.11600452661514282,0.9983391761779785,0.9983381032943726
side_person17.mp4,side,348,11600,30.0,848,478,24,right_hip,0.5285847783088684,0.4864949584007263,0.11591071635484695,0.9962159991264343,0.9980056881904602
side_person17.mp4,side,348,11600,30.0,848,478,25,left_knee,0.5122358798980713,0.6829647421836853,-0.057893771678209305,0.9126355648040771,0.9994493126869202
side_person17.mp4,side,348,11600,30.0,848,478,26,right_knee,0.5125967264175415,0.6695476770401001,0.2006276696920395,0.2622050642967224,0.999320387840271
side_person17.mp4,side,348,11600,30.0,848,478,27,left_ankle,0.5075332522392273,0.8842543959617615,0.01713285967707634,0.941317617893219,0.9979602098464966
side_person17.mp4,side,348,11600,30.0,848,478,28,right_ankle,0.5108433365821838,0.8408078551292419,0.3315911591053009,0.4414042532444,0.9991196990013123
side_person17.mp4,side,348,11600,30.0,848,478,29,left_heel,0.5195586085319519,0.9194670915603638,0.020481610670685768,0.9346390962600708,0.9960434436798096
side_person17.mp4,side,348,11600,30.0,848,478,30,right_heel,0.5186163187026978,0.8708775043487549,0.34004488587379456,0.6304437518119812,0.9983238577842712
side_person17.mp4,side,348,11600,30.0,848,478,31,left_foot_index,0.46285563707351685,0.9222008585929871,-0.058857064694166183,0.9196038842201233,0.9971217513084412
side_person17.mp4,side,348,11600,30.0,848,478,32,right_foot_index,0.4682081937789917,0.8602311611175537,0.28207650780677795,0.6276854276657104,0.999046266078949
side_person17.mp4,side,349,11633,30.0,848,478,0,nose,0.4702540338039398,0.14758864045143127,-0.03347984328866005,0.9989374876022339,0.9996961355209351
side_person17.mp4,side,349,11633,30.0,848,478,1,left_eye_inner,0.4744947552680969,0.12806780636310577,-0.057061515748500824,0.9988934397697449,0.9995493292808533
side_person17.mp4,side,349,11633,30.0,848,478,2,left_eye,0.47586026787757874,0.12729418277740479,-0.057093121111392975,0.9988662004470825,0.9995185136795044
side_person17.mp4,side,349,11633,30.0,848,478,3,left_eye_outer,0.477334588766098,0.12668807804584503,-0.05707784742116928,0.9991244673728943,0.9994476437568665
side_person17.mp4,side,349,11633,30.0,848,478,4,right_eye_inner,0.47428131103515625,0.12825246155261993,-0.02091507613658905,0.9987159967422485,0.999616265296936
side_person17.mp4,side,349,11633,30.0,848,478,5,right_eye,0.4755181670188904,0.12755605578422546,-0.02088640071451664,0.9985937476158142,0.999619722366333
side_person17.mp4,side,349,11633,30.0,848,478,6,right_eye_outer,0.4769837260246277,0.12689794600009918,-0.02091144770383835,0.9990565180778503,0.9996022582054138
side_person17.mp4,side,349,11633,30.0,848,478,7,left_ear,0.49161890149116516,0.13121765851974487,-0.11188385635614395,0.9982033967971802,0.9994004964828491
side_person17.mp4,side,349,11633,30.0,848,478,8,right_ear,0.4915614724159241,0.13130761682987213,0.04896816611289978,0.9984047412872314,0.9995569586753845
side_person17.mp4,side,349,11633,30.0,848,478,9,mouth_left,0.47585052251815796,0.16259966790676117,-0.04967841878533363,0.9983832836151123,0.9996495246887207
side_person17.mp4,side,349,11633,30.0,848,478,10,mouth_right,0.475626677274704,0.16385312378406525,-0.0027049630880355835,0.9976351261138916,0.9997013211250305
side_person17.mp4,side,349,11633,30.0,848,478,11,left_shoulder,0.5045723915100098,0.2093566507101059,-0.2086985856294632,0.9993619322776794,0.9992355108261108
side_person17.mp4,side,349,11633,30.0,848,478,12,right_shoulder,0.5109816193580627,0.23277346789836884,0.16831092536449432,0.9978366494178772,0.9991631507873535
side_person17.mp4,side,349,11633,30.0,848,478,13,left_elbow,0.41417384147644043,0.23519426584243774,-0.2698844075202942,0.9888596534729004,0.9993764758110046
side_person17.mp4,side,349,11633,30.0,848,478,14,right_elbow,0.4366154968738556,0.2715364992618561,0.20117978751659393,0.3558168411254883,0.9996408224105835
side_person17.mp4,side,349,11633,30.0,848,478,15,left_wrist,0.3416369557380676,0.2373357117176056,-0.229787677526474,0.9749693870544434,0.9985941052436829
side_person17.mp4,side,349,11633,30.0,848,478,16,right_wrist,0.3610866069793701,0.2685185372829437,0.11552312225103378,0.4595194458961487,0.9992306232452393
side_person17.mp4,side,349,11633,30.0,848,478,17,left_pinky,0.32064512372016907,0.2296236902475357,-0.2716934382915497,0.960583508014679,0.9985178112983704
side_person17.mp4,side,349,11633,30.0,848,478,18,right_pinky,0.34797319769859314,0.26497259736061096,0.11666752398014069,0.45397818088531494,0.9991087317466736
side_person17.mp4,side,349,11633,30.0,848,478,19,left_index,0.3214905858039856,0.22745610773563385,-0.2437896430492401,0.956230878829956,0.9983952641487122
side_person17.mp4,side,349,11633,30.0,848,478,20,right_index,0.34617266058921814,0.2637253701686859,0.07873214781284332,0.47177648544311523,0.9989455342292786
side_person17.mp4,side,349,11633,30.0,848,478,21,left_thumb,0.3276744484901428,0.23398813605308533,-0.21917226910591125,0.9326228499412537,0.9984403252601624
side_person17.mp4,side,349,11633,30.0,848,478,22,right_thumb,0.3483146131038666,0.26512375473976135,0.09590131044387817,0.49448302388191223,0.9989835619926453
side_person17.mp4,side,349,11633,30.0,848,478,23,left_hip,0.530777096748352,0.48607370257377625,-0.11629686504602432,0.9983540177345276,0.9987285733222961
side_person17.mp4,side,349,11633,30.0,848,478,24,right_hip,0.5288175940513611,0.48688507080078125,0.11619696766138077,0.996242880821228,0.998224675655365
side_person17.mp4,side,349,11633,30.0,848,478,25,left_knee,0.5119112730026245,0.6837102174758911,-0.05748296529054642,0.9102407693862915,0.9995263814926147
side_person17.mp4,side,349,11633,30.0,848,478,26,right_knee,0.5124947428703308,0.6698079705238342,0.20150978863239288,0.25321683287620544,0.9993579983711243
side_person17.mp4,side,349,11633,30.0,848,478,27,left_ankle,0.5078321695327759,0.884544849395752,0.019547948613762856,0.941651463508606,0.9982840418815613
side_person17.mp4,side,349,11633,30.0,848,478,28,right_ankle,0.5108746290206909,0.8409177660942078,0.32318010926246643,0.44131386280059814,0.9992434978485107
side_person17.mp4,side,349,11633,30.0,848,478,29,left_heel,0.5199796557426453,0.9197055697441101,0.02327118068933487,0.9362288117408752,0.9966450333595276
side_person17.mp4,side,349,11633,30.0,848,478,30,right_heel,0.518536388874054,0.8715626001358032,0.33297961950302124,0.6345590353012085,0.9985972046852112
side_person17.mp4,side,349,11633,30.0,848,478,31,left_foot_index,0.46301811933517456,0.9231407642364502,-0.056016307324171066,0.9210975766181946,0.9975153207778931
side_person17.mp4,side,349,11633,30.0,848,478,32,right_foot_index,0.46816667914390564,0.8620278239250183,0.27861419320106506,0.6333680748939514,0.9992032647132874
side_person17.mp4,side,350,11667,30.0,848,478,0,nose,0.4701654016971588,0.14882399141788483,-0.032740890979766846,0.9989756345748901,0.9997283816337585
side_person17.mp4,side,350,11667,30.0,848,478,1,left_eye_inner,0.474357545375824,0.12877726554870605,-0.05621004477143288,0.9989328980445862,0.9995846152305603
side_person17.mp4,side,350,11667,30.0,848,478,2,left_eye,0.4757055342197418,0.12799200415611267,-0.056242991238832474,0.9989017844200134,0.9995507597923279
side_person17.mp4,side,350,11667,30.0,848,478,3,left_eye_outer,0.4771520495414734,0.12735715508460999,-0.05622589960694313,0.9991524815559387,0.9994788765907288
side_person17.mp4,side,350,11667,30.0,848,478,4,right_eye_inner,0.47413408756256104,0.1289638727903366,-0.02027524635195732,0.9987610578536987,0.999656081199646
side_person17.mp4,side,350,11667,30.0,848,478,5,right_eye,0.4753338694572449,0.1282728761434555,-0.02024645172059536,0.9986371397972107,0.9996603727340698
side_person17.mp4,side,350,11667,30.0,848,478,6,right_eye_outer,0.47678110003471375,0.12760750949382782,-0.020276853814721107,0.9990925788879395,0.9996488094329834
side_person17.mp4,side,350,11667,30.0,848,478,7,left_ear,0.4915332794189453,0.13173048198223114,-0.1107250228524208,0.9982655048370361,0.9994090795516968
side_person17.mp4,side,350,11667,30.0,848,478,8,right_ear,0.4914671778678894,0.13184955716133118,0.04936842620372772,0.998449981212616,0.9996071457862854
side_person17.mp4,side,350,11667,30.0,848,478,9,mouth_left,0.47585082054138184,0.16385099291801453,-0.048799123615026474,0.9984371066093445,0.9996844530105591
side_person17.mp4,side,350,11667,30.0,848,478,10,mouth_right,0.47566431760787964,0.16511110961437225,-0.002082862425595522,0.997717559337616,0.9997363686561584
side_person17.mp4,side,350,11667,30.0,848,478,11,left_shoulder,0.505438506603241,0.20982053875923157,-0.20666225254535675,0.9993999600410461,0.9992263317108154
side_person17.mp4,side,350,11667,30.0,848,478,12,right_shoulder,0.511019766330719,0.2334897518157959,0.16749928891658783,0.9979456663131714,0.9992802739143372
side_person17.mp4,side,350,11667,30.0,848,478,13,left_elbow,0.4141522943973541,0.23394541442394257,-0.27000951766967773,0.9891133904457092,0.9993938207626343
side_person17.mp4,side,350,11667,30.0,848,478,14,right_elbow,0.4371808171272278,0.2719961106777191,0.20135042071342468,0.3618791401386261,0.9997060894966125
side_person17.mp4,side,350,11667,30.0,848,478,15,left_wrist,0.3416360318660736,0.2365911900997162,-0.23457786440849304,0.9747616648674011,0.9986928105354309
side_person17.mp4,side,350,11667,30.0,848,478,16,right_wrist,0.3619617521762848,0.2697824537754059,0.11631934344768524,0.465929239988327,0.9993973970413208
side_person17.mp4,side,350,11667,30.0,848,478,17,left_pinky,0.32064080238342285,0.2289528250694275,-0.2767849862575531,0.9600381255149841,0.9986100196838379
side_person17.mp4,side,350,11667,30.0,848,478,18,right_pinky,0.34876593947410583,0.2659933269023895,0.11747727543115616,0.4583359360694885,0.9992744326591492
side_person17.mp4,side,350,11667,30.0,848,478,19,left_index,0.3214806914329529,0.22702981531620026,-0.24956656992435455,0.9556103944778442,0.9984982013702393
side_person17.mp4,side,350,11667,30.0,848,478,20,right_index,0.34687456488609314,0.2646196782588959,0.07943414151668549,0.47645366191864014,0.9991515874862671
side_person17.mp4,side,350,11667,30.0,848,478,21,left_thumb,0.3277214765548706,0.2338343858718872,-0.224386066198349,0.9319330453872681,0.998540997505188
side_person17.mp4,side,350,11667,30.0,848,478,22,right_thumb,0.3489427864551544,0.26593223214149475,0.0966515839099884,0.4991377890110016,0.9991986155509949
side_person17.mp4,side,350,11667,30.0,848,478,23,left_hip,0.5312491655349731,0.4860677123069763,-0.11625008285045624,0.9983359575271606,0.9983141422271729
side_person17.mp4,side,350,11667,30.0,848,478,24,right_hip,0.5288006067276001,0.4874131381511688,0.11615515500307083,0.9962219595909119,0.9979230761528015
side_person17.mp4,side,350,11667,30.0,848,478,25,left_knee,0.5116986036300659,0.6838763356208801,-0.05786211043596268,0.9077995419502258,0.999347984790802
side_person17.mp4,side,350,11667,30.0,848,478,26,right_knee,0.5119451880455017,0.6702081561088562,0.19757287204265594,0.24699583649635315,0.9992214441299438
side_person17.mp4,side,350,11667,30.0,848,478,27,left_ankle,0.5077361464500427,0.8847425580024719,0.019374357536435127,0.9411474466323853,0.997344434261322
side_person17.mp4,side,350,11667,30.0,848,478,28,right_ankle,0.5107100009918213,0.8417261242866516,0.30221134424209595,0.44080838561058044,0.9989307522773743
side_person17.mp4,side,350,11667,30.0,848,478,29,left_heel,0.5199071168899536,0.9200275540351868,0.02311018295586109,0.9367156028747559,0.9948415160179138
side_person17.mp4,side,350,11667,30.0,848,478,30,right_heel,0.5184699296951294,0.8727616667747498,0.3110591471195221,0.6380496621131897,0.9979760050773621
side_person17.mp4,side,350,11667,30.0,848,478,31,left_foot_index,0.46301066875457764,0.9231687784194946,-0.05591769888997078,0.9212061762809753,0.9962863922119141
side_person17.mp4,side,350,11667,30.0,848,478,32,right_foot_index,0.4680881202220917,0.8627883195877075,0.255948007106781,0.6367096900939941,0.9988337159156799
side_person17.mp4,side,351,11700,30.0,848,478,0,nose,0.47014740109443665,0.14831215143203735,-0.03678318113088608,0.9990088939666748,0.9996826648712158
side_person17.mp4,side,351,11700,30.0,848,478,1,left_eye_inner,0.4743902087211609,0.12790866196155548,-0.05987899750471115,0.9989680051803589,0.9995185136795044
side_person17.mp4,side,351,11700,30.0,848,478,2,left_eye,0.47576260566711426,0.12711797654628754,-0.05991186574101448,0.9989317059516907,0.9994739890098572
side_person17.mp4,side,351,11700,30.0,848,478,3,left_eye_outer,0.47724467515945435,0.1264680027961731,-0.05989576131105423,0.9991765022277832,0.9993886947631836
side_person17.mp4,side,351,11700,30.0,848,478,4,right_eye_inner,0.474050909280777,0.12809985876083374,-0.02404613234102726,0.9988033175468445,0.9996142387390137
side_person17.mp4,side,351,11700,30.0,848,478,5,right_eye,0.4751841425895691,0.1273948699235916,-0.024022268131375313,0.9986785054206848,0.9996261596679688
side_person17.mp4,side,351,11700,30.0,848,478,6,right_eye_outer,0.4765652120113373,0.12671366333961487,-0.024052953347563744,0.9991273880004883,0.9996205568313599
side_person17.mp4,side,351,11700,30.0,848,478,7,left_ear,0.4918932318687439,0.13068068027496338,-0.11315561830997467,0.9983112215995789,0.9992914199829102
side_person17.mp4,side,351,11700,30.0,848,478,8,right_ear,0.4913954436779022,0.1308325082063675,0.04668191075325012,0.998489499092102,0.9995819926261902
side_person17.mp4,side,351,11700,30.0,848,478,9,mouth_left,0.4759589433670044,0.16341432929039001,-0.052506063133478165,0.9984789490699768,0.9996337890625
side_person17.mp4,side,351,11700,30.0,848,478,10,mouth_right,0.4756512939929962,0.16465166211128235,-0.005914295092225075,0.9977934956550598,0.99970942735672
side_person17.mp4,side,351,11700,30.0,848,478,11,left_shoulder,0.5065087676048279,0.21007110178470612,-0.20854394137859344,0.9994280338287354,0.9990136623382568
side_person17.mp4,side,351,11700,30.0,848,478,12,right_shoulder,0.5108379125595093,0.2336585372686386,0.16497758030891418,0.9980480074882507,0.9993150234222412
side_person17.mp4,side,351,11700,30.0,848,478,13,left_elbow,0.41423743963241577,0.23458386957645416,-0.27228736877441406,0.9893448948860168,0.9993630051612854
side_person17.mp4,side,351,11700,30.0,848,478,14,right_elbow,0.43711093068122864,0.2723689079284668,0.19843228161334991,0.37016385793685913,0.9997344613075256
side_person17.mp4,side,351,11700,30.0,848,478,15,left_wrist,0.34183117747306824,0.23518911004066467,-0.23711392283439636,0.9747068285942078,0.9987251162528992
side_person17.mp4,side,351,11700,30.0,848,478,16,right_wrist,0.36232271790504456,0.27031049132347107,0.11123914271593094,0.47396349906921387,0.9994686245918274
side_person17.mp4,side,351,11700,30.0,848,478,17,left_pinky,0.32064348459243774,0.22648179531097412,-0.27922654151916504,0.9597848057746887,0.9986610412597656
side_person17.mp4,side,351,11700,30.0,848,478,18,right_pinky,0.3491213917732239,0.2655709385871887,0.11166975647211075,0.4641351103782654,0.9993584752082825
side_person17.mp4,side,351,11700,30.0,848,478,19,left_index,0.321625679731369,0.22464507818222046,-0.25405943393707275,0.9553448557853699,0.9985276460647583
side_person17.mp4,side,351,11700,30.0,848,478,20,right_index,0.3473303020000458,0.26424869894981384,0.07358421385288239,0.48248106241226196,0.9992515444755554
side_person17.mp4,side,351,11700,30.0,848,478,21,left_thumb,0.32787376642227173,0.23181548714637756,-0.22763432562351227,0.931621253490448,0.9985752105712891
side_person17.mp4,side,351,11700,30.0,848,478,22,right_thumb,0.34939637780189514,0.26565951108932495,0.09146472811698914,0.504889190196991,0.9992938041687012
side_person17.mp4,side,351,11700,30.0,848,478,23,left_hip,0.5313721895217896,0.4861820638179779,-0.11633846163749695,0.9983225464820862,0.9983415603637695
side_person17.mp4,side,351,11700,30.0,848,478,24,right_hip,0.5289193987846375,0.4872934818267822,0.1162397637963295,0.9962263107299805,0.9981738328933716
side_person17.mp4,side,351,11700,30.0,848,478,25,left_knee,0.5116353034973145,0.6841250658035278,-0.05826818197965622,0.9065436124801636,0.9994140863418579
side_person17.mp4,side,351,11700,30.0,848,478,26,right_knee,0.512582004070282,0.6706297397613525,0.19567348062992096,0.24118684232234955,0.9993194341659546
side_person17.mp4,side,351,11700,30.0,848,478,27,left_ankle,0.5077246427536011,0.8849344253540039,0.021126488223671913,0.9418339729309082,0.998344898223877
side_person17.mp4,side,351,11700,30.0,848,478,28,right_ankle,0.5109734535217285,0.841806948184967,0.3025580644607544,0.44259902834892273,0.9992390871047974
side_person17.mp4,side,351,11700,30.0,848,478,29,left_heel,0.5198491811752319,0.9201229214668274,0.0252195056527853,0.9383259415626526,0.9969218373298645
side_person17.mp4,side,351,11700,30.0,848,478,30,right_heel,0.5187996029853821,0.8735337257385254,0.3113911747932434,0.6422508358955383,0.9986030459403992
side_person17.mp4,side,351,11700,30.0,848,478,31,left_foot_index,0.4629976451396942,0.9234426617622375,-0.05225742980837822,0.9229027032852173,0.9977433681488037
side_person17.mp4,side,351,11700,30.0,848,478,32,right_foot_index,0.46820512413978577,0.8633797764778137,0.25650325417518616,0.6420069932937622,0.9992092251777649
side_person17.mp4,side,352,11733,30.0,848,478,0,nose,0.47011059522628784,0.14809739589691162,-0.03865133970975876,0.9990096092224121,0.9996170997619629
side_person17.mp4,side,352,11733,30.0,848,478,1,left_eye_inner,0.47433847188949585,0.1275613009929657,-0.061655912548303604,0.9989654421806335,0.9994211196899414
side_person17.mp4,side,352,11733,30.0,848,478,2,left_eye,0.47572416067123413,0.12684249877929688,-0.06168726086616516,0.998927116394043,0.9993733763694763
side_person17.mp4,side,352,11733,30.0,848,478,3,left_eye_outer,0.4772113561630249,0.12626788020133972,-0.061674363911151886,0.9991692900657654,0.9992820620536804
side_person17.mp4,side,352,11733,30.0,848,478,4,right_eye_inner,0.4739643633365631,0.12766534090042114,-0.025875143706798553,0.9987991452217102,0.9995224475860596
side_person17.mp4,side,352,11733,30.0,848,478,5,right_eye,0.4750690460205078,0.12697109580039978,-0.025850936770439148,0.9986718893051147,0.9995312690734863
side_person17.mp4,side,352,11733,30.0,848,478,6,right_eye_outer,0.476421594619751,0.1263020932674408,-0.025878895074129105,0.9991265535354614,0.9995194673538208
side_person17.mp4,side,352,11733,30.0,848,478,7,left_ear,0.4917455315589905,0.1308412104845047,-0.11447009444236755,0.9983126521110535,0.9992030262947083
side_person17.mp4,side,352,11733,30.0,848,478,8,right_ear,0.49115052819252014,0.13063748180866241,0.04521365463733673,0.998481810092926,0.999472439289093
side_person17.mp4,side,352,11733,30.0,848,478,9,mouth_left,0.4759483337402344,0.16362382471561432,-0.05426029860973358,0.9984827637672424,0.9996094107627869
side_person17.mp4,side,352,11733,30.0,848,478,10,mouth_right,0.4755840301513672,0.16484954953193665,-0.007705359719693661,0.9978044033050537,0.9996645450592041
side_person17.mp4,side,352,11733,30.0,848,478,11,left_shoulder,0.5067623257637024,0.209405317902565,-0.20872291922569275,0.9994566440582275,0.9991523027420044
side_person17.mp4,side,352,11733,30.0,848,478,12,right_shoulder,0.5106444954872131,0.23288024961948395,0.16304050385951996,0.9981167912483215,0.9991735816001892
side_person17.mp4,side,352,11733,30.0,848,478,13,left_elbow,0.41454002261161804,0.23390308022499084,-0.27414295077323914,0.9894832968711853,0.9994176626205444
side_person17.mp4,side,352,11733,30.0,848,478,14,right_elbow,0.4370691478252411,0.2720280587673187,0.19645468890666962,0.3760404586791992,0.9997007846832275
side_person17.mp4,side,352,11733,30.0,848,478,15,left_wrist,0.34199103713035583,0.23492014408111572,-0.24681846797466278,0.9749141335487366,0.9988101720809937
side_person17.mp4,side,352,11733,30.0,848,478,16,right_wrist,0.36222004890441895,0.26968467235565186,0.10907165706157684,0.48290684819221497,0.9993835687637329
side_person17.mp4,side,352,11733,30.0,848,478,17,left_pinky,0.3210868537425995,0.2281104028224945,-0.289474755525589,0.9601033329963684,0.9987030029296875
side_person17.mp4,side,352,11733,30.0,848,478,18,right_pinky,0.3491474986076355,0.2657012343406677,0.10930192470550537,0.47151508927345276,0.9992595314979553
side_person17.mp4,side,352,11733,30.0,848,478,19,left_index,0.3219502866268158,0.22615134716033936,-0.2642030119895935,0.9556630849838257,0.9985833168029785
side_person17.mp4,side,352,11733,30.0,848,478,20,right_index,0.34725600481033325,0.2640134394168854,0.0711856335401535,0.49007144570350647,0.9991369843482971
side_person17.mp4,side,352,11733,30.0,848,478,21,left_thumb,0.328228622674942,0.23272758722305298,-0.23738528788089752,0.9321463704109192,0.9986345171928406
side_person17.mp4,side,352,11733,30.0,848,478,22,right_thumb,0.3493446707725525,0.2652558982372284,0.08924581110477448,0.5125171542167664,0.9991846680641174
side_person17.mp4,side,352,11733,30.0,848,478,23,left_hip,0.5316615700721741,0.4870205819606781,-0.11632216721773148,0.9982917904853821,0.998221218585968
side_person17.mp4,side,352,11733,30.0,848,478,24,right_hip,0.5290051102638245,0.48790642619132996,0.11622752249240875,0.9961382150650024,0.9977132081985474
side_person17.mp4,side,352,11733,30.0,848,478,25,left_knee,0.5115874409675598,0.6842008829116821,-0.0565318763256073,0.9030223488807678,0.9993013143539429
side_person17.mp4,side,352,11733,30.0,848,478,26,right_knee,0.5122177600860596,0.6708213090896606,0.19457432627677917,0.23429609835147858,0.9989860653877258
side_person17.mp4,side,352,11733,30.0,848,478,27,left_ankle,0.5077066421508789,0.8865402340888977,0.023797012865543365,0.940635621547699,0.9969303011894226
side_person17.mp4,side,352,11733,30.0,848,478,28,right_ankle,0.5108591318130493,0.842244565486908,0.30245405435562134,0.4374752342700958,0.9987081289291382
side_person17.mp4,side,352,11733,30.0,848,478,29,left_heel,0.5198150277137756,0.920933723449707,0.027633175253868103,0.9378582835197449,0.9939391613006592
side_person17.mp4,side,352,11733,30.0,848,478,30,right_heel,0.5187419652938843,0.8740690350532532,0.3114175498485565,0.6417005658149719,0.9976416826248169
side_person17.mp4,side,352,11733,30.0,848,478,31,left_foot_index,0.4628032445907593,0.9233617782592773,-0.05022190511226654,0.9220402240753174,0.9958630800247192
side_person17.mp4,side,352,11733,30.0,848,478,32,right_foot_index,0.4681178033351898,0.8629363179206848,0.25692078471183777,0.641146719455719,0.9987517595291138
side_person17.mp4,side,353,11767,30.0,848,478,0,nose,0.4699036180973053,0.14768531918525696,-0.04155012220144272,0.9989656805992126,0.9995189905166626
side_person17.mp4,side,353,11767,30.0,848,478,1,left_eye_inner,0.474113404750824,0.12695543467998505,-0.0642559602856636,0.9989084601402283,0.999291181564331
side_person17.mp4,side,353,11767,30.0,848,478,2,left_eye,0.4755055904388428,0.12624332308769226,-0.06428390741348267,0.99886155128479,0.9992300271987915
side_person17.mp4,side,353,11767,30.0,848,478,3,left_eye_outer,0.47700241208076477,0.1256677806377411,-0.06425769627094269,0.9991138577461243,0.9991187453269958
side_person17.mp4,side,353,11767,30.0,848,478,4,right_eye_inner,0.47373008728027344,0.12707236409187317,-0.02873571589589119,0.9987211227416992,0.9994159936904907
side_person17.mp4,side,353,11767,30.0,848,478,5,right_eye,0.47482791543006897,0.12640757858753204,-0.02872154489159584,0.9985855221748352,0.999423623085022
side_person17.mp4,side,353,11767,30.0,848,478,6,right_eye_outer,0.4761784076690674,0.12575125694274902,-0.02875215746462345,0.9990782737731934,0.9994056224822998
side_person17.mp4,side,353,11767,30.0,848,478,7,left_ear,0.4915986955165863,0.13056153059005737,-0.11717630922794342,0.998206377029419,0.9989925026893616
side_person17.mp4,side,353,11767,30.0,848,478,8,right_ear,0.49100741744041443,0.13036128878593445,0.0413573682308197,0.998376190662384,0.9993116855621338
side_person17.mp4,side,353,11767,30.0,848,478,9,mouth_left,0.47580358386039734,0.1633635014295578,-0.05728912726044655,0.9984230399131775,0.9995149374008179
side_person17.mp4,side,353,11767,30.0,848,478,10,mouth_right,0.47544196248054504,0.16465340554714203,-0.011007312685251236,0.99772709608078,0.9995831847190857
side_person17.mp4,side,353,11767,30.0,848,478,11,left_shoulder,0.5070760250091553,0.20950128138065338,-0.21133413910865784,0.9994754195213318,0.9989252686500549
side_person17.mp4,side,353,11767,30.0,848,478,12,right_shoulder,0.5104840397834778,0.2317531704902649,0.15786229074001312,0.9981667995452881,0.9990952014923096
side_person17.mp4,side,353,11767,30.0,848,478,13,left_elbow,0.4145164489746094,0.23419176042079926,-0.2821812629699707,0.9896809458732605,0.999396562576294
side_person17.mp4,side,353,11767,30.0,848,478,14,right_elbow,0.4369635283946991,0.2701307535171509,0.19026288390159607,0.3840717673301697,0.9997233748435974
side_person17.mp4,side,353,11767,30.0,848,478,15,left_wrist,0.34166231751441956,0.23482899367809296,-0.2656218111515045,0.9753373861312866,0.998785674571991
side_person17.mp4,side,353,11767,30.0,848,478,16,right_wrist,0.3621682822704315,0.27002331614494324,0.10663378983736038,0.4929935932159424,0.9994088411331177
side_person17.mp4,side,353,11767,30.0,848,478,17,left_pinky,0.3209107220172882,0.22762539982795715,-0.3111933469772339,0.9606677889823914,0.9986433386802673
side_person17.mp4,side,353,11767,30.0,848,478,18,right_pinky,0.349084734916687,0.2661812901496887,0.10834481567144394,0.47976675629615784,0.9992749094963074
side_person17.mp4,side,353,11767,30.0,848,478,19,left_index,0.3215019702911377,0.22507938742637634,-0.28256067633628845,0.9562587141990662,0.9985325336456299
side_person17.mp4,side,353,11767,30.0,848,478,20,right_index,0.3471854329109192,0.2644234597682953,0.06850925087928772,0.49828967452049255,0.999138593673706
side_person17.mp4,side,353,11767,30.0,848,478,21,left_thumb,0.327974796295166,0.23177915811538696,-0.2554777264595032,0.9330584406852722,0.9985881447792053
side_person17.mp4,side,353,11767,30.0,848,478,22,right_thumb,0.34928199648857117,0.26570096611976624,0.08646619319915771,0.5209822058677673,0.9991812109947205
side_person17.mp4,side,353,11767,30.0,848,478,23,left_hip,0.5317292213439941,0.4875653386116028,-0.11622879654169083,0.9982444047927856,0.9979727864265442
side_person17.mp4,side,353,11767,30.0,848,478,24,right_hip,0.5290359854698181,0.4879944920539856,0.11612596362829208,0.996050238609314,0.997641921043396
side_person17.mp4,side,353,11767,30.0,848,478,25,left_knee,0.5112587213516235,0.6857557892799377,-0.05562015250325203,0.9014226198196411,0.9991982579231262
side_person17.mp4,side,353,11767,30.0,848,478,26,right_knee,0.5121670365333557,0.671532154083252,0.19044874608516693,0.2280355542898178,0.9988958835601807
side_person17.mp4,side,353,11767,30.0,848,478,27,left_ankle,0.5079702138900757,0.88668292760849,0.030678171664476395,0.9407238960266113,0.9976512789726257
side_person17.mp4,side,353,11767,30.0,848,478,28,right_ankle,0.5108050107955933,0.8429680466651917,0.2961874306201935,0.4356890618801117,0.9987918734550476
side_person17.mp4,side,353,11767,30.0,848,478,29,left_heel,0.5198530554771423,0.9216085076332092,0.03547009453177452,0.9385011196136475,0.9956264495849609
side_person17.mp4,side,353,11767,30.0,848,478,30,right_heel,0.5187252759933472,0.8743284940719604,0.3051910996437073,0.6432763338088989,0.9978296160697937
side_person17.mp4,side,353,11767,30.0,848,478,31,left_foot_index,0.4633200764656067,0.9233948588371277,-0.03885399550199509,0.9223334789276123,0.9969654679298401
side_person17.mp4,side,353,11767,30.0,848,478,32,right_foot_index,0.46883624792099,0.8647595643997192,0.2504948675632477,0.6427100896835327,0.9988120794296265
side_person17.mp4,side,354,11800,30.0,848,478,0,nose,0.46977290511131287,0.1491275429725647,-0.03866152837872505,0.9989593029022217,0.9996174573898315
side_person17.mp4,side,354,11800,30.0,848,478,1,left_eye_inner,0.473951131105423,0.12832573056221008,-0.06108999252319336,0.9988932013511658,0.9994032382965088
side_person17.mp4,side,354,11800,30.0,848,478,2,left_eye,0.47533541917800903,0.12758886814117432,-0.061118707060813904,0.9988411068916321,0.9993484616279602
side_person17.mp4,side,354,11800,30.0,848,478,3,left_eye_outer,0.4768284559249878,0.12698253989219666,-0.061092156916856766,0.9990955591201782,0.9992426633834839
side_person17.mp4,side,354,11800,30.0,848,478,4,right_eye_inner,0.4735619127750397,0.12840870022773743,-0.025720270350575447,0.99870365858078,0.9995126724243164
side_person17.mp4,side,354,11800,30.0,848,478,5,right_eye,0.4746648669242859,0.1277092844247818,-0.025702878832817078,0.998561680316925,0.9995185136795044
side_person17.mp4,side,354,11800,30.0,848,478,6,right_eye_outer,0.476026713848114,0.12701819837093353,-0.025736287236213684,0.999069094657898,0.9995055198669434
side_person17.mp4,side,354,11800,30.0,848,478,7,left_ear,0.49145886301994324,0.13155707716941833,-0.11389406770467758,0.9981850385665894,0.9991258978843689
side_person17.mp4,side,354,11800,30.0,848,478,8,right_ear,0.490925133228302,0.13127724826335907,0.04394826292991638,0.998357892036438,0.9994291663169861
side_person17.mp4,side,354,11800,30.0,848,478,9,mouth_left,0.47568270564079285,0.16476234793663025,-0.05437021702528,0.998409628868103,0.9995740056037903
side_person17.mp4,side,354,11800,30.0,848,478,10,mouth_right,0.4753386676311493,0.16598878800868988,-0.008282124996185303,0.9977218508720398,0.9996459484100342
side_person17.mp4,side,354,11800,30.0,848,478,11,left_shoulder,0.5069839358329773,0.2102574110031128,-0.21005043387413025,0.9994974136352539,0.9989560842514038
side_person17.mp4,side,354,11800,30.0,848,478,12,right_shoulder,0.5103066563606262,0.23257514834403992,0.16095232963562012,0.9982306361198425,0.9991708993911743
side_person17.mp4,side,354,11800,30.0,848,478,13,left_elbow,0.41460204124450684,0.23433873057365417,-0.2821138799190521,0.9899976253509521,0.9993942975997925
side_person17.mp4,side,354,11800,30.0,848,478,14,right_elbow,0.43688133358955383,0.2709854245185852,0.19742193818092346,0.3948962688446045,0.9997361302375793
side_person17.mp4,side,354,11800,30.0,848,478,15,left_wrist,0.34167006611824036,0.23517073690891266,-0.2639009356498718,0.975790798664093,0.9987428784370422
side_person17.mp4,side,354,11800,30.0,848,478,16,right_wrist,0.3620949983596802,0.2711223065853119,0.11594818532466888,0.504658579826355,0.9994277358055115
side_person17.mp4,side,354,11800,30.0,848,478,17,left_pinky,0.32102683186531067,0.22831666469573975,-0.30893203616142273,0.9611870646476746,0.9986218214035034
side_person17.mp4,side,354,11800,30.0,848,478,18,right_pinky,0.34903964400291443,0.2670902609825134,0.11846742779016495,0.4893365204334259,0.9992927312850952
side_person17.mp4,side,354,11800,30.0,848,478,19,left_index,0.321488618850708,0.22523318231105804,-0.28077688813209534,0.9567837119102478,0.9985061287879944
side_person17.mp4,side,354,11800,30.0,848,478,20,right_index,0.3468156158924103,0.26507508754730225,0.07882136851549149,0.5079574584960938,0.999163031578064
side_person17.mp4,side,354,11800,30.0,848,478,21,left_thumb,0.3279719948768616,0.23150458931922913,-0.25379860401153564,0.9338240623474121,0.998548686504364
side_person17.mp4,side,354,11800,30.0,848,478,22,right_thumb,0.34923315048217773,0.26642391085624695,0.0959320142865181,0.5306529998779297,0.9992150068283081
side_person17.mp4,side,354,11800,30.0,848,478,23,left_hip,0.5322022438049316,0.48776930570602417,-0.11618422716856003,0.998186469078064,0.9976531863212585
side_person17.mp4,side,354,11800,30.0,848,478,24,right_hip,0.5294017195701599,0.48807984590530396,0.1160825863480568,0.9959701895713806,0.997370719909668
side_person17.mp4,side,354,11800,30.0,848,478,25,left_knee,0.5107446908950806,0.6861911416053772,-0.055727675557136536,0.9012588858604431,0.9988555908203125
side_person17.mp4,side,354,11800,30.0,848,478,26,right_knee,0.510877251625061,0.6732661128044128,0.1829805076122284,0.2244577407836914,0.9986349940299988
side_person17.mp4,side,354,11800,30.0,848,478,27,left_ankle,0.5079604983329773,0.8871186971664429,0.029152970761060715,0.9403935670852661,0.996100664138794
side_person17.mp4,side,354,11800,30.0,848,478,28,right_ankle,0.5107098817825317,0.84768146276474,0.2824971675872803,0.43442821502685547,0.9981114864349365
side_person17.mp4,side,354,11800,30.0,848,478,29,left_heel,0.5196773409843445,0.9223827719688416,0.03379102796316147,0.9387575387954712,0.9926869869232178
side_person17.mp4,side,354,11800,30.0,848,478,30,right_heel,0.5184986591339111,0.8785654306411743,0.2908684015274048,0.6437068581581116,0.9964432120323181
side_person17.mp4,side,354,11800,30.0,848,478,31,left_foot_index,0.4632013738155365,0.92477947473526,-0.04011828079819679,0.9220136404037476,0.9949910044670105
side_person17.mp4,side,354,11800,30.0,848,478,32,right_foot_index,0.4687229096889496,0.8746816515922546,0.233633354306221,0.6422669887542725,0.9979966282844543
side_person17.mp4,side,355,11833,30.0,848,478,0,nose,0.46949583292007446,0.14981184899806976,-0.038611382246017456,0.9989073872566223,0.9994134902954102
side_person17.mp4,side,355,11833,30.0,848,478,1,left_eye_inner,0.47375330328941345,0.12898793816566467,-0.06086212396621704,0.9988313913345337,0.9991334080696106
side_person17.mp4,side,355,11833,30.0,848,478,2,left_eye,0.4751558005809784,0.12823906540870667,-0.06089412048459053,0.9987714886665344,0.9990635514259338
side_person17.mp4,side,355,11833,30.0,848,478,3,left_eye_outer,0.4766581058502197,0.12762270867824554,-0.06087099015712738,0.9990406036376953,0.9989309906959534
side_person17.mp4,side,355,11833,30.0,848,478,4,right_eye_inner,0.47335687279701233,0.12906168401241302,-0.025592800229787827,0.9986231923103333,0.9992807507514954
side_person17.mp4,side,355,11833,30.0,848,478,5,right_eye,0.47444799542427063,0.12834304571151733,-0.02558087557554245,0.9984754920005798,0.9992917776107788
side_person17.mp4,side,355,11833,30.0,848,478,6,right_eye_outer,0.47580254077911377,0.12762963771820068,-0.025616547092795372,0.9990218877792358,0.999272882938385
side_person17.mp4,side,355,11833,30.0,848,478,7,left_ear,0.4913448095321655,0.13215969502925873,-0.11330902576446533,0.9980802536010742,0.9988349080085754
side_person17.mp4,side,355,11833,30.0,848,478,8,right_ear,0.49066606163978577,0.131849005818367,0.04408504441380501,0.9982706904411316,0.9991814494132996
side_person17.mp4,side,355,11833,30.0,848,478,9,mouth_left,0.47545358538627625,0.16546209156513214,-0.05426247790455818,0.9983359575271606,0.9994563460350037
side_person17.mp4,side,355,11833,30.0,848,478,10,mouth_right,0.4750663936138153,0.1666647493839264,-0.008272020146250725,0.9976206421852112,0.9995287656784058
side_person17.mp4,side,355,11833,30.0,848,478,11,left_shoulder,0.5068806409835815,0.21067164838314056,-0.2098851054906845,0.9995152950286865,0.9988897442817688
side_person17.mp4,side,355,11833,30.0,848,478,12,right_shoulder,0.510208010673523,0.23315277695655823,0.16126663982868195,0.9982630610466003,0.9990103244781494
side_person17.mp4,side,355,11833,30.0,848,478,13,left_elbow,0.41459009051322937,0.2354026585817337,-0.28218910098075867,0.990196943283081,0.9993450045585632
side_person17.mp4,side,355,11833,30.0,848,478,14,right_elbow,0.43676650524139404,0.2716729938983917,0.19724759459495544,0.40145739912986755,0.9996687173843384
side_person17.mp4,side,355,11833,30.0,848,478,15,left_wrist,0.341482013463974,0.2365882843732834,-0.2661137878894806,0.9760580658912659,0.9984129667282104
side_person17.mp4,side,355,11833,30.0,848,478,16,right_wrist,0.36141693592071533,0.2718523442745209,0.11406340450048447,0.5105045437812805,0.9991080164909363
side_person17.mp4,side,355,11833,30.0,848,478,17,left_pinky,0.32087668776512146,0.22954915463924408,-0.3117566704750061,0.961520791053772,0.9981933236122131
side_person17.mp4,side,355,11833,30.0,848,478,18,right_pinky,0.3486466705799103,0.26790380477905273,0.11629179865121841,0.4939442574977875,0.9989019632339478
side_person17.mp4,side,355,11833,30.0,848,478,19,left_index,0.3211568295955658,0.22654905915260315,-0.28266850113868713,0.9571074843406677,0.998039186000824
side_person17.mp4,side,355,11833,30.0,848,478,20,right_index,0.3462974727153778,0.26589980721473694,0.07645642012357712,0.5126237869262695,0.9986764788627625
side_person17.mp4,side,355,11833,30.0,848,478,21,left_thumb,0.3276064097881317,0.23284541070461273,-0.2557888329029083,0.9343585968017578,0.9981167316436768
side_person17.mp4,side,355,11833,30.0,848,478,22,right_thumb,0.3487369120121002,0.26726439595222473,0.0939105674624443,0.535639762878418,0.9987403750419617
side_person17.mp4,side,355,11833,30.0,848,478,23,left_hip,0.5342554450035095,0.48784583806991577,-0.11620667576789856,0.9981390237808228,0.9978690147399902
side_person17.mp4,side,355,11833,30.0,848,478,24,right_hip,0.5297364592552185,0.4882027506828308,0.11610503494739532,0.9958655834197998,0.9973365664482117
side_person17.mp4,side,355,11833,30.0,848,478,25,left_knee,0.5106356739997864,0.6880621910095215,-0.05799068883061409,0.8992576599121094,0.99868243932724
side_person17.mp4,side,355,11833,30.0,848,478,26,right_knee,0.5099039077758789,0.6740868091583252,0.1804332584142685,0.21690534055233002,0.9981556534767151
side_person17.mp4,side,355,11833,30.0,848,478,27,left_ankle,0.508115828037262,0.8884937763214111,0.028317047283053398,0.9387018084526062,0.9946033358573914
side_person17.mp4,side,355,11833,30.0,848,478,28,right_ankle,0.5101636648178101,0.850100576877594,0.28040987253189087,0.4266405403614044,0.9974243640899658
side_person17.mp4,side,355,11833,30.0,848,478,29,left_heel,0.5196506381034851,0.9257736802101135,0.0332460030913353,0.9373371601104736,0.9901177287101746
side_person17.mp4,side,355,11833,30.0,848,478,30,right_heel,0.5170571208000183,0.8815611004829407,0.2888469696044922,0.6388904452323914,0.9954161643981934
side_person17.mp4,side,355,11833,30.0,848,478,31,left_foot_index,0.463525652885437,0.9263148903846741,-0.04041953384876251,0.9201839566230774,0.9934264421463013
side_person17.mp4,side,355,11833,30.0,848,478,32,right_foot_index,0.468536913394928,0.8793933987617493,0.23121511936187744,0.6376519799232483,0.9974763989448547
side_person17.mp4,side,356,11867,30.0,848,478,0,nose,0.46903038024902344,0.15025155246257782,-0.05494944006204605,0.9986664056777954,0.9987986087799072
side_person17.mp4,side,356,11867,30.0,848,478,1,left_eye_inner,0.4733702540397644,0.12961050868034363,-0.07589495927095413,0.9985578060150146,0.9984140396118164
side_person17.mp4,side,356,11867,30.0,848,478,2,left_eye,0.4748237431049347,0.128851056098938,-0.07592733949422836,0.9984951615333557,0.9983178377151489
side_person17.mp4,side,356,11867,30.0,848,478,3,left_eye_outer,0.47640368342399597,0.12822434306144714,-0.07590024918317795,0.9988030791282654,0.9981347322463989
side_person17.mp4,side,356,11867,30.0,848,478,4,right_eye_inner,0.47286608815193176,0.1296965330839157,-0.041445542126894,0.9982740879058838,0.9986390471458435
side_person17.mp4,side,356,11867,30.0,848,478,5,right_eye,0.47392579913139343,0.12897512316703796,-0.04144267737865448,0.9981159567832947,0.9986627101898193
side_person17.mp4,side,356,11867,30.0,848,478,6,right_eye_outer,0.47526121139526367,0.12826159596443176,-0.04148430749773979,0.998779833316803,0.9986334443092346
side_person17.mp4,side,356,11867,30.0,848,478,7,left_ear,0.4912565350532532,0.1325756311416626,-0.12449179589748383,0.9976407289505005,0.9979879856109619
side_person17.mp4,side,356,11867,30.0,848,478,8,right_ear,0.49024322628974915,0.13226372003555298,0.02937220223248005,0.9978557229042053,0.9984283447265625
side_person17.mp4,side,356,11867,30.0,848,478,9,mouth_left,0.47513875365257263,0.16573631763458252,-0.06956634670495987,0.9980340003967285,0.9990171194076538
side_person17.mp4,side,356,11867,30.0,848,478,10,mouth_right,0.47463589906692505,0.1668720692396164,-0.02456025965511799,0.9971838593482971,0.9990963935852051
side_person17.mp4,side,356,11867,30.0,848,478,11,left_shoulder,0.5071104764938354,0.21100878715515137,-0.2188526690006256,0.9995141625404358,0.9981902241706848
side_person17.mp4,side,356,11867,30.0,848,478,12,right_shoulder,0.5080817341804504,0.23356232047080994,0.14589372277259827,0.9981848001480103,0.9982831478118896
side_person17.mp4,side,356,11867,30.0,848,478,13,left_elbow,0.41504189372062683,0.2360307276248932,-0.2959715723991394,0.9903123378753662,0.9989578723907471
side_person17.mp4,side,356,11867,30.0,848,478,14,right_elbow,0.4364296495914459,0.27208682894706726,0.18043239414691925,0.40452221035957336,0.9994363188743591
side_person17.mp4,side,356,11867,30.0,848,478,15,left_wrist,0.3418065905570984,0.23740337789058685,-0.28904396295547485,0.9763009548187256,0.9976440072059631
side_person17.mp4,side,356,11867,30.0,848,478,16,right_wrist,0.3609985411167145,0.2720573842525482,0.0937652736902237,0.5141578912734985,0.9984801411628723
side_person17.mp4,side,356,11867,30.0,848,478,17,left_pinky,0.32089802622795105,0.23054704070091248,-0.3376920819282532,0.9618528485298157,0.9972736239433289
side_person17.mp4,side,356,11867,30.0,848,478,18,right_pinky,0.3478544354438782,0.2681104242801666,0.0949900820851326,0.4970446228981018,0.9981529116630554
side_person17.mp4,side,356,11867,30.0,848,478,19,left_index,0.3211534023284912,0.2275559902191162,-0.30856287479400635,0.9574450850486755,0.9970526695251465
side_person17.mp4,side,356,11867,30.0,848,478,20,right_index,0.3454858362674713,0.2661319375038147,0.052763763815164566,0.5157825350761414,0.9977623224258423
side_person17.mp4,side,356,11867,30.0,848,478,21,left_thumb,0.3275951147079468,0.23353971540927887,-0.27918827533721924,0.9348456263542175,0.9971688389778137
side_person17.mp4,side,356,11867,30.0,848,478,22,right_thumb,0.3482688367366791,0.2673543393611908,0.07264043390750885,0.5393726825714111,0.9978429079055786
side_person17.mp4,side,356,11867,30.0,848,478,23,left_hip,0.5380787253379822,0.4880659282207489,-0.11618075519800186,0.9979220032691956,0.9960733652114868
side_person17.mp4,side,356,11867,30.0,848,478,24,right_hip,0.5304262638092041,0.4884807765483856,0.11607962101697922,0.9953429102897644,0.9952414035797119
side_person17.mp4,side,356,11867,30.0,848,478,25,left_knee,0.5104018449783325,0.6890986561775208,-0.057199086993932724,0.8971366882324219,0.9979559183120728
side_person17.mp4,side,356,11867,30.0,848,478,26,right_knee,0.5083286166191101,0.6738949418067932,0.1809910088777542,0.208702951669693,0.99669349193573
side_person17.mp4,side,356,11867,30.0,848,478,27,left_ankle,0.5079874396324158,0.8885576725006104,0.03418240323662758,0.9365809559822083,0.9917119741439819
side_person17.mp4,side,356,11867,30.0,848,478,28,right_ankle,0.5101327896118164,0.8497875928878784,0.28358227014541626,0.4158879518508911,0.9957849383354187
side_person17.mp4,side,356,11867,30.0,848,478,29,left_heel,0.5192129611968994,0.9257505536079407,0.039303407073020935,0.9349848628044128,0.9853775501251221
side_person17.mp4,side,356,11867,30.0,848,478,30,right_heel,0.516369104385376,0.8802725076675415,0.2924697697162628,0.6303510069847107,0.9928890466690063
side_person17.mp4,side,356,11867,30.0,848,478,31,left_foot_index,0.4619102478027344,0.9247143864631653,-0.036247093230485916,0.9173844456672668,0.990763247013092
side_person17.mp4,side,356,11867,30.0,848,478,32,right_foot_index,0.46842682361602783,0.8762370944023132,0.23615476489067078,0.6296253800392151,0.9963213205337524
side_person17.mp4,side,357,11900,30.0,848,478,0,nose,0.46777966618537903,0.15516911447048187,-0.05365237966179848,0.9985578656196594,0.9992864727973938
side_person17.mp4,side,357,11900,30.0,848,478,1,left_eye_inner,0.47138819098472595,0.13405805826187134,-0.07487432658672333,0.9984546899795532,0.9990717172622681
side_person17.mp4,side,357,11900,30.0,848,478,2,left_eye,0.4728849232196808,0.13317780196666718,-0.07490651309490204,0.9983949065208435,0.9990283250808716
side_person17.mp4,side,357,11900,30.0,848,478,3,left_eye_outer,0.4745112955570221,0.13239046931266785,-0.07488035410642624,0.9987237453460693,0.9989222288131714
side_person17.mp4,side,357,11900,30.0,848,478,4,right_eye_inner,0.47081395983695984,0.13405422866344452,-0.04032626375555992,0.9981394410133362,0.9991791844367981
side_person17.mp4,side,357,11900,30.0,848,478,5,right_eye,0.4718027412891388,0.1331768035888672,-0.04032348096370697,0.9979684352874756,0.9991843104362488
side_person17.mp4,side,357,11900,30.0,848,478,6,right_eye_outer,0.47304660081863403,0.13227905333042145,-0.040363095700740814,0.998685896396637,0.9991598129272461
side_person17.mp4,side,357,11900,30.0,848,478,7,left_ear,0.4896504878997803,0.13535819947719574,-0.12426866590976715,0.9975073933601379,0.998862624168396
side_person17.mp4,side,357,11900,30.0,848,478,8,right_ear,0.48815658688545227,0.135032057762146,0.030444560572504997,0.9976942539215088,0.9990259408950806
side_person17.mp4,side,357,11900,30.0,848,478,9,mouth_left,0.4740605652332306,0.17012232542037964,-0.06831110268831253,0.9979461431503296,0.999406099319458
side_person17.mp4,side,357,11900,30.0,848,478,10,mouth_right,0.4734950661659241,0.17130763828754425,-0.023174889385700226,0.9970107674598694,0.9994414448738098
side_person17.mp4,side,357,11900,30.0,848,478,11,left_shoulder,0.5070608258247375,0.21206654608249664,-0.21914388239383698,0.9995332360267639,0.9989700317382812
side_person17.mp4,side,357,11900,30.0,848,478,12,right_shoulder,0.5074132680892944,0.23405010998249054,0.14632347226142883,0.9981511831283569,0.9987632036209106
side_person17.mp4,side,357,11900,30.0,848,478,13,left_elbow,0.41554170846939087,0.24064728617668152,-0.29586857557296753,0.9905125498771667,0.9993000030517578
side_person17.mp4,side,357,11900,30.0,848,478,14,right_elbow,0.4361751079559326,0.27239084243774414,0.18956565856933594,0.4036487340927124,0.9995397329330444
side_person17.mp4,side,357,11900,30.0,848,478,15,left_wrist,0.3423181474208832,0.24334971606731415,-0.281796932220459,0.9762833118438721,0.9985509514808655
side_person17.mp4,side,357,11900,30.0,848,478,16,right_wrist,0.3609999418258667,0.2752090394496918,0.10003077238798141,0.5133888721466064,0.9989597797393799
side_person17.mp4,side,357,11900,30.0,848,478,17,left_pinky,0.3215453028678894,0.23587006330490112,-0.3285966217517853,0.9616917967796326,0.9983867406845093
side_person17.mp4,side,357,11900,30.0,848,478,18,right_pinky,0.34791654348373413,0.2714952528476715,0.10124126821756363,0.496443510055542,0.9987706542015076
side_person17.mp4,side,357,11900,30.0,848,478,19,left_index,0.32163435220718384,0.2318580001592636,-0.30017638206481934,0.9572377800941467,0.9982498288154602
side_person17.mp4,side,357,11900,30.0,848,478,20,right_index,0.34553301334381104,0.2693825364112854,0.05880960077047348,0.5155112147331238,0.9985241293907166
side_person17.mp4,side,357,11900,30.0,848,478,21,left_thumb,0.3278370201587677,0.23706386983394623,-0.27187609672546387,0.934406042098999,0.998322069644928
side_person17.mp4,side,357,11900,30.0,848,478,22,right_thumb,0.34832316637039185,0.2712646424770355,0.07868420332670212,0.5394031405448914,0.99859219789505
side_person17.mp4,side,357,11900,30.0,848,478,23,left_hip,0.5400528907775879,0.4885292947292328,-0.11677636951208115,0.9979146718978882,0.9978614449501038
side_person17.mp4,side,357,11900,30.0,848,478,24,right_hip,0.5309088826179504,0.4886079728603363,0.11668041348457336,0.9951776266098022,0.9968103766441345
side_person17.mp4,side,357,11900,30.0,848,478,25,left_knee,0.5103575587272644,0.6904194355010986,-0.05654019117355347,0.896896243095398,0.9990436434745789
side_person17.mp4,side,357,11900,30.0,848,478,26,right_knee,0.5057703852653503,0.6739385724067688,0.18631695210933685,0.20361584424972534,0.9980759620666504
side_person17.mp4,side,357,11900,30.0,848,478,27,left_ankle,0.5057290196418762,0.8889025449752808,0.032406508922576904,0.9366377592086792,0.9940406680107117
side_person17.mp4,side,357,11900,30.0,848,478,28,right_ankle,0.5068961381912231,0.8493424654006958,0.2932251989841461,0.4087277352809906,0.9974483251571655
side_person17.mp4,side,357,11900,30.0,848,478,29,left_heel,0.5171698331832886,0.9264558553695679,0.037387650460004807,0.9341065883636475,0.9886822700500488
side_person17.mp4,side,357,11900,30.0,848,478,30,right_heel,0.513266921043396,0.8797515630722046,0.302459716796875,0.6254265904426575,0.9956436157226562
side_person17.mp4,side,357,11900,30.0,848,478,31,left_foot_index,0.4607827961444855,0.924706757068634,-0.03802455961704254,0.9168698787689209,0.9921597838401794
side_person17.mp4,side,357,11900,30.0,848,478,32,right_foot_index,0.4671875834465027,0.8682264089584351,0.24610234797000885,0.6251925230026245,0.997651994228363
side_person17.mp4,side,358,11933,30.0,848,478,0,nose,0.46679767966270447,0.16179603338241577,-0.06680552661418915,0.9984486699104309,0.9992334842681885
side_person17.mp4,side,358,11933,30.0,848,478,1,left_eye_inner,0.4701111912727356,0.14070983231067657,-0.08816992491483688,0.9983428120613098,0.9989882111549377
side_person17.mp4,side,358,11933,30.0,848,478,2,left_eye,0.471582293510437,0.1397552192211151,-0.08819793164730072,0.9982905983924866,0.9989367127418518
side_person17.mp4,side,358,11933,30.0,848,478,3,left_eye_outer,0.4731826186180115,0.13890628516674042,-0.08817248046398163,0.998629093170166,0.9988200068473816
side_person17.mp4,side,358,11933,30.0,848,478,4,right_eye_inner,0.46957916021347046,0.1407705545425415,-0.053272638469934464,0.9979978799819946,0.9991200566291809
side_person17.mp4,side,358,11933,30.0,848,478,5,right_eye,0.4705790877342224,0.13982445001602173,-0.05326294153928757,0.9978254437446594,0.999137282371521
side_person17.mp4,side,358,11933,30.0,848,478,6,right_eye_outer,0.47181370854377747,0.13886728882789612,-0.053303029388189316,0.9985813498497009,0.9991200566291809
side_person17.mp4,side,358,11933,30.0,848,478,7,left_ear,0.48832663893699646,0.1412658542394638,-0.13715916872024536,0.9973084926605225,0.9987126588821411
side_person17.mp4,side,358,11933,30.0,848,478,8,right_ear,0.48683080077171326,0.14114202558994293,0.018646053969860077,0.9974780082702637,0.9989757537841797
side_person17.mp4,side,358,11933,30.0,848,478,9,mouth_left,0.4733206629753113,0.17628882825374603,-0.08162155002355576,0.9978229403495789,0.9993045330047607
side_person17.mp4,side,358,11933,30.0,848,478,10,mouth_right,0.4726964831352234,0.1774953156709671,-0.03606294095516205,0.9968000054359436,0.9993618130683899
side_person17.mp4,side,358,11933,30.0,848,478,11,left_shoulder,0.5070008039474487,0.21740762889385223,-0.23053467273712158,0.9995402097702026,0.9986159801483154
side_person17.mp4,side,358,11933,30.0,848,478,12,right_shoulder,0.5060867071151733,0.23697519302368164,0.1368175595998764,0.9980857968330383,0.9986007809638977
side_person17.mp4,side,358,11933,30.0,848,478,13,left_elbow,0.4155278205871582,0.24717015027999878,-0.30581265687942505,0.9906320571899414,0.9991018772125244
side_person17.mp4,side,358,11933,30.0,848,478,14,right_elbow,0.4358227550983429,0.274282306432724,0.17462113499641418,0.4047437608242035,0.9994767308235168
side_person17.mp4,side,358,11933,30.0,848,478,15,left_wrist,0.3423677086830139,0.2510513663291931,-0.2907840311527252,0.9762508273124695,0.9983505010604858
side_person17.mp4,side,358,11933,30.0,848,478,16,right_wrist,0.36068567633628845,0.2801724374294281,0.08127812296152115,0.5148541927337646,0.9987902045249939
side_person17.mp4,side,358,11933,30.0,848,478,17,left_pinky,0.32156360149383545,0.24491724371910095,-0.3389040529727936,0.9615268707275391,0.9981716871261597
side_person17.mp4,side,358,11933,30.0,848,478,18,right_pinky,0.3477110266685486,0.27695512771606445,0.08063092082738876,0.4977390766143799,0.9985514283180237
side_person17.mp4,side,358,11933,30.0,848,478,19,left_index,0.3216313123703003,0.24126797914505005,-0.3117499351501465,0.9570506811141968,0.9980149269104004
side_person17.mp4,side,358,11933,30.0,848,478,20,right_index,0.34521469473838806,0.2742467224597931,0.039156679064035416,0.5170519948005676,0.9982792139053345
side_person17.mp4,side,358,11933,30.0,848,478,21,left_thumb,0.32782161235809326,0.2451225221157074,-0.2814834415912628,0.9340126514434814,0.998103141784668
side_person17.mp4,side,358,11933,30.0,848,478,22,right_thumb,0.3481118977069855,0.2763993442058563,0.06014130637049675,0.5413566827774048,0.9983587861061096
side_person17.mp4,side,358,11933,30.0,848,478,23,left_hip,0.5434553623199463,0.4890693724155426,-0.1172323226928711,0.9978616833686829,0.9976947903633118
side_person17.mp4,side,358,11933,30.0,848,478,24,right_hip,0.5332393050193787,0.48875728249549866,0.11714836955070496,0.9949133992195129,0.99704509973526
side_person17.mp4,side,358,11933,30.0,848,478,25,left_knee,0.5108940005302429,0.6897348761558533,-0.05625784769654274,0.8980167508125305,0.9991315007209778
side_person17.mp4,side,358,11933,30.0,848,478,26,right_knee,0.5044440627098083,0.6705073118209839,0.19969262182712555,0.19854679703712463,0.998241662979126
side_person17.mp4,side,358,11933,30.0,848,478,27,left_ankle,0.5047349333763123,0.8888951539993286,0.03150707483291626,0.9376830458641052,0.9959958791732788
side_person17.mp4,side,358,11933,30.0,848,478,28,right_ankle,0.5055683851242065,0.8469226956367493,0.3186962604522705,0.4043640196323395,0.998028576374054
side_person17.mp4,side,358,11933,30.0,848,478,29,left_heel,0.5157142281532288,0.9264475703239441,0.03619055822491646,0.9348726868629456,0.992499053478241
side_person17.mp4,side,358,11933,30.0,848,478,30,right_heel,0.5111795663833618,0.8780744671821594,0.32881271839141846,0.6228117346763611,0.9968008995056152
side_person17.mp4,side,358,11933,30.0,848,478,31,left_foot_index,0.45975250005722046,0.9229093790054321,-0.03903369978070259,0.9179831743240356,0.9947249293327332
side_person17.mp4,side,358,11933,30.0,848,478,32,right_foot_index,0.4656798839569092,0.8646014928817749,0.2744157612323761,0.6234003901481628,0.9983356595039368
side_person17.mp4,side,359,11967,30.0,848,478,0,nose,0.4640280604362488,0.17101238667964935,-0.05968942865729332,0.9983983039855957,0.9993651509284973
side_person17.mp4,side,359,11967,30.0,848,478,1,left_eye_inner,0.46665671467781067,0.14907246828079224,-0.08153659105300903,0.9982890486717224,0.9991528987884521
side_person17.mp4,side,359,11967,30.0,848,478,2,left_eye,0.4680745601654053,0.148056298494339,-0.08158107846975327,0.9982393383979797,0.9991195797920227
side_person17.mp4,side,359,11967,30.0,848,478,3,left_eye_outer,0.4696393311023712,0.14712202548980713,-0.08157335221767426,0.9985900521278381,0.9990220069885254
side_person17.mp4,side,359,11967,30.0,848,478,4,right_eye_inner,0.4663790464401245,0.14893467724323273,-0.0464821383357048,0.9979320764541626,0.9992458820343018
side_person17.mp4,side,359,11967,30.0,848,478,5,right_eye,0.4674709141254425,0.14782249927520752,-0.0464496910572052,0.9977512955665588,0.9992461204528809
side_person17.mp4,side,359,11967,30.0,848,478,6,right_eye_outer,0.46879473328590393,0.1466691941022873,-0.046490784734487534,0.998532772064209,0.9992269277572632
side_person17.mp4,side,359,11967,30.0,848,478,7,left_ear,0.4850181043148041,0.1485392153263092,-0.133117213845253,0.9972620010375977,0.9989199638366699
side_person17.mp4,side,359,11967,30.0,848,478,8,right_ear,0.48387113213539124,0.1478881537914276,0.023254580795764923,0.9974374175071716,0.9990984201431274
side_person17.mp4,side,359,11967,30.0,848,478,9,mouth_left,0.47087204456329346,0.18568433821201324,-0.0758197233080864,0.9978059530258179,0.9993897676467896
side_person17.mp4,side,359,11967,30.0,848,478,10,mouth_right,0.47050291299819946,0.18668344616889954,-0.02999546192586422,0.9967316389083862,0.9994226694107056
side_person17.mp4,side,359,11967,30.0,848,478,11,left_shoulder,0.5062938332557678,0.2232343554496765,-0.22125712037086487,0.999548077583313,0.9987026453018188
side_person17.mp4,side,359,11967,30.0,848,478,12,right_shoulder,0.5053947567939758,0.24124573171138763,0.13865044713020325,0.9980638027191162,0.9985290765762329
side_person17.mp4,side,359,11967,30.0,848,478,13,left_elbow,0.414951890707016,0.2535475194454193,-0.30272209644317627,0.9908232092857361,0.999202311038971
side_person17.mp4,side,359,11967,30.0,848,478,14,right_elbow,0.4351702630519867,0.27908387780189514,0.18142437934875488,0.40884536504745483,0.9994770884513855
side_person17.mp4,side,359,11967,30.0,848,478,15,left_wrist,0.341900497674942,0.26066598296165466,-0.2848479747772217,0.9763414859771729,0.998239278793335
side_person17.mp4,side,359,11967,30.0,848,478,16,right_wrist,0.36069995164871216,0.2867692708969116,0.08845620602369308,0.5188919901847839,0.9988395571708679
side_person17.mp4,side,359,11967,30.0,848,478,17,left_pinky,0.3215608298778534,0.25739938020706177,-0.33184102177619934,0.9614161252975464,0.9979687333106995
side_person17.mp4,side,359,11967,30.0,848,478,18,right_pinky,0.3477710485458374,0.2856079041957855,0.0883747860789299,0.5016655921936035,0.9985987544059753
side_person17.mp4,side,359,11967,30.0,848,478,19,left_index,0.32145658135414124,0.2539532482624054,-0.30454307794570923,0.9568372964859009,0.9979143738746643
side_person17.mp4,side,359,11967,30.0,848,478,20,right_index,0.34540408849716187,0.28413474559783936,0.04651010408997536,0.5213062763214111,0.9983490705490112
side_person17.mp4,side,359,11967,30.0,848,478,21,left_thumb,0.327698290348053,0.2569858431816101,-0.2753089368343353,0.9337234497070312,0.9980140924453735
side_person17.mp4,side,359,11967,30.0,848,478,22,right_thumb,0.3482191562652588,0.2849900424480438,0.06722785532474518,0.5456324219703674,0.9984495639801025
side_person17.mp4,side,359,11967,30.0,848,478,23,left_hip,0.545356273651123,0.49248698353767395,-0.11480353772640228,0.9978396892547607,0.9972797632217407
side_person17.mp4,side,359,11967,30.0,848,478,24,right_hip,0.5339942574501038,0.4919520914554596,0.1147497296333313,0.9948120713233948,0.9962085485458374
side_person17.mp4,side,359,11967,30.0,848,478,25,left_knee,0.5114476084709167,0.69354647397995,-0.06547850370407104,0.8965706825256348,0.997694194316864
side_person17.mp4,side,359,11967,30.0,848,478,26,right_knee,0.5016555786132812,0.6727529168128967,0.16185474395751953,0.20082662999629974,0.9965971112251282
side_person17.mp4,side,359,11967,30.0,848,478,27,left_ankle,0.504574716091156,0.8915611505508423,0.012046847492456436,0.9359740614891052,0.9859228134155273
side_person17.mp4,side,359,11967,30.0,848,478,28,right_ankle,0.5048128962516785,0.8523772358894348,0.2531128227710724,0.40185949206352234,0.9945788383483887
side_person17.mp4,side,359,11967,30.0,848,478,29,left_heel,0.5153626203536987,0.9284875392913818,0.01499231904745102,0.9327368140220642,0.9747403860092163
side_person17.mp4,side,359,11967,30.0,848,478,30,right_heel,0.5108542442321777,0.8833855390548706,0.2603674530982971,0.620981752872467,0.990760862827301
side_person17.mp4,side,359,11967,30.0,848,478,31,left_foot_index,0.4598926901817322,0.9231539964675903,-0.06306953728199005,0.9144008159637451,0.9825631380081177
side_person17.mp4,side,359,11967,30.0,848,478,32,right_foot_index,0.4656490385532379,0.8791525959968567,0.2012733370065689,0.6175047159194946,0.9943893551826477
side_person17.mp4,side,360,12000,30.0,848,478,0,nose,0.4623071551322937,0.1823207288980484,-0.05951261520385742,0.9983338713645935,0.999076247215271
side_person17.mp4,side,360,12000,30.0,848,478,1,left_eye_inner,0.46432825922966003,0.16041766107082367,-0.08153973519802094,0.9981994032859802,0.9988054037094116
side_person17.mp4,side,360,12000,30.0,848,478,2,left_eye,0.46574023365974426,0.15935686230659485,-0.08158457279205322,0.998153567314148,0.9987649917602539
side_person17.mp4,side,360,12000,30.0,848,478,3,left_eye_outer,0.46734172105789185,0.15835581719875336,-0.08157521486282349,0.9985244274139404,0.9986345171928406
side_person17.mp4,side,360,12000,30.0,848,478,4,right_eye_inner,0.4640459716320038,0.16029112040996552,-0.04604011029005051,0.9978371262550354,0.9989479184150696
side_person17.mp4,side,360,12000,30.0,848,478,5,right_eye,0.46514007449150085,0.1591106355190277,-0.04601173475384712,0.9976396560668945,0.9989628791809082
side_person17.mp4,side,360,12000,30.0,848,478,6,right_eye_outer,0.466463565826416,0.15790702402591705,-0.04605324938893318,0.998456597328186,0.9989627599716187
side_person17.mp4,side,360,12000,30.0,848,478,7,left_ear,0.48282352089881897,0.15866325795650482,-0.13252845406532288,0.9971673488616943,0.99852055311203
side_person17.mp4,side,360,12000,30.0,848,478,8,right_ear,0.48112303018569946,0.15807460248470306,0.025309717282652855,0.9973461031913757,0.9988333582878113
side_person17.mp4,side,360,12000,30.0,848,478,9,mouth_left,0.46949270367622375,0.1971721053123474,-0.07526864111423492,0.9977501630783081,0.9991230368614197
side_person17.mp4,side,360,12000,30.0,848,478,10,mouth_right,0.46909821033477783,0.19808988273143768,-0.028919927775859833,0.996619701385498,0.999161958694458
side_person17.mp4,side,360,12000,30.0,848,478,11,left_shoulder,0.5062004327774048,0.23222559690475464,-0.22224754095077515,0.9995479583740234,0.9981690645217896
side_person17.mp4,side,360,12000,30.0,848,478,12,right_shoulder,0.5038542747497559,0.24927468597888947,0.14151939749717712,0.9980301856994629,0.9982315897941589
side_person17.mp4,side,360,12000,30.0,848,478,13,left_elbow,0.41479724645614624,0.26107433438301086,-0.3059951364994049,0.9909354448318481,0.9988498687744141
side_person17.mp4,side,360,12000,30.0,848,478,14,right_elbow,0.4341653287410736,0.2857937216758728,0.18201954662799835,0.41262513399124146,0.9993913173675537
side_person17.mp4,side,360,12000,30.0,848,478,15,left_wrist,0.34153518080711365,0.27100273966789246,-0.28633078932762146,0.9760558009147644,0.9974532723426819
side_person17.mp4,side,360,12000,30.0,848,478,16,right_wrist,0.3605567216873169,0.29250794649124146,0.09066139161586761,0.5191181898117065,0.998173713684082
side_person17.mp4,side,360,12000,30.0,848,478,17,left_pinky,0.32163873314857483,0.2684362530708313,-0.3332013785839081,0.9606167078018188,0.997140645980835
side_person17.mp4,side,360,12000,30.0,848,478,18,right_pinky,0.3477681279182434,0.29309749603271484,0.09033866226673126,0.501685619354248,0.9977397918701172
side_person17.mp4,side,360,12000,30.0,848,478,19,left_index,0.32134976983070374,0.2646547555923462,-0.3061003088951111,0.9559036493301392,0.9970473647117615
side_person17.mp4,side,360,12000,30.0,848,478,20,right_index,0.3453088104724884,0.2926473021507263,0.04944586753845215,0.5220252275466919,0.9973397850990295
side_person17.mp4,side,360,12000,30.0,848,478,21,left_thumb,0.3276619017124176,0.2679070234298706,-0.2770386338233948,0.9322611093521118,0.9971520900726318
side_person17.mp4,side,360,12000,30.0,848,478,22,right_thumb,0.347843199968338,0.29297757148742676,0.06967584788799286,0.546236515045166,0.9975103139877319
side_person17.mp4,side,360,12000,30.0,848,478,23,left_hip,0.5491024851799011,0.4972865879535675,-0.11408653855323792,0.9977229237556458,0.9966668486595154
side_person17.mp4,side,360,12000,30.0,848,478,24,right_hip,0.5357871651649475,0.4976312220096588,0.11404775083065033,0.9946682453155518,0.9959362745285034
side_person17.mp4,side,360,12000,30.0,848,478,25,left_knee,0.512993335723877,0.6968548893928528,-0.06943386048078537,0.895285964012146,0.9967194199562073
side_person17.mp4,side,360,12000,30.0,848,478,26,right_knee,0.4973035156726837,0.6762676239013672,0.14656805992126465,0.20928016304969788,0.9958028197288513
side_person17.mp4,side,360,12000,30.0,848,478,27,left_ankle,0.5042330622673035,0.8928959965705872,0.013823282904922962,0.9340412020683289,0.9846475124359131
side_person17.mp4,side,360,12000,30.0,848,478,28,right_ankle,0.5041221976280212,0.8607309460639954,0.2441212683916092,0.4057532250881195,0.9942790269851685
side_person17.mp4,side,360,12000,30.0,848,478,29,left_heel,0.5143813490867615,0.9295818209648132,0.017339317128062248,0.9294995665550232,0.9745732545852661
side_person17.mp4,side,360,12000,30.0,848,478,30,right_heel,0.5106027126312256,0.8944962620735168,0.25168758630752563,0.621475875377655,0.9905835390090942
side_person17.mp4,side,360,12000,30.0,848,478,31,left_foot_index,0.45992258191108704,0.9232291579246521,-0.06123576685786247,0.9115502834320068,0.9821422100067139
side_person17.mp4,side,360,12000,30.0,848,478,32,right_foot_index,0.4654318392276764,0.8890954256057739,0.18893921375274658,0.615484356880188,0.9934749007225037
side_person17.mp4,side,361,12033,30.0,848,478,0,nose,0.46047747135162354,0.19135582447052002,-0.07159258425235748,0.9981250762939453,0.9982175230979919
side_person17.mp4,side,361,12033,30.0,848,478,1,left_eye_inner,0.46199384331703186,0.16946588456630707,-0.09414158016443253,0.9979869723320007,0.9980098605155945
side_person17.mp4,side,361,12033,30.0,848,478,2,left_eye,0.4633389115333557,0.16834531724452972,-0.0942019447684288,0.9979588389396667,0.9980369210243225
side_person17.mp4,side,361,12033,30.0,848,478,3,left_eye_outer,0.4648396074771881,0.16726861894130707,-0.09421256929636002,0.9983813166618347,0.9979565143585205
side_person17.mp4,side,361,12033,30.0,848,478,4,right_eye_inner,0.4618246555328369,0.16930320858955383,-0.05820466950535774,0.9975546002388,0.998039186000824
side_person17.mp4,side,361,12033,30.0,848,478,5,right_eye,0.46295011043548584,0.16806720197200775,-0.05816710367798805,0.9973397254943848,0.9980328679084778
side_person17.mp4,side,361,12033,30.0,848,478,6,right_eye_outer,0.4642762839794159,0.16677303612232208,-0.05821309611201286,0.9982486963272095,0.9979968667030334
side_person17.mp4,side,361,12033,30.0,848,478,7,left_ear,0.4798510670661926,0.16710291802883148,-0.14526021480560303,0.9969168901443481,0.9980600476264954
side_person17.mp4,side,361,12033,30.0,848,478,8,right_ear,0.47870251536369324,0.1661812961101532,0.014904630370438099,0.9970376491546631,0.9978612065315247
side_person17.mp4,side,361,12033,30.0,848,478,9,mouth_left,0.46779999136924744,0.20613053441047668,-0.08722332864999771,0.997589647769928,0.9987257122993469
side_person17.mp4,side,361,12033,30.0,848,478,10,mouth_right,0.4675339162349701,0.206909641623497,-0.04033108800649643,0.996267557144165,0.9986095428466797
side_person17.mp4,side,361,12033,30.0,848,478,11,left_shoulder,0.5058701634407043,0.24108809232711792,-0.23361429572105408,0.9995402693748474,0.9982696771621704
side_person17.mp4,side,361,12033,30.0,848,478,12,right_shoulder,0.5032750964164734,0.2564725875854492,0.13403064012527466,0.9978926777839661,0.9973311424255371
side_person17.mp4,side,361,12033,30.0,848,478,13,left_elbow,0.4145352840423584,0.2736170291900635,-0.3093816041946411,0.990702748298645,0.9987061023712158
side_person17.mp4,side,361,12033,30.0,848,478,14,right_elbow,0.433061808347702,0.2949391305446625,0.1752777248620987,0.40318945050239563,0.9989148378372192
side_person17.mp4,side,361,12033,30.0,848,478,15,left_wrist,0.34062668681144714,0.28230300545692444,-0.2846151292324066,0.9752858281135559,0.9972032308578491
side_person17.mp4,side,361,12033,30.0,848,478,16,right_wrist,0.36069539189338684,0.3016975224018097,0.08216504007577896,0.5066976547241211,0.9969946146011353
side_person17.mp4,side,361,12033,30.0,848,478,17,left_pinky,0.3214770555496216,0.2809104323387146,-0.33116084337234497,0.9594430327415466,0.9968511462211609
side_person17.mp4,side,361,12033,30.0,848,478,18,right_pinky,0.3479265868663788,0.3040159046649933,0.0806485116481781,0.49190258979797363,0.9965112805366516
side_person17.mp4,side,361,12033,30.0,848,478,19,left_index,0.32088422775268555,0.27729904651641846,-0.30332863330841064,0.9546450972557068,0.9968342185020447
side_person17.mp4,side,361,12033,30.0,848,478,20,right_index,0.34530484676361084,0.3030623495578766,0.04048865661025047,0.5125932693481445,0.9959542751312256
side_person17.mp4,side,361,12033,30.0,848,478,21,left_thumb,0.327463835477829,0.2803712785243988,-0.2749521732330322,0.9302724003791809,0.9969492554664612
side_person17.mp4,side,361,12033,30.0,848,478,22,right_thumb,0.347820520401001,0.3035978674888611,0.06118030846118927,0.5367695689201355,0.9961118102073669
side_person17.mp4,side,361,12033,30.0,848,478,23,left_hip,0.5514703392982483,0.5048221349716187,-0.11309880018234253,0.9976726770401001,0.9973837733268738
side_person17.mp4,side,361,12033,30.0,848,478,24,right_hip,0.5366091132164001,0.5045329928398132,0.11308233439922333,0.9944926500320435,0.9957551956176758
side_person17.mp4,side,361,12033,30.0,848,478,25,left_knee,0.5144977569580078,0.7059655785560608,-0.05988653749227524,0.8943651914596558,0.9976329803466797
side_person17.mp4,side,361,12033,30.0,848,478,26,right_knee,0.4933187663555145,0.677802324295044,0.15743891894817352,0.21691745519638062,0.995567262172699
side_person17.mp4,side,361,12033,30.0,848,478,27,left_ankle,0.5042614936828613,0.8949353098869324,0.03627698868513107,0.933061957359314,0.9894049167633057
side_person17.mp4,side,361,12033,30.0,848,478,28,right_ankle,0.5029280185699463,0.8607840538024902,0.24863110482692719,0.4098261594772339,0.9956004619598389
side_person17.mp4,side,361,12033,30.0,848,478,29,left_heel,0.5142421126365662,0.9297048449516296,0.04108965024352074,0.9265559315681458,0.9823377132415771
side_person17.mp4,side,361,12033,30.0,848,478,30,right_heel,0.508470356464386,0.8930769562721252,0.2534553110599518,0.6220571994781494,0.9933039546012878
side_person17.mp4,side,361,12033,30.0,848,478,31,left_foot_index,0.4602522552013397,0.9247013926506042,-0.03605373948812485,0.9095821380615234,0.9862452745437622
side_person17.mp4,side,361,12033,30.0,848,478,32,right_foot_index,0.46531015634536743,0.8910903334617615,0.2010492980480194,0.6157570481300354,0.9954655766487122
side_person17.mp4,side,362,12067,30.0,848,478,0,nose,0.45950981974601746,0.2029096782207489,-0.0985395535826683,0.9979721307754517,0.9978031516075134
side_person17.mp4,side,362,12067,30.0,848,478,1,left_eye_inner,0.4605126976966858,0.18112510442733765,-0.12210356444120407,0.9978172779083252,0.997787594795227
side_person17.mp4,side,362,12067,30.0,848,478,2,left_eye,0.4617997705936432,0.1799149513244629,-0.12216274440288544,0.9978140592575073,0.9978717565536499
side_person17.mp4,side,362,12067,30.0,848,478,3,left_eye_outer,0.46324455738067627,0.17868085205554962,-0.12218289077281952,0.9982791543006897,0.9978784322738647
side_person17.mp4,side,362,12067,30.0,848,478,4,right_eye_inner,0.4604496955871582,0.1810050755739212,-0.08533947169780731,0.9972959160804749,0.997661828994751
side_person17.mp4,side,362,12067,30.0,848,478,5,right_eye,0.4616294503211975,0.1796913743019104,-0.08531136065721512,0.9970778226852417,0.9976164102554321
side_person17.mp4,side,362,12067,30.0,848,478,6,right_eye_outer,0.46301043033599854,0.1782616227865219,-0.08535376936197281,0.9980475902557373,0.9975190162658691
side_person17.mp4,side,362,12067,30.0,848,478,7,left_ear,0.47764644026756287,0.1774236261844635,-0.17462192475795746,0.9967358708381653,0.9980490207672119
side_person17.mp4,side,362,12067,30.0,848,478,8,right_ear,0.47686633467674255,0.17617833614349365,-0.010784083046019077,0.9966703057289124,0.9974157810211182
side_person17.mp4,side,362,12067,30.0,848,478,9,mouth_left,0.46702906489372253,0.2167729139328003,-0.11436900496482849,0.9974150061607361,0.9984325766563416
side_person17.mp4,side,362,12067,30.0,848,478,10,mouth_right,0.466854989528656,0.2175924926996231,-0.06647098064422607,0.9958259463310242,0.9981087446212769
side_person17.mp4,side,362,12067,30.0,848,478,11,left_shoulder,0.5052180290222168,0.25161537528038025,-0.261050283908844,0.9995264410972595,0.998151957988739
side_person17.mp4,side,362,12067,30.0,848,478,12,right_shoulder,0.5032693147659302,0.2628670632839203,0.11059516668319702,0.9976491928100586,0.9965201616287231
side_person17.mp4,side,362,12067,30.0,848,478,13,left_elbow,0.41472864151000977,0.2879163920879364,-0.33223792910575867,0.990256130695343,0.9985517859458923
side_person17.mp4,side,362,12067,30.0,848,478,14,right_elbow,0.4329325556755066,0.3030136525630951,0.14186707139015198,0.384831964969635,0.9986382126808167
side_person17.mp4,side,362,12067,30.0,848,478,15,left_wrist,0.340638130903244,0.29623377323150635,-0.2998771369457245,0.974428653717041,0.9957538843154907
side_person17.mp4,side,362,12067,30.0,848,478,16,right_wrist,0.3610368072986603,0.30831629037857056,0.05000251531600952,0.4812934100627899,0.9940664768218994
side_person17.mp4,side,362,12067,30.0,848,478,17,left_pinky,0.3214751183986664,0.2960659861564636,-0.3472399413585663,0.9585118293762207,0.994966447353363
side_person17.mp4,side,362,12067,30.0,848,478,18,right_pinky,0.34792497754096985,0.30964192748069763,0.04721289128065109,0.47026315331459045,0.9932115077972412
side_person17.mp4,side,362,12067,30.0,848,478,19,left_index,0.320902943611145,0.292418897151947,-0.32211834192276,0.9536766409873962,0.9949847459793091
side_person17.mp4,side,362,12067,30.0,848,478,20,right_index,0.34563514590263367,0.309372216463089,0.008324329741299152,0.4905568063259125,0.9919261336326599
side_person17.mp4,side,362,12067,30.0,848,478,21,left_thumb,0.32768088579177856,0.2952912449836731,-0.29123157262802124,0.9285202026367188,0.9951233267784119
side_person17.mp4,side,362,12067,30.0,848,478,22,right_thumb,0.34809011220932007,0.31061598658561707,0.029185114428400993,0.5148245096206665,0.9920936226844788
side_person17.mp4,side,362,12067,30.0,848,478,23,left_hip,0.5538066029548645,0.510879635810852,-0.11292757838964462,0.9976434707641602,0.9983623623847961
side_person17.mp4,side,362,12067,30.0,848,478,24,right_hip,0.5378192067146301,0.5093284845352173,0.11291906237602234,0.9943802952766418,0.997165858745575
side_person17.mp4,side,362,12067,30.0,848,478,25,left_knee,0.5156887173652649,0.7127991914749146,-0.06179134175181389,0.8956387639045715,0.9982648491859436
side_person17.mp4,side,362,12067,30.0,848,478,26,right_knee,0.4909553825855255,0.6810302734375,0.15581385791301727,0.22925199568271637,0.9964166879653931
side_person17.mp4,side,362,12067,30.0,848,478,27,left_ankle,0.5048123002052307,0.8965774178504944,0.034445665776729584,0.9339944124221802,0.9935691356658936
side_person17.mp4,side,362,12067,30.0,848,478,28,right_ankle,0.5020679831504822,0.8612717390060425,0.26086801290512085,0.42295345664024353,0.9974513649940491
side_person17.mp4,side,362,12067,30.0,848,478,29,left_heel,0.5142854452133179,0.9298228025436401,0.03928818926215172,0.9251101613044739,0.9896402955055237
side_person17.mp4,side,362,12067,30.0,848,478,30,right_heel,0.5072993040084839,0.8922308683395386,0.26593977212905884,0.6281142830848694,0.9962305426597595
side_person17.mp4,side,362,12067,30.0,848,478,31,left_foot_index,0.46103736758232117,0.9253368973731995,-0.03815262392163277,0.9102083444595337,0.99101322889328
side_person17.mp4,side,362,12067,30.0,848,478,32,right_foot_index,0.4637601375579834,0.8973729014396667,0.20269235968589783,0.6234891414642334,0.9969807267189026
side_person17.mp4,side,363,12100,30.0,848,478,0,nose,0.4585820734500885,0.2140694558620453,-0.09543692320585251,0.9978258013725281,0.9981982111930847
side_person17.mp4,side,363,12100,30.0,848,478,1,left_eye_inner,0.45928215980529785,0.19260290265083313,-0.11879417300224304,0.9976490139961243,0.9981034994125366
side_person17.mp4,side,363,12100,30.0,848,478,2,left_eye,0.4605518877506256,0.19138121604919434,-0.11885949224233627,0.9976715445518494,0.9981592297554016
side_person17.mp4,side,363,12100,30.0,848,478,3,left_eye_outer,0.4620227813720703,0.1900940239429474,-0.11887979507446289,0.9981780052185059,0.9981569647789001
side_person17.mp4,side,363,12100,30.0,848,478,4,right_eye_inner,0.4590778350830078,0.19269110262393951,-0.08234111219644547,0.997043788433075,0.9980313181877136
side_person17.mp4,side,363,12100,30.0,848,478,5,right_eye,0.46017009019851685,0.19145701825618744,-0.08232273161411285,0.9968298673629761,0.998008668422699
side_person17.mp4,side,363,12100,30.0,848,478,6,right_eye_outer,0.4614994525909424,0.19005811214447021,-0.08236239105463028,0.9978492259979248,0.997931957244873
side_person17.mp4,side,363,12100,30.0,848,478,7,left_ear,0.4760913550853729,0.18807488679885864,-0.17055878043174744,0.9965586066246033,0.9983470439910889
side_person17.mp4,side,363,12100,30.0,848,478,8,right_ear,0.47486546635627747,0.18715034425258636,-0.008031751960515976,0.996363639831543,0.997873067855835
side_person17.mp4,side,363,12100,30.0,848,478,9,mouth_left,0.46643945574760437,0.22755120694637299,-0.11090889573097229,0.997277021408081,0.9988272786140442
side_person17.mp4,side,363,12100,30.0,848,478,10,mouth_right,0.4661726653575897,0.22841507196426392,-0.06338535249233246,0.9954115748405457,0.9985696077346802
side_person17.mp4,side,363,12100,30.0,848,478,11,left_shoulder,0.5044941902160645,0.2608126103878021,-0.2594182789325714,0.9995293617248535,0.9987053871154785
side_person17.mp4,side,363,12100,30.0,848,478,12,right_shoulder,0.5022784471511841,0.27175718545913696,0.11463216692209244,0.9975060224533081,0.9974749684333801
side_person17.mp4,side,363,12100,30.0,848,478,13,left_elbow,0.4154677391052246,0.2998584508895874,-0.33001673221588135,0.9897804260253906,0.9989219903945923
side_person17.mp4,side,363,12100,30.0,848,478,14,right_elbow,0.432458758354187,0.31294891238212585,0.14807896316051483,0.37294793128967285,0.9990861415863037
side_person17.mp4,side,363,12100,30.0,848,478,15,left_wrist,0.34073036909103394,0.30881479382514954,-0.29706257581710815,0.9737738966941833,0.9968981742858887
side_person17.mp4,side,363,12100,30.0,848,478,16,right_wrist,0.36020994186401367,0.3182196319103241,0.059250254184007645,0.46444976329803467,0.9959977865219116
side_person17.mp4,side,363,12100,30.0,848,478,17,left_pinky,0.32213258743286133,0.3092440962791443,-0.3437918424606323,0.957943320274353,0.9962485432624817
side_person17.mp4,side,363,12100,30.0,848,478,18,right_pinky,0.3449985682964325,0.3201138377189636,0.05755295231938362,0.4562394618988037,0.9951411485671997
side_person17.mp4,side,363,12100,30.0,848,478,19,left_index,0.32132479548454285,0.3062029778957367,-0.3188190162181854,0.9530799388885498,0.9962314963340759
side_person17.mp4,side,363,12100,30.0,848,478,20,right_index,0.3435039818286896,0.3196280598640442,0.01882391795516014,0.4762834310531616,0.9941684007644653
side_person17.mp4,side,363,12100,30.0,848,478,21,left_thumb,0.32786497473716736,0.3085220754146576,-0.28836071491241455,0.9274027943611145,0.9963781237602234
side_person17.mp4,side,363,12100,30.0,848,478,22,right_thumb,0.34656473994255066,0.3203531503677368,0.0386047437787056,0.5008352994918823,0.994481086730957
side_person17.mp4,side,363,12100,30.0,848,478,23,left_hip,0.5568671822547913,0.5177273750305176,-0.11302796006202698,0.997706949710846,0.9990160465240479
side_person17.mp4,side,363,12100,30.0,848,478,24,right_hip,0.5393616557121277,0.516447126865387,0.11302734911441803,0.9944633841514587,0.9982126951217651
side_person17.mp4,side,363,12100,30.0,848,478,25,left_knee,0.516072154045105,0.7216857671737671,-0.0627400130033493,0.896587073802948,0.9989445805549622
side_person17.mp4,side,363,12100,30.0,848,478,26,right_knee,0.4884003698825836,0.680992603302002,0.15758644044399261,0.24038706719875336,0.9975662231445312
side_person17.mp4,side,363,12100,30.0,848,478,27,left_ankle,0.5048553347587585,0.8990128040313721,0.033311426639556885,0.9356420636177063,0.9953977465629578
side_person17.mp4,side,363,12100,30.0,848,478,28,right_ankle,0.5020187497138977,0.8610056638717651,0.27058154344558716,0.4345894157886505,0.9984476566314697
side_person17.mp4,side,363,12100,30.0,848,478,29,left_heel,0.5142415165901184,0.929880678653717,0.038192395120859146,0.9247075915336609,0.9923708438873291
side_person17.mp4,side,363,12100,30.0,848,478,30,right_heel,0.5075997710227966,0.8915988206863403,0.2806626856327057,0.6332428455352783,0.9977499842643738
side_person17.mp4,side,363,12100,30.0,848,478,31,left_foot_index,0.4602673053741455,0.9261038899421692,-0.03921184316277504,0.9121457934379578,0.9930915832519531
side_person17.mp4,side,363,12100,30.0,848,478,32,right_foot_index,0.4632805287837982,0.8994954824447632,0.23272530734539032,0.63112872838974,0.9980810880661011
side_person17.mp4,side,364,12133,30.0,848,478,0,nose,0.4568014442920685,0.22526879608631134,-0.08627212047576904,0.99761962890625,0.9965099692344666
side_person17.mp4,side,364,12133,30.0,848,478,1,left_eye_inner,0.4573322832584381,0.20437569916248322,-0.10915707051753998,0.9974493980407715,0.9965960383415222
side_person17.mp4,side,364,12133,30.0,848,478,2,left_eye,0.4585317075252533,0.20313428342342377,-0.10921210050582886,0.9975058436393738,0.9967255592346191
side_person17.mp4,side,364,12133,30.0,848,478,3,left_eye_outer,0.4599349796772003,0.2017449289560318,-0.1092195138335228,0.9980686902999878,0.9967607855796814
side_person17.mp4,side,364,12133,30.0,848,478,4,right_eye_inner,0.4572547376155853,0.2042362540960312,-0.07301749289035797,0.9967427849769592,0.9962947964668274
side_person17.mp4,side,364,12133,30.0,848,478,5,right_eye,0.45838823914527893,0.2028297483921051,-0.0729968473315239,0.996536374092102,0.9961758852005005
side_person17.mp4,side,364,12133,30.0,848,478,6,right_eye_outer,0.4597620368003845,0.2011393904685974,-0.07303647696971893,0.9976298809051514,0.9959251880645752
side_person17.mp4,side,364,12133,30.0,848,478,7,left_ear,0.4736712872982025,0.19934511184692383,-0.16113106906414032,0.9963428378105164,0.9971213936805725
side_person17.mp4,side,364,12133,30.0,848,478,8,right_ear,0.47294047474861145,0.19821973145008087,-0.0003783020074479282,0.9960471391677856,0.995779275894165
side_person17.mp4,side,364,12133,30.0,848,478,9,mouth_left,0.46488091349601746,0.23817376792430878,-0.10165959596633911,0.9970607757568359,0.9975740313529968
side_person17.mp4,side,364,12133,30.0,848,478,10,mouth_right,0.46477460861206055,0.2389068901538849,-0.05454730615019798,0.994839072227478,0.9969182014465332
side_person17.mp4,side,364,12133,30.0,848,478,11,left_shoulder,0.502779483795166,0.2718413472175598,-0.25105375051498413,0.9994906187057495,0.9971022009849548
side_person17.mp4,side,364,12133,30.0,848,478,12,right_shoulder,0.5023078918457031,0.2796323597431183,0.11913522332906723,0.9970752596855164,0.993775486946106
side_person17.mp4,side,364,12133,30.0,848,478,13,left_elbow,0.4147978127002716,0.31351253390312195,-0.3204583525657654,0.9889285564422607,0.9978281855583191
side_person17.mp4,side,364,12133,30.0,848,478,14,right_elbow,0.4315674901008606,0.3199417293071747,0.15058787167072296,0.35272547602653503,0.9976478219032288
side_person17.mp4,side,364,12133,30.0,848,478,15,left_wrist,0.33880725502967834,0.32219481468200684,-0.2728428840637207,0.9721665978431702,0.992228090763092
side_person17.mp4,side,364,12133,30.0,848,478,16,right_wrist,0.3602077066898346,0.3292471468448639,0.06538712978363037,0.435758501291275,0.9874218702316284
side_person17.mp4,side,364,12133,30.0,848,478,17,left_pinky,0.3212043344974518,0.3225354254245758,-0.3168717920780182,0.9562856554985046,0.9904878735542297
side_person17.mp4,side,364,12133,30.0,848,478,18,right_pinky,0.3454428017139435,0.3284774422645569,0.06445664912462234,0.43104448914527893,0.9855701923370361
side_person17.mp4,side,364,12133,30.0,848,478,19,left_index,0.3203391432762146,0.3182573914527893,-0.2919991612434387,0.9513320922851562,0.9905849099159241
side_person17.mp4,side,364,12133,30.0,848,478,20,right_index,0.3433142602443695,0.3294016718864441,0.025993844494223595,0.45035243034362793,0.9826555252075195
side_person17.mp4,side,364,12133,30.0,848,478,21,left_thumb,0.32704800367355347,0.3208111524581909,-0.2640230655670166,0.9248654842376709,0.9908661246299744
side_person17.mp4,side,364,12133,30.0,848,478,22,right_thumb,0.34634461998939514,0.3309493064880371,0.04509108141064644,0.47479408979415894,0.9831135272979736
side_person17.mp4,side,364,12133,30.0,848,478,23,left_hip,0.5583620071411133,0.5244082808494568,-0.11225278675556183,0.9976931214332581,0.998191773891449
side_person17.mp4,side,364,12133,30.0,848,478,24,right_hip,0.5411182045936584,0.5221982002258301,0.11226886510848999,0.9943633675575256,0.9967483282089233
side_person17.mp4,side,364,12133,30.0,848,478,25,left_knee,0.5149269104003906,0.7272825837135315,-0.06510680168867111,0.8985567688941956,0.9972979426383972
side_person17.mp4,side,364,12133,30.0,848,478,26,right_knee,0.4877757430076599,0.6848181486129761,0.1473628431558609,0.2522742450237274,0.9944366216659546
side_person17.mp4,side,364,12133,30.0,848,478,27,left_ankle,0.5050088167190552,0.9023708701133728,0.029437299817800522,0.9367589354515076,0.9886006712913513
side_person17.mp4,side,364,12133,30.0,848,478,28,right_ankle,0.5009670853614807,0.8619816303253174,0.2616613805294037,0.4446858763694763,0.9963089823722839
side_person17.mp4,side,364,12133,30.0,848,478,29,left_heel,0.5142576694488525,0.9298664927482605,0.034786999225616455,0.9240803122520447,0.9821569919586182
side_person17.mp4,side,364,12133,30.0,848,478,30,right_heel,0.5078174471855164,0.8918737173080444,0.27188172936439514,0.6371862292289734,0.9946054816246033
side_person17.mp4,side,364,12133,30.0,848,478,31,left_foot_index,0.46014872193336487,0.9269577860832214,-0.04001190513372421,0.9128244519233704,0.9840468764305115
side_person17.mp4,side,364,12133,30.0,848,478,32,right_foot_index,0.46276751160621643,0.8978714942932129,0.2261425256729126,0.6358166933059692,0.9953398704528809
side_person17.mp4,side,365,12167,30.0,848,478,0,nose,0.4562073349952698,0.23665891587734222,-0.06474031507968903,0.997522234916687,0.9965986609458923
side_person17.mp4,side,365,12167,30.0,848,478,1,left_eye_inner,0.4567849040031433,0.21589520573616028,-0.08865348249673843,0.9973641037940979,0.9967832565307617
side_person17.mp4,side,365,12167,30.0,848,478,2,left_eye,0.4579840898513794,0.21456517279148102,-0.08873118460178375,0.9974432587623596,0.9969342947006226
side_person17.mp4,side,365,12167,30.0,848,478,3,left_eye_outer,0.4593961536884308,0.21309004724025726,-0.0887690857052803,0.9980542063713074,0.9969537258148193
side_person17.mp4,side,365,12167,30.0,848,478,4,right_eye_inner,0.4566275477409363,0.21609137952327728,-0.0514756515622139,0.9966222643852234,0.9964621663093567
side_person17.mp4,side,365,12167,30.0,848,478,5,right_eye,0.45772087574005127,0.21477454900741577,-0.05146636441349983,0.9964008927345276,0.9963659048080444
side_person17.mp4,side,365,12167,30.0,848,478,6,right_eye_outer,0.45906147360801697,0.21314717829227448,-0.051503006368875504,0.9975271821022034,0.9961926937103271
side_person17.mp4,side,365,12167,30.0,848,478,7,left_ear,0.47318941354751587,0.2099793553352356,-0.14586374163627625,0.9962939620018005,0.997270405292511
side_person17.mp4,side,365,12167,30.0,848,478,8,right_ear,0.47227853536605835,0.20903663337230682,0.01996729150414467,0.9959189891815186,0.9960361123085022
side_person17.mp4,side,365,12167,30.0,848,478,9,mouth_left,0.4644339680671692,0.24869276583194733,-0.08239638060331345,0.9969554543495178,0.9976807832717896
side_person17.mp4,side,365,12167,30.0,848,478,10,mouth_right,0.46424809098243713,0.2496359795331955,-0.03394034504890442,0.9944798946380615,0.9970338344573975
side_person17.mp4,side,365,12167,30.0,848,478,11,left_shoulder,0.5017334222793579,0.28235095739364624,-0.23817622661590576,0.9994821548461914,0.9971605539321899
side_person17.mp4,side,365,12167,30.0,848,478,12,right_shoulder,0.5022413730621338,0.28970497846603394,0.1410101354122162,0.9968029260635376,0.9950003027915955
side_person17.mp4,side,365,12167,30.0,848,478,13,left_elbow,0.41479477286338806,0.3270558714866638,-0.2962901294231415,0.988530158996582,0.998332679271698
side_person17.mp4,side,365,12167,30.0,848,478,14,right_elbow,0.4333009421825409,0.33208659291267395,0.18689210712909698,0.3351556360721588,0.998389482498169
side_person17.mp4,side,365,12167,30.0,848,478,15,left_wrist,0.33755114674568176,0.3339395225048065,-0.23353253304958344,0.9718169569969177,0.9956117868423462
side_person17.mp4,side,365,12167,30.0,848,478,16,right_wrist,0.36845919489860535,0.3535999357700348,0.1115133985877037,0.4136704206466675,0.9923810362815857
side_person17.mp4,side,365,12167,30.0,848,478,17,left_pinky,0.3209878206253052,0.3330584764480591,-0.27403509616851807,0.9559992551803589,0.9946900606155396
side_person17.mp4,side,365,12167,30.0,848,478,18,right_pinky,0.34622645378112793,0.3369249701499939,0.11333651840686798,0.41122809052467346,0.9909496903419495
side_person17.mp4,side,365,12167,30.0,848,478,19,left_index,0.32032251358032227,0.3277217447757721,-0.25020211935043335,0.9510952234268188,0.9945652484893799
side_person17.mp4,side,365,12167,30.0,848,478,20,right_index,0.3534912168979645,0.33695778250694275,0.07698799669742584,0.43009185791015625,0.9892250895500183
side_person17.mp4,side,365,12167,30.0,848,478,21,left_thumb,0.3267625868320465,0.3309274911880493,-0.2244984358549118,0.9242596626281738,0.9948785305023193
side_person17.mp4,side,365,12167,30.0,848,478,22,right_thumb,0.3471040427684784,0.3383432626724243,0.09228206425905228,0.4542559087276459,0.9898571968078613
side_person17.mp4,side,365,12167,30.0,848,478,23,left_hip,0.5603545904159546,0.5328247547149658,-0.11230591684579849,0.9977555274963379,0.9985389709472656
side_person17.mp4,side,365,12167,30.0,848,478,24,right_hip,0.5433170199394226,0.5311779975891113,0.11231924593448639,0.9945208430290222,0.9977267384529114
side_person17.mp4,side,365,12167,30.0,848,478,25,left_knee,0.5124779343605042,0.7325053215026855,-0.07157755643129349,0.9026981592178345,0.9976226687431335
side_person17.mp4,side,365,12167,30.0,848,478,26,right_knee,0.4844035804271698,0.6846112608909607,0.13527360558509827,0.27523717284202576,0.9959349632263184
side_person17.mp4,side,365,12167,30.0,848,478,27,left_ankle,0.5050233006477356,0.9043735265731812,0.019781921058893204,0.9387500286102295,0.9879135489463806
side_person17.mp4,side,365,12167,30.0,848,478,28,right_ankle,0.4982660710811615,0.8665754199028015,0.24454647302627563,0.46088361740112305,0.9967663288116455
side_person17.mp4,side,365,12167,30.0,848,478,29,left_heel,0.5139417052268982,0.9298723340034485,0.02590824104845524,0.9233679175376892,0.9820322394371033
side_person17.mp4,side,365,12167,30.0,848,478,30,right_heel,0.5065649747848511,0.8925637602806091,0.25452083349227905,0.6439233422279358,0.995273768901825
side_person17.mp4,side,365,12167,30.0,848,478,31,left_foot_index,0.4600205421447754,0.9276434779167175,-0.04037611931562424,0.9150383472442627,0.9840436577796936
side_person17.mp4,side,365,12167,30.0,848,478,32,right_foot_index,0.46071016788482666,0.8999642133712769,0.21336346864700317,0.6437485218048096,0.9950790405273438
side_person17.mp4,side,366,12200,30.0,848,478,0,nose,0.45547348260879517,0.24625682830810547,-0.07036317884922028,0.9972051382064819,0.991152822971344
side_person17.mp4,side,366,12200,30.0,848,478,1,left_eye_inner,0.45603063702583313,0.2256726771593094,-0.0937831923365593,0.9970054030418396,0.9912494421005249
side_person17.mp4,side,366,12200,30.0,848,478,2,left_eye,0.45718467235565186,0.2244201898574829,-0.09385806322097778,0.9970991611480713,0.9913781881332397
side_person17.mp4,side,366,12200,30.0,848,478,3,left_eye_outer,0.4585381746292114,0.22299806773662567,-0.09389737248420715,0.9978299140930176,0.9912698268890381
side_person17.mp4,side,366,12200,30.0,848,478,4,right_eye_inner,0.4559513032436371,0.22551162540912628,-0.057589784264564514,0.996216893196106,0.9913346171379089
side_person17.mp4,side,366,12200,30.0,848,478,5,right_eye,0.45704716444015503,0.2241024672985077,-0.057600896805524826,0.995959997177124,0.9914733171463013
side_person17.mp4,side,366,12200,30.0,848,478,6,right_eye_outer,0.45837825536727905,0.2223803848028183,-0.05764993280172348,0.9972144961357117,0.9914210438728333
side_person17.mp4,side,366,12200,30.0,848,478,7,left_ear,0.47183701395988464,0.22091446816921234,-0.14845052361488342,0.995765745639801,0.9913368225097656
side_person17.mp4,side,366,12200,30.0,848,478,8,right_ear,0.47131967544555664,0.21933360397815704,0.012511122971773148,0.9954248666763306,0.9916031956672668
side_person17.mp4,side,366,12200,30.0,848,478,9,mouth_left,0.46348097920417786,0.25799086689949036,-0.08721469342708588,0.996375322341919,0.992403507232666
side_person17.mp4,side,366,12200,30.0,848,478,10,mouth_right,0.46335795521736145,0.25864332914352417,-0.04020756483078003,0.9934593439102173,0.9918380379676819
side_person17.mp4,side,366,12200,30.0,848,478,11,left_shoulder,0.49948397278785706,0.29478946328163147,-0.23907551169395447,0.9992987513542175,0.9887463450431824
side_person17.mp4,side,366,12200,30.0,848,478,12,right_shoulder,0.5011429190635681,0.29813963174819946,0.12986811995506287,0.9962547421455383,0.9904102087020874
side_person17.mp4,side,366,12200,30.0,848,478,13,left_elbow,0.4148118495941162,0.3419259488582611,-0.29630836844444275,0.9871163368225098,0.9951356053352356
side_person17.mp4,side,366,12200,30.0,848,478,14,right_elbow,0.43181750178337097,0.34189778566360474,0.1651214212179184,0.3200746178627014,0.9975336790084839
side_person17.mp4,side,366,12200,30.0,848,478,15,left_wrist,0.3364435136318207,0.34533074498176575,-0.2383817434310913,0.96974116563797,0.9853428602218628
side_person17.mp4,side,366,12200,30.0,848,478,16,right_wrist,0.3675796091556549,0.35101473331451416,0.0936451107263565,0.3935730457305908,0.9860870242118835
side_person17.mp4,side,366,12200,30.0,848,478,17,left_pinky,0.32034164667129517,0.346102237701416,-0.27844738960266113,0.9536699652671814,0.9825441241264343
side_person17.mp4,side,366,12200,30.0,848,478,18,right_pinky,0.34577080607414246,0.3452458381652832,0.09412582218647003,0.3931354880332947,0.982333779335022
side_person17.mp4,side,366,12200,30.0,848,478,19,left_index,0.32005205750465393,0.3401974141597748,-0.25587448477745056,0.9487043023109436,0.9819958209991455
side_person17.mp4,side,366,12200,30.0,848,478,20,right_index,0.3505071997642517,0.3447973132133484,0.06415636092424393,0.411354660987854,0.9786126613616943
side_person17.mp4,side,366,12200,30.0,848,478,21,left_thumb,0.32616695761680603,0.34297502040863037,-0.2299259603023529,0.921064019203186,0.9826945662498474
side_person17.mp4,side,366,12200,30.0,848,478,22,right_thumb,0.34696683287620544,0.348099946975708,0.07659053802490234,0.43543142080307007,0.9801085591316223
side_person17.mp4,side,366,12200,30.0,848,478,23,left_hip,0.5611423850059509,0.5402650237083435,-0.11130763590335846,0.997591495513916,0.996567964553833
side_person17.mp4,side,366,12200,30.0,848,478,24,right_hip,0.5436842441558838,0.5370332598686218,0.11134403198957443,0.9944582581520081,0.9966711401939392
side_person17.mp4,side,366,12200,30.0,848,478,25,left_knee,0.5089868307113647,0.7338550090789795,-0.07096787542104721,0.9035518765449524,0.9911606907844543
side_person17.mp4,side,366,12200,30.0,848,478,26,right_knee,0.48218032717704773,0.6853442788124084,0.1243511438369751,0.29103660583496094,0.9923882484436035
side_person17.mp4,side,366,12200,30.0,848,478,27,left_ankle,0.5053598284721375,0.9039441347122192,0.02470162883400917,0.9372376799583435,0.9733119606971741
side_person17.mp4,side,366,12200,30.0,848,478,28,right_ankle,0.4985799491405487,0.8663622140884399,0.24171333014965057,0.4674431085586548,0.9938201308250427
side_person17.mp4,side,366,12200,30.0,848,478,29,left_heel,0.5139376521110535,0.929013192653656,0.032560355961322784,0.920521080493927,0.9658167362213135
side_person17.mp4,side,366,12200,30.0,848,478,30,right_heel,0.5067541599273682,0.8952534198760986,0.25253671407699585,0.6452265381813049,0.9911092519760132
side_person17.mp4,side,366,12200,30.0,848,478,31,left_foot_index,0.46006327867507935,0.928153932094574,-0.023023148998618126,0.9129202961921692,0.9722336530685425
side_person17.mp4,side,366,12200,30.0,848,478,32,right_foot_index,0.4608338177204132,0.9000341892242432,0.21287287771701813,0.6418349742889404,0.9912010431289673
side_person17.mp4,side,367,12233,30.0,848,478,0,nose,0.4543831944465637,0.25940823554992676,-0.07061976194381714,0.9967762231826782,0.9894128441810608
side_person17.mp4,side,367,12233,30.0,848,478,1,left_eye_inner,0.4548242390155792,0.23902463912963867,-0.09403015673160553,0.99668949842453,0.9908068776130676
side_person17.mp4,side,367,12233,30.0,848,478,2,left_eye,0.45591723918914795,0.2378222644329071,-0.09410592913627625,0.9967992901802063,0.9914011359214783
side_person17.mp4,side,367,12233,30.0,848,478,3,left_eye_outer,0.4571959674358368,0.23643675446510315,-0.094151571393013,0.9976649880409241,0.9916395545005798
side_person17.mp4,side,367,12233,30.0,848,478,4,right_eye_inner,0.45470690727233887,0.2388836145401001,-0.05811905860900879,0.9957859516143799,0.9894126057624817
side_person17.mp4,side,367,12233,30.0,848,478,5,right_eye,0.4557317793369293,0.23751883208751678,-0.058129873126745224,0.995450496673584,0.9891235828399658
side_person17.mp4,side,367,12233,30.0,848,478,6,right_eye_outer,0.45698118209838867,0.23583374917507172,-0.05817745253443718,0.9968757033348083,0.988636314868927
side_person17.mp4,side,367,12233,30.0,848,478,7,left_ear,0.46990275382995605,0.23406727612018585,-0.1489586979150772,0.9953436255455017,0.9926579594612122
side_person17.mp4,side,367,12233,30.0,848,478,8,right_ear,0.4697343111038208,0.23254169523715973,0.009986750781536102,0.9950249195098877,0.9888641834259033
side_person17.mp4,side,367,12233,30.0,848,478,9,mouth_left,0.4622669816017151,0.27090537548065186,-0.08751066774129868,0.9958202242851257,0.9919191002845764
side_person17.mp4,side,367,12233,30.0,848,478,10,mouth_right,0.46213284134864807,0.2713829278945923,-0.040906600654125214,0.9923173189163208,0.9899346232414246
side_person17.mp4,side,367,12233,30.0,848,478,11,left_shoulder,0.4965422749519348,0.3087162971496582,-0.23858503997325897,0.9991982579231262,0.9916762113571167
side_person17.mp4,side,367,12233,30.0,848,478,12,right_shoulder,0.5008964538574219,0.30999141931533813,0.12593305110931396,0.995669960975647,0.9881677031517029
side_person17.mp4,side,367,12233,30.0,848,478,13,left_elbow,0.4145210087299347,0.3552406132221222,-0.288615345954895,0.9865247011184692,0.9964084029197693
side_person17.mp4,side,367,12233,30.0,848,478,14,right_elbow,0.4319397211074829,0.35407787561416626,0.165476456284523,0.30068439245224,0.9960158467292786
side_person17.mp4,side,367,12233,30.0,848,478,15,left_wrist,0.33458107709884644,0.35878244042396545,-0.2175416797399521,0.9685994386672974,0.989570140838623
side_person17.mp4,side,367,12233,30.0,848,478,16,right_wrist,0.37366729974746704,0.37421372532844543,0.10632214695215225,0.3676761984825134,0.9819579124450684
side_person17.mp4,side,367,12233,30.0,848,478,17,left_pinky,0.3187897503376007,0.3597756624221802,-0.2563242018222809,0.952353298664093,0.9874691963195801
side_person17.mp4,side,367,12233,30.0,848,478,18,right_pinky,0.36193567514419556,0.3578265309333801,0.10862594842910767,0.36930978298187256,0.9799893498420715
side_person17.mp4,side,367,12233,30.0,848,478,19,left_index,0.31856608390808105,0.35380005836486816,-0.2330314666032791,0.9475107192993164,0.9870182871818542
side_person17.mp4,side,367,12233,30.0,848,478,20,right_index,0.3600444793701172,0.3554106652736664,0.07615482807159424,0.38656142354011536,0.9761155247688293
side_person17.mp4,side,367,12233,30.0,848,478,21,left_thumb,0.3246908485889435,0.35613012313842773,-0.20870530605316162,0.9192813038825989,0.9876009225845337
side_person17.mp4,side,367,12233,30.0,848,478,22,right_thumb,0.3601360023021698,0.36465325951576233,0.0893767699599266,0.4099227786064148,0.9768287539482117
side_person17.mp4,side,367,12233,30.0,848,478,23,left_hip,0.5622104406356812,0.552209198474884,-0.10993839800357819,0.9975618124008179,0.9974057078361511
side_person17.mp4,side,367,12233,30.0,848,478,24,right_hip,0.5452209115028381,0.5469648838043213,0.11000993102788925,0.9944674968719482,0.9967626333236694
side_person17.mp4,side,367,12233,30.0,848,478,25,left_knee,0.5059192776679993,0.7406383156776428,-0.06327315419912338,0.9050465822219849,0.9911307096481323
side_person17.mp4,side,367,12233,30.0,848,478,26,right_knee,0.4801175594329834,0.6868773698806763,0.13315312564373016,0.3020595610141754,0.990786612033844
side_person17.mp4,side,367,12233,30.0,848,478,27,left_ankle,0.5054110884666443,0.9049212336540222,0.04484761506319046,0.9356870055198669,0.9769136309623718
side_person17.mp4,side,367,12233,30.0,848,478,28,right_ankle,0.49870461225509644,0.8681250810623169,0.24993754923343658,0.4698309302330017,0.9928985834121704
side_person17.mp4,side,367,12233,30.0,848,478,29,left_heel,0.513850748538971,0.9290077090263367,0.05439726263284683,0.91884845495224,0.9704828262329102
side_person17.mp4,side,367,12233,30.0,848,478,30,right_heel,0.5068877339363098,0.8976730108261108,0.25891274213790894,0.6426733732223511,0.9900234341621399
side_person17.mp4,side,367,12233,30.0,848,478,31,left_foot_index,0.46008890867233276,0.9288632869720459,0.010829459875822067,0.9104657769203186,0.9746460318565369
side_person17.mp4,side,367,12233,30.0,848,478,32,right_foot_index,0.4609168767929077,0.9014428853988647,0.23219284415245056,0.6358977556228638,0.9905993342399597
side_person17.mp4,side,368,12267,30.0,848,478,0,nose,0.453457772731781,0.27261707186698914,-0.053015466779470444,0.9966678023338318,0.9908377528190613
side_person17.mp4,side,368,12267,30.0,848,478,1,left_eye_inner,0.4538191556930542,0.2523760497570038,-0.07652898877859116,0.9966685771942139,0.9920884370803833
side_person17.mp4,side,368,12267,30.0,848,478,2,left_eye,0.45489034056663513,0.25112634897232056,-0.07659962773323059,0.996777355670929,0.9926928281784058
side_person17.mp4,side,368,12267,30.0,848,478,3,left_eye_outer,0.4561123251914978,0.24975240230560303,-0.0766509398818016,0.9976838827133179,0.992878258228302
side_person17.mp4,side,368,12267,30.0,848,478,4,right_eye_inner,0.4537808299064636,0.25209319591522217,-0.04110949859023094,0.9957901239395142,0.9909365773200989
side_person17.mp4,side,368,12267,30.0,848,478,5,right_eye,0.4548349976539612,0.250627726316452,-0.04111205041408539,0.9954124093055725,0.9907655715942383
side_person17.mp4,side,368,12267,30.0,848,478,6,right_eye_outer,0.4560425281524658,0.2489832043647766,-0.04115115478634834,0.996863067150116,0.9905271530151367
side_person17.mp4,side,368,12267,30.0,848,478,7,left_ear,0.4686089754104614,0.24784204363822937,-0.1339733749628067,0.9953480958938599,0.993716299533844
side_person17.mp4,side,368,12267,30.0,848,478,8,right_ear,0.46882301568984985,0.24608924984931946,0.023305192589759827,0.9951232075691223,0.9906512498855591
side_person17.mp4,side,368,12267,30.0,848,478,9,mouth_left,0.46103668212890625,0.284304141998291,-0.07095169275999069,0.9956788420677185,0.992938756942749
side_person17.mp4,side,368,12267,30.0,848,478,10,mouth_right,0.4609755277633667,0.2848426103591919,-0.024944409728050232,0.9921239614486694,0.9916302561759949
side_person17.mp4,side,368,12267,30.0,848,478,11,left_shoulder,0.49453169107437134,0.3232249617576599,-0.22302930057048798,0.9991497993469238,0.9918479919433594
side_person17.mp4,side,368,12267,30.0,848,478,12,right_shoulder,0.500464141368866,0.32356053590774536,0.13689634203910828,0.9953833818435669,0.9895851016044617
side_person17.mp4,side,368,12267,30.0,848,478,13,left_elbow,0.41415104269981384,0.36736324429512024,-0.27552035450935364,0.9869586825370789,0.9967073202133179
side_person17.mp4,side,368,12267,30.0,848,478,14,right_elbow,0.4325820207595825,0.3672564625740051,0.19444797933101654,0.2827385663986206,0.9956972599029541
side_person17.mp4,side,368,12267,30.0,848,478,15,left_wrist,0.3342539668083191,0.3701830208301544,-0.19273141026496887,0.9689094424247742,0.9916715025901794
side_person17.mp4,side,368,12267,30.0,848,478,16,right_wrist,0.3847072422504425,0.3724284768104553,0.14015166461467743,0.34335577487945557,0.9856045246124268
side_person17.mp4,side,368,12267,30.0,848,478,17,left_pinky,0.3175233006477356,0.3738962411880493,-0.22932381927967072,0.952501654624939,0.9898848533630371
side_person17.mp4,side,368,12267,30.0,848,478,18,right_pinky,0.3731132447719574,0.36663493514060974,0.14406812191009521,0.34624290466308594,0.9843295216560364
side_person17.mp4,side,368,12267,30.0,848,478,19,left_index,0.3169575333595276,0.3674255311489105,-0.2057678997516632,0.9478602409362793,0.9893370866775513
side_person17.mp4,side,368,12267,30.0,848,478,20,right_index,0.3738763928413391,0.36370882391929626,0.11254866421222687,0.3625921905040741,0.9822354316711426
side_person17.mp4,side,368,12267,30.0,848,478,21,left_thumb,0.32392072677612305,0.36751437187194824,-0.18343891203403473,0.9194973111152649,0.9901056885719299
side_person17.mp4,side,368,12267,30.0,848,478,22,right_thumb,0.3745560944080353,0.37652793526649475,0.12414710223674774,0.38497933745384216,0.9829382300376892
side_person17.mp4,side,368,12267,30.0,848,478,23,left_hip,0.5635464191436768,0.5603243708610535,-0.10924988240003586,0.9976099133491516,0.9970959424972534
side_person17.mp4,side,368,12267,30.0,848,478,24,right_hip,0.5476722121238708,0.5541248321533203,0.1093420535326004,0.9946513175964355,0.996672511100769
side_person17.mp4,side,368,12267,30.0,848,478,25,left_knee,0.49995556473731995,0.7404418587684631,-0.06386908888816833,0.9079782962799072,0.9913439750671387
side_person17.mp4,side,368,12267,30.0,848,478,26,right_knee,0.47927266359329224,0.6888687014579773,0.1262027472257614,0.31952401995658875,0.9913913011550903
side_person17.mp4,side,368,12267,30.0,848,478,27,left_ankle,0.5052241086959839,0.9047643542289734,0.041129130870103836,0.9360226988792419,0.9791760444641113
side_person17.mp4,side,368,12267,30.0,848,478,28,right_ankle,0.4988395869731903,0.8731381893157959,0.23821718990802765,0.4759076237678528,0.992255449295044
side_person17.mp4,side,368,12267,30.0,848,478,29,left_heel,0.5136899948120117,0.9290624260902405,0.05015641823410988,0.9198511838912964,0.9750805497169495
side_person17.mp4,side,368,12267,30.0,848,478,30,right_heel,0.5069836974143982,0.9013782143592834,0.2487017661333084,0.6423972249031067,0.9893792271614075
side_person17.mp4,side,368,12267,30.0,848,478,31,left_foot_index,0.46085527539253235,0.9290570020675659,0.010196772404015064,0.9108100533485413,0.9779585003852844
side_person17.mp4,side,368,12267,30.0,848,478,32,right_foot_index,0.46182781457901,0.9115346670150757,0.22082191705703735,0.6319246888160706,0.9888957738876343
side_person17.mp4,side,369,12300,30.0,848,478,0,nose,0.45291468501091003,0.28497448563575745,-0.041133638471364975,0.9968127012252808,0.9945133924484253
side_person17.mp4,side,369,12300,30.0,848,478,1,left_eye_inner,0.45333972573280334,0.2650960385799408,-0.06475766003131866,0.9968487620353699,0.9952903985977173
side_person17.mp4,side,369,12300,30.0,848,478,2,left_eye,0.45440712571144104,0.26385900378227234,-0.06481745839118958,0.9969550967216492,0.995688259601593
side_person17.mp4,side,369,12300,30.0,848,478,3,left_eye_outer,0.4555498957633972,0.26264646649360657,-0.06486918032169342,0.997822105884552,0.9958814382553101
side_person17.mp4,side,369,12300,30.0,848,478,4,right_eye_inner,0.45335376262664795,0.26476502418518066,-0.030181042850017548,0.9960305094718933,0.9945390820503235
side_person17.mp4,side,369,12300,30.0,848,478,5,right_eye,0.45442667603492737,0.2633165419101715,-0.03018232248723507,0.9956651329994202,0.9944100975990295
side_person17.mp4,side,369,12300,30.0,848,478,6,right_eye_outer,0.45561254024505615,0.2617805600166321,-0.03021232597529888,0.9970371723175049,0.9942670464515686
side_person17.mp4,side,369,12300,30.0,848,478,7,left_ear,0.4678599536418915,0.26107367873191833,-0.12273024022579193,0.9956179261207581,0.9966309666633606
side_person17.mp4,side,369,12300,30.0,848,478,8,right_ear,0.468405157327652,0.25922691822052,0.031199567019939423,0.9954524040222168,0.9946170449256897
side_person17.mp4,side,369,12300,30.0,848,478,9,mouth_left,0.46018359065055847,0.2965121269226074,-0.059311557561159134,0.9958621263504028,0.9961045980453491
side_person17.mp4,side,369,12300,30.0,848,478,10,mouth_right,0.46023115515708923,0.29709282517433167,-0.01438105758279562,0.992487907409668,0.9952319264411926
side_person17.mp4,side,369,12300,30.0,848,478,11,left_shoulder,0.492461234331131,0.337787389755249,-0.21352015435695648,0.9991797208786011,0.996351957321167
side_person17.mp4,side,369,12300,30.0,848,478,12,right_shoulder,0.500177800655365,0.33729287981987,0.14396820962429047,0.9954587817192078,0.9944669008255005
side_person17.mp4,side,369,12300,30.0,848,478,13,left_elbow,0.4140802323818207,0.3812231421470642,-0.26344549655914307,0.9877721667289734,0.9981712102890015
side_person17.mp4,side,369,12300,30.0,848,478,14,right_elbow,0.4366205930709839,0.38050079345703125,0.21555674076080322,0.26694706082344055,0.9968308806419373
side_person17.mp4,side,369,12300,30.0,848,478,15,left_wrist,0.3343382179737091,0.381431519985199,-0.17315232753753662,0.9706254005432129,0.9955268502235413
side_person17.mp4,side,369,12300,30.0,848,478,16,right_wrist,0.39020752906799316,0.3818354308605194,0.18657013773918152,0.32338324189186096,0.9923997521400452
side_person17.mp4,side,369,12300,30.0,848,478,17,left_pinky,0.31716451048851013,0.3842478096485138,-0.20576927065849304,0.9548648595809937,0.9937776327133179
side_person17.mp4,side,369,12300,30.0,848,478,18,right_pinky,0.38704338669776917,0.37248438596725464,0.1935855895280838,0.32745081186294556,0.9914104342460632
side_person17.mp4,side,369,12300,30.0,848,478,19,left_index,0.3157183527946472,0.3787451684474945,-0.18452046811580658,0.9504901766777039,0.9935438632965088
side_person17.mp4,side,369,12300,30.0,848,478,20,right_index,0.38835978507995605,0.3688207268714905,0.16605639457702637,0.3426159620285034,0.9904139637947083
side_person17.mp4,side,369,12300,30.0,848,478,21,left_thumb,0.32338058948516846,0.3786581754684448,-0.1641577184200287,0.923112690448761,0.9942967295646667
side_person17.mp4,side,369,12300,30.0,848,478,22,right_thumb,0.38828808069229126,0.3773229420185089,0.17286230623722076,0.36425551772117615,0.9910492897033691
side_person17.mp4,side,369,12300,30.0,848,478,23,left_hip,0.5638644695281982,0.5729005336761475,-0.10892079025506973,0.997765839099884,0.9987586736679077
side_person17.mp4,side,369,12300,30.0,848,478,24,right_hip,0.5488132834434509,0.5639557838439941,0.10901225358247757,0.995022714138031,0.998596727848053
side_person17.mp4,side,369,12300,30.0,848,478,25,left_knee,0.49231818318367004,0.7409858703613281,-0.06599953025579453,0.9131247401237488,0.9958180785179138
side_person17.mp4,side,369,12300,30.0,848,478,26,right_knee,0.47645846009254456,0.6908308863639832,0.12398936599493027,0.3401122987270355,0.9949979782104492
side_person17.mp4,side,369,12300,30.0,848,478,27,left_ankle,0.5052304863929749,0.904532253742218,0.03918464854359627,0.9382595419883728,0.9850409626960754
side_person17.mp4,side,369,12300,30.0,848,478,28,right_ankle,0.4987886846065521,0.8738827109336853,0.23439781367778778,0.48349812626838684,0.9944372177124023
side_person17.mp4,side,369,12300,30.0,848,478,29,left_heel,0.5150936245918274,0.9291079044342041,0.048734817653894424,0.921997606754303,0.9817584753036499
side_person17.mp4,side,369,12300,30.0,848,478,30,right_heel,0.5079184770584106,0.9029742479324341,0.24531300365924835,0.6430703401565552,0.9924639463424683
side_person17.mp4,side,369,12300,30.0,848,478,31,left_foot_index,0.46132591366767883,0.9294959902763367,0.020379934459924698,0.9133355617523193,0.9809252619743347
side_person17.mp4,side,369,12300,30.0,848,478,32,right_foot_index,0.4615175724029541,0.9141061902046204,0.2211235910654068,0.6302507519721985,0.9905490279197693
side_person17.mp4,side,370,12333,30.0,848,478,0,nose,0.45161452889442444,0.29900097846984863,-0.04738183692097664,0.996937096118927,0.9943419694900513
side_person17.mp4,side,370,12333,30.0,848,478,1,left_eye_inner,0.45208001136779785,0.27943214774131775,-0.07097509503364563,0.9969360828399658,0.9943029880523682
side_person17.mp4,side,370,12333,30.0,848,478,2,left_eye,0.45314306020736694,0.27814504504203796,-0.07104086875915527,0.997039258480072,0.9943678975105286
side_person17.mp4,side,370,12333,30.0,848,478,3,left_eye_outer,0.4542468190193176,0.27684885263442993,-0.07108179479837418,0.9978898763656616,0.9942704439163208
side_person17.mp4,side,370,12333,30.0,848,478,4,right_eye_inner,0.45205822587013245,0.27921923995018005,-0.035526104271411896,0.9961602091789246,0.9943390488624573
side_person17.mp4,side,370,12333,30.0,848,478,5,right_eye,0.453107625246048,0.2777930796146393,-0.03551044315099716,0.9958096146583557,0.9943522214889526
side_person17.mp4,side,370,12333,30.0,848,478,6,right_eye_outer,0.454250305891037,0.27623751759529114,-0.035544171929359436,0.9971303939819336,0.9942506551742554
side_person17.mp4,side,370,12333,30.0,848,478,7,left_ear,0.4664683938026428,0.27488991618156433,-0.1275751292705536,0.9956939816474915,0.9939898252487183
side_person17.mp4,side,370,12333,30.0,848,478,8,right_ear,0.4670954644680023,0.27305856347084045,0.029501957818865776,0.9956209659576416,0.9939451813697815
side_person17.mp4,side,370,12333,30.0,848,478,9,mouth_left,0.4589737355709076,0.31030356884002686,-0.06506840139627457,0.9958958029747009,0.9939509630203247
side_person17.mp4,side,370,12333,30.0,848,478,10,mouth_right,0.4589795470237732,0.31109362840652466,-0.018909070640802383,0.9925950765609741,0.9935421943664551
side_person17.mp4,side,370,12333,30.0,848,478,11,left_shoulder,0.49221211671829224,0.35074108839035034,-0.21779826283454895,0.9991199374198914,0.9896922707557678
side_person17.mp4,side,370,12333,30.0,848,478,12,right_shoulder,0.49882033467292786,0.35070058703422546,0.14068952202796936,0.9953096508979797,0.9919983744621277
side_person17.mp4,side,370,12333,30.0,848,478,13,left_elbow,0.41370493173599243,0.3941408693790436,-0.27159062027931213,0.9871823191642761,0.9961990714073181
side_person17.mp4,side,370,12333,30.0,848,478,14,right_elbow,0.43386998772621155,0.39172855019569397,0.18879354000091553,0.2544604539871216,0.9976486563682556
side_person17.mp4,side,370,12333,30.0,848,478,15,left_wrist,0.33416056632995605,0.39491257071495056,-0.19590158760547638,0.9700757265090942,0.9908820390701294
side_person17.mp4,side,370,12333,30.0,848,478,16,right_wrist,0.3878377377986908,0.3981858789920807,0.15560008585453033,0.3083292543888092,0.9881014823913574
side_person17.mp4,side,370,12333,30.0,848,478,17,left_pinky,0.31550487875938416,0.39639952778816223,-0.23156650364398956,0.954443097114563,0.9877716302871704
side_person17.mp4,side,370,12333,30.0,848,478,18,right_pinky,0.3793747127056122,0.3953116536140442,0.15414820611476898,0.31418392062187195,0.9846253395080566
side_person17.mp4,side,370,12333,30.0,848,478,19,left_index,0.3152063190937042,0.3895423412322998,-0.20980392396450043,0.9501304030418396,0.987453818321228
side_person17.mp4,side,370,12333,30.0,848,478,20,right_index,0.38443171977996826,0.391494482755661,0.14768558740615845,0.3287160396575928,0.982712984085083
side_person17.mp4,side,370,12333,30.0,848,478,21,left_thumb,0.32211852073669434,0.3906346261501312,-0.18722429871559143,0.9227899312973022,0.9884536862373352
side_person17.mp4,side,370,12333,30.0,848,478,22,right_thumb,0.38169509172439575,0.4007994532585144,0.14871619641780853,0.35041508078575134,0.9838494062423706
side_person17.mp4,side,370,12333,30.0,848,478,23,left_hip,0.5656540393829346,0.5807671546936035,-0.10896982252597809,0.997855544090271,0.9984558820724487
side_person17.mp4,side,370,12333,30.0,848,478,24,right_hip,0.5494282245635986,0.5706838965415955,0.10905682295560837,0.9953240752220154,0.9988192915916443
side_person17.mp4,side,370,12333,30.0,848,478,25,left_knee,0.4894242584705353,0.7401782274246216,-0.07521793991327286,0.9185206294059753,0.9955730438232422
side_person17.mp4,side,370,12333,30.0,848,478,26,right_knee,0.47348347306251526,0.6926323771476746,0.11013395339250565,0.3619116544723511,0.9963880777359009
side_person17.mp4,side,370,12333,30.0,848,478,27,left_ankle,0.5054492354393005,0.904339611530304,0.0374017059803009,0.941414475440979,0.9876580834388733
side_person17.mp4,side,370,12333,30.0,848,478,28,right_ankle,0.4969877302646637,0.8749098777770996,0.2310866266489029,0.49965664744377136,0.9968208074569702
side_person17.mp4,side,370,12333,30.0,848,478,29,left_heel,0.5152808427810669,0.927434504032135,0.04712443798780441,0.9249080419540405,0.9856497645378113
side_person17.mp4,side,370,12333,30.0,848,478,30,right_heel,0.5076110363006592,0.9055109024047852,0.24290980398654938,0.6520864963531494,0.9956768155097961
side_person17.mp4,side,370,12333,30.0,848,478,31,left_foot_index,0.4626350402832031,0.9299627542495728,0.014967469498515129,0.9171466827392578,0.9839338660240173
side_person17.mp4,side,370,12333,30.0,848,478,32,right_foot_index,0.46124911308288574,0.9175699949264526,0.22053442895412445,0.6364614963531494,0.9934300780296326
side_person17.mp4,side,371,12367,30.0,848,478,0,nose,0.4507938027381897,0.3128754496574402,-0.05069734901189804,0.9970703721046448,0.9949951171875
side_person17.mp4,side,371,12367,30.0,848,478,1,left_eye_inner,0.4510838985443115,0.29356804490089417,-0.07369381189346313,0.9970235824584961,0.9945157170295715
side_person17.mp4,side,371,12367,30.0,848,478,2,left_eye,0.4521048665046692,0.2924077808856964,-0.07374894618988037,0.9971177577972412,0.9944162368774414
side_person17.mp4,side,371,12367,30.0,848,478,3,left_eye_outer,0.4531654417514801,0.2912946939468384,-0.07378312200307846,0.9979453682899475,0.9941721558570862
side_person17.mp4,side,371,12367,30.0,848,478,4,right_eye_inner,0.45105037093162537,0.2933225929737091,-0.03884275630116463,0.9962774515151978,0.9947928786277771
side_person17.mp4,side,371,12367,30.0,848,478,5,right_eye,0.452043741941452,0.29199355840682983,-0.03883613273501396,0.9959444999694824,0.9948136806488037
side_person17.mp4,side,371,12367,30.0,848,478,6,right_eye_outer,0.4531621038913727,0.29052555561065674,-0.038872115314006805,0.9972132444381714,0.994658887386322
side_person17.mp4,side,371,12367,30.0,848,478,7,left_ear,0.4656018614768982,0.28917792439460754,-0.12738558650016785,0.9957417845726013,0.9934507608413696
side_person17.mp4,side,371,12367,30.0,848,478,8,right_ear,0.4661248028278351,0.28727754950523376,0.02866945043206215,0.9957565069198608,0.9940651655197144
side_person17.mp4,side,371,12367,30.0,848,478,9,mouth_left,0.4581017792224884,0.32479509711265564,-0.06775756180286407,0.9959233999252319,0.9938103556632996
side_person17.mp4,side,371,12367,30.0,848,478,10,mouth_right,0.458110511302948,0.325688898563385,-0.022070378065109253,0.9926980137825012,0.9934775829315186
side_person17.mp4,side,371,12367,30.0,848,478,11,left_shoulder,0.49215167760849,0.3636547327041626,-0.21751153469085693,0.9989864826202393,0.9877194166183472
side_person17.mp4,side,371,12367,30.0,848,478,12,right_shoulder,0.4969744384288788,0.36339011788368225,0.1316491663455963,0.995018482208252,0.9905735850334167
side_person17.mp4,side,371,12367,30.0,848,478,13,left_elbow,0.41354456543922424,0.40719640254974365,-0.2663545608520508,0.9860215783119202,0.9954096674919128
side_person17.mp4,side,371,12367,30.0,848,478,14,right_elbow,0.42733892798423767,0.40601515769958496,0.1608864814043045,0.2461738884449005,0.9974549412727356
side_person17.mp4,side,371,12367,30.0,848,478,15,left_wrist,0.333933025598526,0.40765371918678284,-0.19362235069274902,0.968802273273468,0.9886257648468018
side_person17.mp4,side,371,12367,30.0,848,478,16,right_wrist,0.3596927225589752,0.4122815728187561,0.1029805839061737,0.2969021797180176,0.981834352016449
side_person17.mp4,side,371,12367,30.0,848,478,17,left_pinky,0.3153018355369568,0.4072324335575104,-0.22640705108642578,0.9532362818717957,0.9841551780700684
side_person17.mp4,side,371,12367,30.0,848,478,18,right_pinky,0.356425404548645,0.414096474647522,0.10118912160396576,0.3038268983364105,0.9748022556304932
side_person17.mp4,side,371,12367,30.0,848,478,19,left_index,0.31402862071990967,0.39969146251678467,-0.2069956362247467,0.9489092230796814,0.983725368976593
side_person17.mp4,side,371,12367,30.0,848,478,20,right_index,0.35612550377845764,0.4107910394668579,0.07885755598545074,0.3180060088634491,0.9714122414588928
side_person17.mp4,side,371,12367,30.0,848,478,21,left_thumb,0.3219524323940277,0.4009957015514374,-0.18572309613227844,0.9217356443405151,0.9852342009544373
side_person17.mp4,side,371,12367,30.0,848,478,22,right_thumb,0.35857391357421875,0.41976991295814514,0.08911789953708649,0.3404954969882965,0.9740228056907654
side_person17.mp4,side,371,12367,30.0,848,478,23,left_hip,0.5663489699363708,0.5894801616668701,-0.10750433802604675,0.9979206323623657,0.9984390139579773
side_person17.mp4,side,371,12367,30.0,848,478,24,right_hip,0.5494095683097839,0.5795491933822632,0.10757648944854736,0.9955970048904419,0.9988480806350708
side_person17.mp4,side,371,12367,30.0,848,478,25,left_knee,0.48767417669296265,0.7432240843772888,-0.08451759815216064,0.9223578572273254,0.9952232241630554
side_person17.mp4,side,371,12367,30.0,848,478,26,right_knee,0.4711521863937378,0.6986005306243896,0.09439550340175629,0.37634652853012085,0.9964095950126648
side_person17.mp4,side,371,12367,30.0,848,478,27,left_ankle,0.505373477935791,0.9043219685554504,0.021564681082963943,0.9429094791412354,0.9860131144523621
side_person17.mp4,side,371,12367,30.0,848,478,28,right_ankle,0.4969412386417389,0.8759158253669739,0.21033743023872375,0.5087227821350098,0.9965463280677795
side_person17.mp4,side,371,12367,30.0,848,478,29,left_heel,0.5154525637626648,0.9273439645767212,0.032399170100688934,0.9259597063064575,0.9836604595184326
side_person17.mp4,side,371,12367,30.0,848,478,30,right_heel,0.5076718330383301,0.9075353145599365,0.22149530053138733,0.6570497751235962,0.9953182339668274
side_person17.mp4,side,371,12367,30.0,848,478,31,left_foot_index,0.46434280276298523,0.9306157827377319,0.0057420930825173855,0.9186382293701172,0.9807426929473877
side_person17.mp4,side,371,12367,30.0,848,478,32,right_foot_index,0.4613042175769806,0.9203193783760071,0.200677290558815,0.6366844773292542,0.992326021194458
side_person17.mp4,side,372,12400,30.0,848,478,0,nose,0.45043376088142395,0.3268474042415619,-0.04547601193189621,0.9972216486930847,0.9970442652702332
side_person17.mp4,side,372,12400,30.0,848,478,1,left_eye_inner,0.4506281018257141,0.306966096162796,-0.06785035878419876,0.9971491694450378,0.9967905879020691
side_person17.mp4,side,372,12400,30.0,848,478,2,left_eye,0.4516543745994568,0.3058568835258484,-0.0679011270403862,0.9972383379936218,0.9967514276504517
side_person17.mp4,side,372,12400,30.0,848,478,3,left_eye_outer,0.4526992440223694,0.30484580993652344,-0.06793393194675446,0.9980339407920837,0.9966629147529602
side_person17.mp4,side,372,12400,30.0,848,478,4,right_eye_inner,0.450649619102478,0.3066374957561493,-0.03438912332057953,0.9964479207992554,0.9968971014022827
side_person17.mp4,side,372,12400,30.0,848,478,5,right_eye,0.45164987444877625,0.3053637146949768,-0.03439580649137497,0.9961308240890503,0.9968717694282532
side_person17.mp4,side,372,12400,30.0,848,478,6,right_eye_outer,0.45279499888420105,0.30399858951568604,-0.03442838788032532,0.9973351955413818,0.9967491626739502
side_person17.mp4,side,372,12400,30.0,848,478,7,left_ear,0.46519559621810913,0.3027181625366211,-0.12029529362916946,0.9958680272102356,0.996184766292572
side_person17.mp4,side,372,12400,30.0,848,478,8,right_ear,0.46594083309173584,0.3009234666824341,0.028879115357995033,0.9959627985954285,0.996293842792511
side_person17.mp4,side,372,12400,30.0,848,478,9,mouth_left,0.45761838555336,0.3390951156616211,-0.061852436512708664,0.9960297346115112,0.9964331388473511
side_person17.mp4,side,372,12400,30.0,848,478,10,mouth_right,0.45764830708503723,0.3396744132041931,-0.018362147733569145,0.99290931224823,0.9961801767349243
side_person17.mp4,side,372,12400,30.0,848,478,11,left_shoulder,0.49012860655784607,0.3785095810890198,-0.21135945618152618,0.9989664554595947,0.9937044978141785
side_person17.mp4,side,372,12400,30.0,848,478,12,right_shoulder,0.4967052638530731,0.37629029154777527,0.13347893953323364,0.9949868321418762,0.9936283230781555
side_person17.mp4,side,372,12400,30.0,848,478,13,left_elbow,0.4126124978065491,0.4190601408481598,-0.26291337609291077,0.9856382608413696,0.9978469610214233
side_person17.mp4,side,372,12400,30.0,848,478,14,right_elbow,0.427679181098938,0.41706863045692444,0.16546250879764557,0.23693041503429413,0.9984112977981567
side_person17.mp4,side,372,12400,30.0,848,478,15,left_wrist,0.3339928686618805,0.41966313123703003,-0.19974517822265625,0.9696133732795715,0.994144856929779
side_person17.mp4,side,372,12400,30.0,848,478,16,right_wrist,0.36078691482543945,0.4360826313495636,0.10341790318489075,0.28766006231307983,0.9915367364883423
side_person17.mp4,side,372,12400,30.0,848,478,17,left_pinky,0.3151049017906189,0.4191766083240509,-0.23503431677818298,0.9546909928321838,0.9910820722579956
side_person17.mp4,side,372,12400,30.0,848,478,18,right_pinky,0.35647740960121155,0.4225414991378784,0.10260563343763351,0.295967161655426,0.9885320663452148
side_person17.mp4,side,372,12400,30.0,848,478,19,left_index,0.31340551376342773,0.41237306594848633,-0.2139206975698471,0.9504902362823486,0.9909047484397888
side_person17.mp4,side,372,12400,30.0,848,478,20,right_index,0.35616981983184814,0.41921335458755493,0.07921494543552399,0.3096036911010742,0.9870691299438477
side_person17.mp4,side,372,12400,30.0,848,478,21,left_thumb,0.3209908902645111,0.41374120116233826,-0.19146881997585297,0.9241448640823364,0.9920321702957153
side_person17.mp4,side,372,12400,30.0,848,478,22,right_thumb,0.3585641384124756,0.42899593710899353,0.08964651823043823,0.33246880769729614,0.9884235262870789
side_person17.mp4,side,372,12400,30.0,848,478,23,left_hip,0.5661169290542603,0.5984341502189636,-0.10685211420059204,0.9980208277702332,0.9988837838172913
side_person17.mp4,side,372,12400,30.0,848,478,24,right_hip,0.5499329566955566,0.5880565047264099,0.10691665858030319,0.9958828091621399,0.999107301235199
side_person17.mp4,side,372,12400,30.0,848,478,25,left_knee,0.4835417866706848,0.7436345219612122,-0.08332490175962448,0.9253604412078857,0.9965950846672058
side_person17.mp4,side,372,12400,30.0,848,478,26,right_knee,0.4692590534687042,0.7016938924789429,0.09903442859649658,0.3907756209373474,0.9974285960197449
side_person17.mp4,side,372,12400,30.0,848,478,27,left_ankle,0.5047247409820557,0.9042670130729675,0.030589815229177475,0.9440883994102478,0.9900716543197632
side_person17.mp4,side,372,12400,30.0,848,478,28,right_ankle,0.4969610571861267,0.8774606585502625,0.21654577553272247,0.5187734961509705,0.9977604150772095
side_person17.mp4,side,372,12400,30.0,848,478,29,left_heel,0.5154128074645996,0.9273658394813538,0.0425204373896122,0.9275818467140198,0.9883522391319275
side_person17.mp4,side,372,12400,30.0,848,478,30,right_heel,0.5082316994667053,0.9082372188568115,0.22814704477787018,0.6649094223976135,0.9969518184661865
side_person17.mp4,side,372,12400,30.0,848,478,31,left_foot_index,0.46427950263023376,0.9306129217147827,0.018879955634474754,0.9200165867805481,0.9873878359794617
side_person17.mp4,side,372,12400,30.0,848,478,32,right_foot_index,0.46113917231559753,0.9203452467918396,0.20594747364521027,0.6402709484100342,0.9954767823219299
side_person17.mp4,side,373,12433,30.0,848,478,0,nose,0.449602335691452,0.340706467628479,-0.08343905955553055,0.997383177280426,0.9980103373527527
side_person17.mp4,side,373,12433,30.0,848,478,1,left_eye_inner,0.4496496021747589,0.3210095763206482,-0.10539757460355759,0.9972707629203796,0.9977496266365051
side_person17.mp4,side,373,12433,30.0,848,478,2,left_eye,0.45067769289016724,0.3198224604129791,-0.10543537884950638,0.9973564147949219,0.9976958632469177
side_person17.mp4,side,373,12433,30.0,848,478,3,left_eye_outer,0.45173147320747375,0.318729966878891,-0.10546854138374329,0.9981178641319275,0.9976497292518616
side_person17.mp4,side,373,12433,30.0,848,478,4,right_eye_inner,0.44956350326538086,0.3208466172218323,-0.07171820104122162,0.9966220259666443,0.997929573059082
side_person17.mp4,side,373,12433,30.0,848,478,5,right_eye,0.4504855275154114,0.3195858299732208,-0.07173699140548706,0.9963234066963196,0.997952938079834
side_person17.mp4,side,373,12433,30.0,848,478,6,right_eye_outer,0.451539009809494,0.31824490427970886,-0.07176373898983002,0.9974594712257385,0.9979507327079773
side_person17.mp4,side,373,12433,30.0,848,478,7,left_ear,0.4645290970802307,0.31541702151298523,-0.15392054617404938,0.9959684014320374,0.9970043301582336
side_person17.mp4,side,373,12433,30.0,848,478,8,right_ear,0.4646531939506531,0.3141733407974243,-0.004366596695035696,0.9961766004562378,0.997639536857605
side_person17.mp4,side,373,12433,30.0,848,478,9,mouth_left,0.45674562454223633,0.35264134407043457,-0.09819873422384262,0.9961638450622559,0.9975922107696533
side_person17.mp4,side,373,12433,30.0,848,478,10,mouth_right,0.4566133916378021,0.3533185124397278,-0.054461926221847534,0.9931787252426147,0.9976168870925903
side_person17.mp4,side,373,12433,30.0,848,478,11,left_shoulder,0.48970627784729004,0.38830748200416565,-0.24297869205474854,0.9989740252494812,0.995699405670166
side_person17.mp4,side,373,12433,30.0,848,478,12,right_shoulder,0.4945092499256134,0.39008471369743347,0.10696201771497726,0.9951421618461609,0.9971438050270081
side_person17.mp4,side,373,12433,30.0,848,478,13,left_elbow,0.41135019063949585,0.43035680055618286,-0.3131159245967865,0.9856839179992676,0.998498797416687
side_person17.mp4,side,373,12433,30.0,848,478,14,right_elbow,0.42454805970191956,0.43292680382728577,0.1359502524137497,0.23886264860630035,0.9992994070053101
side_person17.mp4,side,373,12433,30.0,848,478,15,left_wrist,0.33399924635887146,0.4311363399028778,-0.28087684512138367,0.9710213541984558,0.9959847927093506
side_person17.mp4,side,373,12433,30.0,848,478,16,right_wrist,0.3566548228263855,0.43887564539909363,0.067503422498703,0.2911600172519684,0.9964786171913147
side_person17.mp4,side,373,12433,30.0,848,478,17,left_pinky,0.31411513686180115,0.4278176426887512,-0.3239378333091736,0.9568080902099609,0.9939031004905701
side_person17.mp4,side,373,12433,30.0,848,478,18,right_pinky,0.34685203433036804,0.43489518761634827,0.06500567495822906,0.29976531863212585,0.9950119256973267
side_person17.mp4,side,373,12433,30.0,848,478,19,left_index,0.3124951422214508,0.42160850763320923,-0.3012300729751587,0.9527875781059265,0.9938068389892578
side_person17.mp4,side,373,12433,30.0,848,478,20,right_index,0.343686580657959,0.4304351806640625,0.0348176583647728,0.31299611926078796,0.9941259622573853
side_person17.mp4,side,373,12433,30.0,848,478,21,left_thumb,0.320109486579895,0.4235588610172272,-0.27331048250198364,0.9273690581321716,0.9944671392440796
side_person17.mp4,side,373,12433,30.0,848,478,22,right_thumb,0.3459430932998657,0.43315330147743225,0.05066467076539993,0.3360665738582611,0.9949867725372314
side_person17.mp4,side,373,12433,30.0,848,478,23,left_hip,0.5664657950401306,0.6085091829299927,-0.10697876662015915,0.9981203079223633,0.9988937973976135
side_person17.mp4,side,373,12433,30.0,848,478,24,right_hip,0.549679160118103,0.5959460139274597,0.10704157501459122,0.9961673021316528,0.9993547797203064
side_person17.mp4,side,373,12433,30.0,848,478,25,left_knee,0.4819389283657074,0.7466334700584412,-0.07443312555551529,0.9278441071510315,0.9977413415908813
side_person17.mp4,side,373,12433,30.0,848,478,26,right_knee,0.4662643373012543,0.701097309589386,0.10444982349872589,0.40743741393089294,0.9986767172813416
side_person17.mp4,side,373,12433,30.0,848,478,27,left_ankle,0.5045832991600037,0.9046408534049988,0.060224149376153946,0.9457780122756958,0.9941144585609436
side_person17.mp4,side,373,12433,30.0,848,478,28,right_ankle,0.4969492256641388,0.8795157670974731,0.23564381897449493,0.5283031463623047,0.9989884495735168
side_person17.mp4,side,373,12433,30.0,848,478,29,left_heel,0.5159850716590881,0.9283660054206848,0.07352854311466217,0.9296520948410034,0.9934371113777161
side_person17.mp4,side,373,12433,30.0,848,478,30,right_heel,0.5085416436195374,0.9091745615005493,0.2508775591850281,0.6725958585739136,0.9986405968666077
side_person17.mp4,side,373,12433,30.0,848,478,31,left_foot_index,0.46422314643859863,0.9306098222732544,0.04634002968668938,0.9223159551620483,0.9930523633956909
side_person17.mp4,side,373,12433,30.0,848,478,32,right_foot_index,0.46112513542175293,0.921090841293335,0.23442883789539337,0.644890546798706,0.9979654550552368
side_person17.mp4,side,374,12467,30.0,848,478,0,nose,0.4483373165130615,0.35051587224006653,-0.10999224334955215,0.9974595904350281,0.997240424156189
side_person17.mp4,side,374,12467,30.0,848,478,1,left_eye_inner,0.4481970965862274,0.3314480185508728,-0.13133752346038818,0.997321367263794,0.9969465136528015
side_person17.mp4,side,374,12467,30.0,848,478,2,left_eye,0.4492453336715698,0.3303581774234772,-0.13138045370578766,0.997409999370575,0.9969499707221985
side_person17.mp4,side,374,12467,30.0,848,478,3,left_eye_outer,0.4503188729286194,0.32936012744903564,-0.13142868876457214,0.9981544613838196,0.9969626069068909
side_person17.mp4,side,374,12467,30.0,848,478,4,right_eye_inner,0.4480254650115967,0.33127376437187195,-0.09828794002532959,0.9966860413551331,0.9970031380653381
side_person17.mp4,side,374,12467,30.0,848,478,5,right_eye,0.4489203989505768,0.3300619423389435,-0.09831126779317856,0.9964007139205933,0.9969946146011353
side_person17.mp4,side,374,12467,30.0,848,478,6,right_eye_outer,0.44994455575942993,0.32878172397613525,-0.09833674877882004,0.9975021481513977,0.9969287514686584
side_person17.mp4,side,374,12467,30.0,848,478,7,left_ear,0.46321454644203186,0.32619741559028625,-0.17931780219078064,0.9959161281585693,0.9961996674537659
side_person17.mp4,side,374,12467,30.0,848,478,8,right_ear,0.46318137645721436,0.32488247752189636,-0.0326508954167366,0.9962671995162964,0.996303915977478
side_person17.mp4,side,374,12467,30.0,848,478,9,mouth_left,0.4556697607040405,0.36255890130996704,-0.1244925707578659,0.9961439967155457,0.9968612194061279
side_person17.mp4,side,374,12467,30.0,848,478,10,mouth_right,0.45547497272491455,0.36342886090278625,-0.08150859922170639,0.9931278228759766,0.9966313242912292
side_person17.mp4,side,374,12467,30.0,848,478,11,left_shoulder,0.4898723363876343,0.40203747153282166,-0.2612875699996948,0.998933732509613,0.99543297290802
side_person17.mp4,side,374,12467,30.0,848,478,12,right_shoulder,0.49279162287712097,0.40225592255592346,0.0747661292552948,0.995142936706543,0.9963536262512207
side_person17.mp4,side,374,12467,30.0,848,478,13,left_elbow,0.41050201654434204,0.44318488240242004,-0.3258422613143921,0.985447883605957,0.9987620115280151
side_person17.mp4,side,374,12467,30.0,848,478,14,right_elbow,0.42231738567352295,0.44461244344711304,0.0994386076927185,0.24627438187599182,0.9992934465408325
side_person17.mp4,side,374,12467,30.0,848,478,15,left_wrist,0.3337821960449219,0.4411536753177643,-0.29495182633399963,0.9723531603813171,0.9970430731773376
side_person17.mp4,side,374,12467,30.0,848,478,16,right_wrist,0.3533399999141693,0.44624245166778564,0.028336072340607643,0.29974523186683655,0.9966011047363281
side_person17.mp4,side,374,12467,30.0,848,478,17,left_pinky,0.3134523332118988,0.4382581114768982,-0.3397335112094879,0.9588434100151062,0.9953997731208801
side_person17.mp4,side,374,12467,30.0,848,478,18,right_pinky,0.3370838463306427,0.4425235390663147,0.023848822340369225,0.30796921253204346,0.9952451586723328
side_person17.mp4,side,374,12467,30.0,848,478,19,left_index,0.31243976950645447,0.43117520213127136,-0.31834274530410767,0.9550272822380066,0.9953811168670654
side_person17.mp4,side,374,12467,30.0,848,478,20,right_index,0.3336811363697052,0.43742722272872925,-0.007705310825258493,0.320854514837265,0.994281530380249
side_person17.mp4,side,374,12467,30.0,848,478,21,left_thumb,0.31995880603790283,0.43329837918281555,-0.2882348299026489,0.9305771589279175,0.995923638343811
side_person17.mp4,side,374,12467,30.0,848,478,22,right_thumb,0.3378070890903473,0.43980124592781067,0.010955196805298328,0.3444862365722656,0.9951719641685486
side_person17.mp4,side,374,12467,30.0,848,478,23,left_hip,0.566502034664154,0.6203843355178833,-0.1061057522892952,0.9981879591941833,0.998996913433075
side_person17.mp4,side,374,12467,30.0,848,478,24,right_hip,0.5497024655342102,0.6048256754875183,0.10617213696241379,0.9963797926902771,0.9993188381195068
side_person17.mp4,side,374,12467,30.0,848,478,25,left_knee,0.47758054733276367,0.747715175151825,-0.058897778391838074,0.9276522994041443,0.9975429773330688
side_person17.mp4,side,374,12467,30.0,848,478,26,right_knee,0.46527814865112305,0.7040327787399292,0.10788444429636002,0.41311830282211304,0.9982296824455261
side_person17.mp4,side,374,12467,30.0,848,478,27,left_ankle,0.5038337707519531,0.9053915739059448,0.08546329289674759,0.9453508257865906,0.994271993637085
side_person17.mp4,side,374,12467,30.0,848,478,28,right_ankle,0.4972761273384094,0.8813008069992065,0.27581772208213806,0.5249239206314087,0.9987952709197998
side_person17.mp4,side,374,12467,30.0,848,478,29,left_heel,0.5163024067878723,0.9309585690498352,0.09933099895715714,0.9299619793891907,0.9936670660972595
side_person17.mp4,side,374,12467,30.0,848,478,30,right_heel,0.5094364881515503,0.9085647463798523,0.29254668951034546,0.6701499819755554,0.9984844326972961
side_person17.mp4,side,374,12467,30.0,848,478,31,left_foot_index,0.46416664123535156,0.9300248622894287,0.07096852362155914,0.9219529628753662,0.9936093091964722
side_person17.mp4,side,374,12467,30.0,848,478,32,right_foot_index,0.4612322449684143,0.9197403192520142,0.277499258518219,0.6395249962806702,0.9981118440628052
side_person17.mp4,side,375,12500,30.0,848,478,0,nose,0.44705942273139954,0.3623580038547516,-0.12475329637527466,0.9976220726966858,0.9976420402526855
side_person17.mp4,side,375,12500,30.0,848,478,1,left_eye_inner,0.4470634460449219,0.3438560664653778,-0.14533677697181702,0.9974818229675293,0.9973750114440918
side_person17.mp4,side,375,12500,30.0,848,478,2,left_eye,0.44811782240867615,0.3428797423839569,-0.14538376033306122,0.9975697994232178,0.9973681569099426
side_person17.mp4,side,375,12500,30.0,848,478,3,left_eye_outer,0.44924429059028625,0.3420235514640808,-0.14544646441936493,0.9982666373252869,0.9973904490470886
side_person17.mp4,side,375,12500,30.0,848,478,4,right_eye_inner,0.446735680103302,0.3437362313270569,-0.11382201313972473,0.9968715310096741,0.9973354935646057
side_person17.mp4,side,375,12500,30.0,848,478,5,right_eye,0.4475471079349518,0.3425883650779724,-0.11385882645845413,0.996610164642334,0.9972678422927856
side_person17.mp4,side,375,12500,30.0,848,478,6,right_eye_outer,0.44853588938713074,0.34136950969696045,-0.11389081925153732,0.9976407289505005,0.9971587657928467
side_person17.mp4,side,375,12500,30.0,848,478,7,left_ear,0.4625014662742615,0.33908671140670776,-0.19192394614219666,0.9960907101631165,0.9965662956237793
side_person17.mp4,side,375,12500,30.0,848,478,8,right_ear,0.46217575669288635,0.33738210797309875,-0.051942937076091766,0.9964936375617981,0.9963874816894531
side_person17.mp4,side,375,12500,30.0,848,478,9,mouth_left,0.45441916584968567,0.37432655692100525,-0.13889095187187195,0.9963411092758179,0.997221827507019
side_person17.mp4,side,375,12500,30.0,848,478,10,mouth_right,0.4539794325828552,0.37533119320869446,-0.09781945496797562,0.9934259057044983,0.9969410300254822
side_person17.mp4,side,375,12500,30.0,848,478,11,left_shoulder,0.49017196893692017,0.4151889979839325,-0.265034556388855,0.9988946318626404,0.9946849346160889
side_person17.mp4,side,375,12500,30.0,848,478,12,right_shoulder,0.49110478162765503,0.41103774309158325,0.04645928367972374,0.9951416254043579,0.9966750144958496
side_person17.mp4,side,375,12500,30.0,848,478,13,left_elbow,0.41064342856407166,0.45412477850914,-0.32501131296157837,0.9851720929145813,0.9986259937286377
side_person17.mp4,side,375,12500,30.0,848,478,14,right_elbow,0.41963592171669006,0.4528699517250061,0.07082010805606842,0.25982052087783813,0.9993172883987427
side_person17.mp4,side,375,12500,30.0,848,478,15,left_wrist,0.3341500759124756,0.45410165190696716,-0.30056801438331604,0.9736229777336121,0.9970788955688477
side_person17.mp4,side,375,12500,30.0,848,478,16,right_wrist,0.34720614552497864,0.45507070422172546,0.0014841760275885463,0.3151378929615021,0.9959596991539001
side_person17.mp4,side,375,12500,30.0,848,478,17,left_pinky,0.31362399458885193,0.44902002811431885,-0.34499481320381165,0.9608291387557983,0.9952965378761292
side_person17.mp4,side,375,12500,30.0,848,478,18,right_pinky,0.3327077031135559,0.4509263038635254,-0.006037975661456585,0.32315266132354736,0.9939033389091492
side_person17.mp4,side,375,12500,30.0,848,478,19,left_index,0.31522467732429504,0.43997660279273987,-0.3271917402744293,0.957223653793335,0.9954470992088318
side_person17.mp4,side,375,12500,30.0,848,478,20,right_index,0.3304482698440552,0.44585633277893066,-0.036849819123744965,0.3358687162399292,0.9928425550460815
side_person17.mp4,side,375,12500,30.0,848,478,21,left_thumb,0.3220495283603668,0.4432322084903717,-0.29556944966316223,0.9338852167129517,0.9960579872131348
side_person17.mp4,side,375,12500,30.0,848,478,22,right_thumb,0.3337528705596924,0.44796082377433777,-0.015736274421215057,0.3606482148170471,0.994232714176178
side_person17.mp4,side,375,12500,30.0,848,478,23,left_hip,0.5674046277999878,0.6295701861381531,-0.10184447467327118,0.9982970356941223,0.999060332775116
side_person17.mp4,side,375,12500,30.0,848,478,24,right_hip,0.5496518611907959,0.6120377779006958,0.10191582888364792,0.9966333508491516,0.9994862079620361
side_person17.mp4,side,375,12500,30.0,848,478,25,left_knee,0.47564801573753357,0.74872887134552,-0.054540179669857025,0.9304734468460083,0.998324453830719
side_person17.mp4,side,375,12500,30.0,848,478,26,right_knee,0.464808851480484,0.7032541036605835,0.10909001529216766,0.4288213551044464,0.9988815188407898
side_person17.mp4,side,375,12500,30.0,848,478,27,left_ankle,0.5038418173789978,0.9064096212387085,0.09163876622915268,0.9470996856689453,0.9953340888023376
side_person17.mp4,side,375,12500,30.0,848,478,28,right_ankle,0.49820253252983093,0.8808045387268066,0.2835005819797516,0.5302442908287048,0.9991500377655029
side_person17.mp4,side,375,12500,30.0,848,478,29,left_heel,0.5163379311561584,0.9319928884506226,0.10599040985107422,0.9319854378700256,0.994768500328064
side_person17.mp4,side,375,12500,30.0,848,478,30,right_heel,0.5104175209999084,0.9084727764129639,0.30090492963790894,0.674139678478241,0.9989151954650879
side_person17.mp4,side,375,12500,30.0,848,478,31,left_foot_index,0.46412593126296997,0.9285685420036316,0.08371634036302567,0.9239588975906372,0.9934590458869934
side_person17.mp4,side,375,12500,30.0,848,478,32,right_foot_index,0.46146634221076965,0.9194296598434448,0.29355424642562866,0.6422572135925293,0.9983166456222534
side_person17.mp4,side,376,12533,30.0,848,478,0,nose,0.44599875807762146,0.37267106771469116,-0.134935200214386,0.9977713823318481,0.9981028437614441
side_person17.mp4,side,376,12533,30.0,848,478,1,left_eye_inner,0.4461866021156311,0.35365572571754456,-0.155768021941185,0.9976334571838379,0.9979591369628906
side_person17.mp4,side,376,12533,30.0,848,478,2,left_eye,0.4472636580467224,0.35272717475891113,-0.1558232605457306,0.9977202415466309,0.9979783892631531
side_person17.mp4,side,376,12533,30.0,848,478,3,left_eye_outer,0.4484403431415558,0.3519221842288971,-0.15589921176433563,0.9983726739883423,0.9980425834655762
side_person17.mp4,side,376,12533,30.0,848,478,4,right_eye_inner,0.44570213556289673,0.35355883836746216,-0.12435352802276611,0.9970480799674988,0.9979216456413269
side_person17.mp4,side,376,12533,30.0,848,478,5,right_eye,0.4464380741119385,0.35245683789253235,-0.12439097464084625,0.9968088865280151,0.9978790283203125
side_person17.mp4,side,376,12533,30.0,848,478,6,right_eye_outer,0.4473588466644287,0.351246178150177,-0.12442093342542648,0.9977742433547974,0.9978289008140564
side_person17.mp4,side,376,12533,30.0,848,478,7,left_ear,0.46203628182411194,0.34935370087623596,-0.20259349048137665,0.9962589144706726,0.9974021911621094
side_person17.mp4,side,376,12533,30.0,848,478,8,right_ear,0.46109551191329956,0.3473583459854126,-0.0626215934753418,0.9967169761657715,0.997288703918457
side_person17.mp4,side,376,12533,30.0,848,478,9,mouth_left,0.4534836411476135,0.38470491766929626,-0.14877600967884064,0.9965330958366394,0.9979245662689209
side_person17.mp4,side,376,12533,30.0,848,478,10,mouth_right,0.45276525616645813,0.3858731687068939,-0.10766325891017914,0.9937337040901184,0.997785210609436
side_person17.mp4,side,376,12533,30.0,848,478,11,left_shoulder,0.4901558756828308,0.4253084063529968,-0.2725701928138733,0.9989067316055298,0.9967317581176758
side_person17.mp4,side,376,12533,30.0,848,478,12,right_shoulder,0.48865634202957153,0.42156144976615906,0.03690408170223236,0.9952800273895264,0.9980244636535645
side_person17.mp4,side,376,12533,30.0,848,478,13,left_elbow,0.41037502884864807,0.4627448320388794,-0.3368994891643524,0.9853909611701965,0.9992610812187195
side_person17.mp4,side,376,12533,30.0,848,478,14,right_elbow,0.41738077998161316,0.46255823969841003,0.06417499482631683,0.2761942744255066,0.9996026158332825
side_person17.mp4,side,376,12533,30.0,848,478,15,left_wrist,0.33285823464393616,0.4633675813674927,-0.32290375232696533,0.9752281904220581,0.9979919195175171
side_person17.mp4,side,376,12533,30.0,848,478,16,right_wrist,0.34575775265693665,0.4646817743778229,-0.005151868332177401,0.3361911177635193,0.9978839755058289
side_person17.mp4,side,376,12533,30.0,848,478,17,left_pinky,0.3093218505382538,0.4574642479419708,-0.3707934617996216,0.9632148742675781,0.9965596795082092
side_person17.mp4,side,376,12533,30.0,848,478,18,right_pinky,0.3348098397254944,0.45893341302871704,-0.013162518851459026,0.34340664744377136,0.9968199729919434
side_person17.mp4,side,376,12533,30.0,848,478,19,left_index,0.3141515851020813,0.4495519995689392,-0.3515940308570862,0.959820568561554,0.9966946840286255
side_person17.mp4,side,376,12533,30.0,848,478,20,right_index,0.33009621500968933,0.45440393686294556,-0.0456923171877861,0.35591986775398254,0.9962258338928223
side_person17.mp4,side,376,12533,30.0,848,478,21,left_thumb,0.32201069593429565,0.4523400068283081,-0.3178798258304596,0.9377144575119019,0.9971666932106018
side_person17.mp4,side,376,12533,30.0,848,478,22,right_thumb,0.33272016048431396,0.45693403482437134,-0.022848961874842644,0.3813261091709137,0.9970159530639648
side_person17.mp4,side,376,12533,30.0,848,478,23,left_hip,0.5673324465751648,0.6385148763656616,-0.10048162937164307,0.9984169006347656,0.9993991851806641
side_person17.mp4,side,376,12533,30.0,848,478,24,right_hip,0.5495301485061646,0.6194602847099304,0.10056522488594055,0.996886134147644,0.9996606111526489
side_person17.mp4,side,376,12533,30.0,848,478,25,left_knee,0.4748115539550781,0.7536855936050415,-0.042997702956199646,0.9328137040138245,0.9986067414283752
side_person17.mp4,side,376,12533,30.0,848,478,26,right_knee,0.46389615535736084,0.7052111625671387,0.12145540863275528,0.44430476427078247,0.9991000890731812
side_person17.mp4,side,376,12533,30.0,848,478,27,left_ankle,0.503953218460083,0.906718373298645,0.11999455094337463,0.9479130506515503,0.9960545301437378
side_person17.mp4,side,376,12533,30.0,848,478,28,right_ankle,0.4986352026462555,0.8776845932006836,0.302513062953949,0.5324094295501709,0.9992896318435669
side_person17.mp4,side,376,12533,30.0,848,478,29,left_heel,0.5163313150405884,0.9316374063491821,0.13616666197776794,0.9326929450035095,0.9957225322723389
side_person17.mp4,side,376,12533,30.0,848,478,30,right_heel,0.5113081932067871,0.9080867767333984,0.3214033246040344,0.6760612726211548,0.9991145730018616
side_person17.mp4,side,376,12533,30.0,848,478,31,left_foot_index,0.4640887379646301,0.9282214045524597,0.11760275065898895,0.9248049855232239,0.9952244758605957
side_person17.mp4,side,376,12533,30.0,848,478,32,right_foot_index,0.46154510974884033,0.9172627329826355,0.31801703572273254,0.6436893939971924,0.9987633228302002
side_person17.mp4,side,377,12567,30.0,848,478,0,nose,0.44558200240135193,0.3838009238243103,-0.1403568685054779,0.9979051351547241,0.9976915121078491
side_person17.mp4,side,377,12567,30.0,848,478,1,left_eye_inner,0.4460769295692444,0.3645290732383728,-0.16135822236537933,0.9977725744247437,0.9976644515991211
side_person17.mp4,side,377,12567,30.0,848,478,2,left_eye,0.4472030699253082,0.3635477125644684,-0.16140969097614288,0.9978592395782471,0.9977098703384399
side_person17.mp4,side,377,12567,30.0,848,478,3,left_eye_outer,0.4484303593635559,0.36269617080688477,-0.16148844361305237,0.9984702467918396,0.9978035092353821
side_person17.mp4,side,377,12567,30.0,848,478,4,right_eye_inner,0.44559311866760254,0.3643120527267456,-0.1301487535238266,0.9972022175788879,0.9975153207778931
side_person17.mp4,side,377,12567,30.0,848,478,5,right_eye,0.4463970363140106,0.36306679248809814,-0.13018745183944702,0.9969849586486816,0.9974091649055481
side_person17.mp4,side,377,12567,30.0,848,478,6,right_eye_outer,0.44738632440567017,0.36179473996162415,-0.13021962344646454,0.9978917241096497,0.9972952008247375
side_person17.mp4,side,377,12567,30.0,848,478,7,left_ear,0.46196088194847107,0.3603212535381317,-0.2084948569536209,0.9964202046394348,0.9971231818199158
side_person17.mp4,side,377,12567,30.0,848,478,8,right_ear,0.461165189743042,0.35833361744880676,-0.06938260793685913,0.9969141483306885,0.9965131878852844
side_person17.mp4,side,377,12567,30.0,848,478,9,mouth_left,0.453042596578598,0.39634639024734497,-0.1543177366256714,0.996711790561676,0.9974785447120667
side_person17.mp4,side,377,12567,30.0,848,478,10,mouth_right,0.452320396900177,0.3973985016345978,-0.11349248141050339,0.9940199255943298,0.9971898198127747
side_person17.mp4,side,377,12567,30.0,848,478,11,left_shoulder,0.4900153577327728,0.43939799070358276,-0.2760985791683197,0.9989054799079895,0.9962702989578247
side_person17.mp4,side,377,12567,30.0,848,478,12,right_shoulder,0.48778215050697327,0.43164509534835815,0.02885780856013298,0.9953542947769165,0.9973921775817871
side_person17.mp4,side,377,12567,30.0,848,478,13,left_elbow,0.4098574221134186,0.4739183187484741,-0.3379819393157959,0.9853666424751282,0.9990266561508179
side_person17.mp4,side,377,12567,30.0,848,478,14,right_elbow,0.41595330834388733,0.47155460715293884,0.055007126182317734,0.2865249216556549,0.9993672966957092
side_person17.mp4,side,377,12567,30.0,848,478,15,left_wrist,0.3321133255958557,0.47270381450653076,-0.3242936432361603,0.9764962792396545,0.9972358345985413
side_person17.mp4,side,377,12567,30.0,848,478,16,right_wrist,0.34397369623184204,0.47365933656692505,-0.015196169726550579,0.34974542260169983,0.9961614608764648
side_person17.mp4,side,377,12567,30.0,848,478,17,left_pinky,0.30638188123703003,0.4664843678474426,-0.3716912567615509,0.9651640057563782,0.9953253269195557
side_person17.mp4,side,377,12567,30.0,848,478,18,right_pinky,0.33224451541900635,0.46814805269241333,-0.023564288392663002,0.3577565848827362,0.9943521022796631
side_person17.mp4,side,377,12567,30.0,848,478,19,left_index,0.3140197694301605,0.4587448835372925,-0.3534144163131714,0.9619612693786621,0.9955068826675415
side_person17.mp4,side,377,12567,30.0,848,478,20,right_index,0.3299078047275543,0.4635970890522003,-0.05611970275640488,0.37013575434684753,0.9933969974517822
side_person17.mp4,side,377,12567,30.0,848,478,21,left_thumb,0.3222281038761139,0.46130961179733276,-0.3196123540401459,0.9408703446388245,0.9961230158805847
side_person17.mp4,side,377,12567,30.0,848,478,22,right_thumb,0.33163994550704956,0.46590656042099,-0.03287102282047272,0.3962078392505646,0.9946534633636475
side_person17.mp4,side,377,12567,30.0,848,478,23,left_hip,0.5671234130859375,0.6481284499168396,-0.09933684021234512,0.9985233545303345,0.9992423057556152
side_person17.mp4,side,377,12567,30.0,848,478,24,right_hip,0.5493096113204956,0.6268526315689087,0.09942415356636047,0.997103750705719,0.999537467956543
side_person17.mp4,side,377,12567,30.0,848,478,25,left_knee,0.47255900502204895,0.7546349167823792,-0.04838557541370392,0.9355205297470093,0.998555600643158
side_person17.mp4,side,377,12567,30.0,848,478,26,right_knee,0.4617563784122467,0.7054761648178101,0.1318454146385193,0.4563281536102295,0.9989294409751892
side_person17.mp4,side,377,12567,30.0,848,478,27,left_ankle,0.503964364528656,0.906667947769165,0.10918457061052322,0.9487372636795044,0.9963906407356262
side_person17.mp4,side,377,12567,30.0,848,478,28,right_ankle,0.4986463189125061,0.8735755085945129,0.30722182989120483,0.5348911881446838,0.999182403087616
side_person17.mp4,side,377,12567,30.0,848,478,29,left_heel,0.5162860751152039,0.9310325980186462,0.1253659725189209,0.9335024952888489,0.9960833787918091
side_person17.mp4,side,377,12567,30.0,848,478,30,right_heel,0.511062741279602,0.9034887552261353,0.32598015666007996,0.6786263585090637,0.9990161657333374
side_person17.mp4,side,377,12567,30.0,848,478,31,left_foot_index,0.4642428755760193,0.9282037019729614,0.11302058398723602,0.925444483757019,0.9949563145637512
side_person17.mp4,side,377,12567,30.0,848,478,32,right_foot_index,0.4618839621543884,0.9153702259063721,0.32777461409568787,0.6456911563873291,0.9985553622245789
side_person17.mp4,side,378,12600,30.0,848,478,0,nose,0.44480395317077637,0.39357563853263855,-0.13150428235530853,0.9980234503746033,0.9982908368110657
side_person17.mp4,side,378,12600,30.0,848,478,1,left_eye_inner,0.44530290365219116,0.3740411400794983,-0.15227429568767548,0.9978909492492676,0.9981556534767151
side_person17.mp4,side,378,12600,30.0,848,478,2,left_eye,0.44640055298805237,0.3730778992176056,-0.152322456240654,0.9979798197746277,0.9981546998023987
side_person17.mp4,side,378,12600,30.0,848,478,3,left_eye_outer,0.44759851694107056,0.372264564037323,-0.15239351987838745,0.9985526204109192,0.9981933236122131
side_person17.mp4,side,378,12600,30.0,848,478,4,right_eye_inner,0.44479817152023315,0.373859703540802,-0.12115536630153656,0.9973405599594116,0.9981264472007751
side_person17.mp4,side,378,12600,30.0,848,478,5,right_eye,0.4455864429473877,0.3726362884044647,-0.12119483202695847,0.9971467852592468,0.9980615973472595
side_person17.mp4,side,378,12600,30.0,848,478,6,right_eye_outer,0.44655901193618774,0.3713943660259247,-0.12122005969285965,0.9979986548423767,0.9979926347732544
side_person17.mp4,side,378,12600,30.0,848,478,7,left_ear,0.4610290229320526,0.37014666199684143,-0.1994372010231018,0.9965460896492004,0.9974911212921143
side_person17.mp4,side,378,12600,30.0,848,478,8,right_ear,0.4605703055858612,0.3680993616580963,-0.06061582267284393,0.997093141078949,0.9973862767219543
side_person17.mp4,side,378,12600,30.0,848,478,9,mouth_left,0.45202288031578064,0.4061287045478821,-0.1455266922712326,0.9968662858009338,0.9979889392852783
side_person17.mp4,side,378,12600,30.0,848,478,10,mouth_right,0.45133745670318604,0.4071786403656006,-0.10480723530054092,0.9942865371704102,0.9979016780853271
side_person17.mp4,side,378,12600,30.0,848,478,11,left_shoulder,0.48883283138275146,0.4497678875923157,-0.26858073472976685,0.9989060759544373,0.9966369867324829
side_person17.mp4,side,378,12600,30.0,848,478,12,right_shoulder,0.4865758717060089,0.44369712471961975,0.037378862500190735,0.995485246181488,0.9978824257850647
side_person17.mp4,side,378,12600,30.0,848,478,13,left_elbow,0.4082375168800354,0.4845714271068573,-0.329468697309494,0.9856306314468384,0.9992474317550659
side_person17.mp4,side,378,12600,30.0,848,478,14,right_elbow,0.4150453209877014,0.4824429154396057,0.06680166721343994,0.3008728623390198,0.9995218515396118
side_person17.mp4,side,378,12600,30.0,848,478,15,left_wrist,0.32881423830986023,0.48145291209220886,-0.31334802508354187,0.9778874516487122,0.9978625178337097
side_person17.mp4,side,378,12600,30.0,848,478,16,right_wrist,0.3453069031238556,0.4826144278049469,-0.0028506668750196695,0.36803707480430603,0.9974473714828491
side_person17.mp4,side,378,12600,30.0,848,478,17,left_pinky,0.3040282726287842,0.47606247663497925,-0.3602460026741028,0.9672117233276367,0.9963502883911133
side_person17.mp4,side,378,12600,30.0,848,478,18,right_pinky,0.33421796560287476,0.47498011589050293,-0.009751635603606701,0.3756484091281891,0.9962242841720581
side_person17.mp4,side,378,12600,30.0,848,478,19,left_index,0.3109298646450043,0.46786177158355713,-0.3409096598625183,0.9641908407211304,0.9964092373847961
side_person17.mp4,side,378,12600,30.0,848,478,20,right_index,0.3319544792175293,0.47087201476097107,-0.04238390177488327,0.38785219192504883,0.995495080947876
side_person17.mp4,side,378,12600,30.0,848,478,21,left_thumb,0.31761378049850464,0.47102442383766174,-0.30812373757362366,0.944192111492157,0.9969049096107483
side_person17.mp4,side,378,12600,30.0,848,478,22,right_thumb,0.3336345851421356,0.4738181531429291,-0.020282253623008728,0.4144158661365509,0.996383786201477
side_person17.mp4,side,378,12600,30.0,848,478,23,left_hip,0.56712806224823,0.6564915180206299,-0.09828610718250275,0.9986146092414856,0.9991833567619324
side_person17.mp4,side,378,12600,30.0,848,478,24,right_hip,0.549302875995636,0.6350705027580261,0.09837371110916138,0.9972996115684509,0.9995012283325195
side_person17.mp4,side,378,12600,30.0,848,478,25,left_knee,0.47238436341285706,0.754734218120575,-0.05067608132958412,0.9375119805335999,0.9985226988792419
side_person17.mp4,side,378,12600,30.0,848,478,26,right_knee,0.4620642066001892,0.7063525915145874,0.1385301798582077,0.46384385228157043,0.9988625049591064
side_person17.mp4,side,378,12600,30.0,848,478,27,left_ankle,0.5034980773925781,0.9066367745399475,0.11069368571043015,0.9484916925430298,0.9962542057037354
side_person17.mp4,side,378,12600,30.0,848,478,28,right_ankle,0.49865803122520447,0.8712007403373718,0.3087954521179199,0.5345572233200073,0.9990993738174438
side_person17.mp4,side,378,12600,30.0,848,478,29,left_heel,0.5155419111251831,0.9301890730857849,0.12742270529270172,0.9333279728889465,0.9959557056427002
side_person17.mp4,side,378,12600,30.0,848,478,30,right_heel,0.510797917842865,0.9033707976341248,0.32725945115089417,0.6791120767593384,0.9989368319511414
side_person17.mp4,side,378,12600,30.0,848,478,31,left_foot_index,0.4639870524406433,0.9281008243560791,0.11884144693613052,0.9248837232589722,0.9952601790428162
side_person17.mp4,side,378,12600,30.0,848,478,32,right_foot_index,0.46174246072769165,0.9140569567680359,0.3312476873397827,0.6469500660896301,0.9985760450363159
side_person17.mp4,side,379,12633,30.0,848,478,0,nose,0.44459766149520874,0.40568387508392334,-0.12936200201511383,0.9981208443641663,0.99769526720047
side_person17.mp4,side,379,12633,30.0,848,478,1,left_eye_inner,0.4449140727519989,0.3866318166255951,-0.14971037209033966,0.9979839324951172,0.9975348711013794
side_person17.mp4,side,379,12633,30.0,848,478,2,left_eye,0.44596636295318604,0.38553768396377563,-0.14974813163280487,0.9980743527412415,0.9975218176841736
side_person17.mp4,side,379,12633,30.0,848,478,3,left_eye_outer,0.4471440613269806,0.3843933939933777,-0.1498136967420578,0.9986148476600647,0.9975614547729492
side_person17.mp4,side,379,12633,30.0,848,478,4,right_eye_inner,0.4444209039211273,0.38642460107803345,-0.11863613873720169,0.997443675994873,0.9975385665893555
side_person17.mp4,side,379,12633,30.0,848,478,5,right_eye,0.4451830983161926,0.38511979579925537,-0.11867839843034744,0.9972717761993408,0.997468113899231
side_person17.mp4,side,379,12633,30.0,848,478,6,right_eye_outer,0.44616976380348206,0.38359835743904114,-0.11870232224464417,0.9980831742286682,0.9974049925804138
side_person17.mp4,side,379,12633,30.0,848,478,7,left_ear,0.4605230689048767,0.38149964809417725,-0.19600488245487213,0.996601939201355,0.9964359998703003
side_person17.mp4,side,379,12633,30.0,848,478,8,right_ear,0.46018198132514954,0.37954074144363403,-0.05700922757387161,0.9972324967384338,0.9965088963508606
side_person17.mp4,side,379,12633,30.0,848,478,9,mouth_left,0.4517809748649597,0.41719770431518555,-0.14344650506973267,0.9969761967658997,0.9973128437995911
side_person17.mp4,side,379,12633,30.0,848,478,10,mouth_right,0.4511376619338989,0.4182339012622833,-0.10273010283708572,0.9944893717765808,0.9972354769706726
side_person17.mp4,side,379,12633,30.0,848,478,11,left_shoulder,0.4884868264198303,0.4594608247280121,-0.2645486295223236,0.998853862285614,0.9950681924819946
side_person17.mp4,side,379,12633,30.0,848,478,12,right_shoulder,0.48448845744132996,0.4533386826515198,0.037227775901556015,0.9955288171768188,0.9973902106285095
side_person17.mp4,side,379,12633,30.0,848,478,13,left_elbow,0.4078289866447449,0.4950137734413147,-0.3262404799461365,0.9857338070869446,0.9988343119621277
side_person17.mp4,side,379,12633,30.0,848,478,14,right_elbow,0.4135107696056366,0.4923343062400818,0.06685784459114075,0.31406036019325256,0.9993475079536438
side_person17.mp4,side,379,12633,30.0,848,478,15,left_wrist,0.32833290100097656,0.49282413721084595,-0.31330686807632446,0.9790710210800171,0.9968453049659729
side_person17.mp4,side,379,12633,30.0,848,478,16,right_wrist,0.34466367959976196,0.49304184317588806,-0.003553657792508602,0.3843387961387634,0.9963428378105164
side_person17.mp4,side,379,12633,30.0,848,478,17,left_pinky,0.30473342537879944,0.486758828163147,-0.35972723364830017,0.9689733982086182,0.9946339130401611
side_person17.mp4,side,379,12633,30.0,848,478,18,right_pinky,0.33268967270851135,0.48393145203590393,-0.011031602509319782,0.3923950791358948,0.9943782687187195
side_person17.mp4,side,379,12633,30.0,848,478,19,left_index,0.31122177839279175,0.4783083498477936,-0.34106266498565674,0.9661247730255127,0.9947156310081482
side_person17.mp4,side,379,12633,30.0,848,478,20,right_index,0.3306303918361664,0.48093491792678833,-0.04352649301290512,0.40449294447898865,0.9933684468269348
side_person17.mp4,side,379,12633,30.0,848,478,21,left_thumb,0.3178025782108307,0.4814464747905731,-0.3085171580314636,0.9471099972724915,0.995433509349823
side_person17.mp4,side,379,12633,30.0,848,478,22,right_thumb,0.3322673439979553,0.48422592878341675,-0.02106134220957756,0.4318423569202423,0.9946564435958862
side_person17.mp4,side,379,12633,30.0,848,478,23,left_hip,0.5674479007720947,0.6631463170051575,-0.09738805890083313,0.9986488819122314,0.9984102249145508
side_person17.mp4,side,379,12633,30.0,848,478,24,right_hip,0.5492140054702759,0.6405078172683716,0.0974796786904335,0.9974244236946106,0.9991753697395325
side_person17.mp4,side,379,12633,30.0,848,478,25,left_knee,0.4690972566604614,0.7538410425186157,-0.06511315703392029,0.9385889172554016,0.9978875517845154
side_person17.mp4,side,379,12633,30.0,848,478,26,right_knee,0.45898622274398804,0.7064040303230286,0.13221025466918945,0.4658750891685486,0.998529314994812
side_person17.mp4,side,379,12633,30.0,848,478,27,left_ankle,0.5034912824630737,0.9062159657478333,0.09790345281362534,0.9477527737617493,0.994771420955658
side_person17.mp4,side,379,12633,30.0,848,478,28,right_ankle,0.4988040328025818,0.8704466819763184,0.2990785539150238,0.5293888449668884,0.9986165761947632
side_person17.mp4,side,379,12633,30.0,848,478,29,left_heel,0.5155746340751648,0.9294809103012085,0.11261226236820221,0.9324014782905579,0.9947341680526733
side_person17.mp4,side,379,12633,30.0,848,478,30,right_heel,0.5107847452163696,0.9017599821090698,0.3145882189273834,0.6755600571632385,0.9984484910964966
side_person17.mp4,side,379,12633,30.0,848,478,31,left_foot_index,0.46396467089653015,0.9282004237174988,0.10303860157728195,0.9232151508331299,0.9932838678359985
side_person17.mp4,side,379,12633,30.0,848,478,32,right_foot_index,0.4617406129837036,0.9135299921035767,0.30815589427948,0.6430397033691406,0.9977526068687439
side_person17.mp4,side,380,12667,30.0,848,478,0,nose,0.4442216157913208,0.41720816493034363,-0.1385411024093628,0.9981800317764282,0.9970121383666992
side_person17.mp4,side,380,12667,30.0,848,478,1,left_eye_inner,0.444457083940506,0.39829787611961365,-0.15911562740802765,0.9980369806289673,0.996946394443512
side_person17.mp4,side,380,12667,30.0,848,478,2,left_eye,0.44541069865226746,0.3971961736679077,-0.15914472937583923,0.9981319308280945,0.9969552755355835
side_person17.mp4,side,380,12667,30.0,848,478,3,left_eye_outer,0.4465057849884033,0.39595627784729004,-0.1592114269733429,0.9986447095870972,0.9970198273658752
side_person17.mp4,side,380,12667,30.0,848,478,4,right_eye_inner,0.4440758526325226,0.3980240225791931,-0.12771174311637878,0.9974905848503113,0.9969630837440491
side_person17.mp4,side,380,12667,30.0,848,478,5,right_eye,0.4448810815811157,0.3966052532196045,-0.1277528703212738,0.9973435997962952,0.9968896508216858
side_person17.mp4,side,380,12667,30.0,848,478,6,right_eye_outer,0.44585955142974854,0.3950229585170746,-0.12777230143547058,0.9981308579444885,0.9968481659889221
side_person17.mp4,side,380,12667,30.0,848,478,7,left_ear,0.4596334993839264,0.393154501914978,-0.20498819649219513,0.9965835809707642,0.9957041144371033
side_person17.mp4,side,380,12667,30.0,848,478,8,right_ear,0.45953211188316345,0.3911013603210449,-0.06404680013656616,0.9973210692405701,0.9958551526069641
side_person17.mp4,side,380,12667,30.0,848,478,9,mouth_left,0.45114725828170776,0.42917945981025696,-0.15252451598644257,0.997020423412323,0.9968847632408142
side_person17.mp4,side,380,12667,30.0,848,478,10,mouth_right,0.4506917893886566,0.42988190054893494,-0.11125815659761429,0.9946072101593018,0.9968928098678589
side_person17.mp4,side,380,12667,30.0,848,478,11,left_shoulder,0.487344354391098,0.4702953100204468,-0.2685055136680603,0.9987785816192627,0.9946342706680298
side_person17.mp4,side,380,12667,30.0,848,478,12,right_shoulder,0.4827704429626465,0.4624503254890442,0.030307311564683914,0.9955596327781677,0.9976091384887695
side_person17.mp4,side,380,12667,30.0,848,478,13,left_elbow,0.4077118933200836,0.5065638422966003,-0.3276740610599518,0.9855658411979675,0.9984387755393982
side_person17.mp4,side,380,12667,30.0,848,478,14,right_elbow,0.4111728072166443,0.501112699508667,0.0620441734790802,0.32472002506256104,0.9993292093276978
side_person17.mp4,side,380,12667,30.0,848,478,15,left_wrist,0.32989606261253357,0.5024734735488892,-0.31358203291893005,0.9799354672431946,0.9959016442298889
side_person17.mp4,side,380,12667,30.0,848,478,16,right_wrist,0.34145334362983704,0.5016712546348572,-0.00911084283143282,0.40057799220085144,0.9962949156761169
side_person17.mp4,side,380,12667,30.0,848,478,17,left_pinky,0.30593574047088623,0.49991896748542786,-0.35968053340911865,0.9703105092048645,0.9934279322624207
side_person17.mp4,side,380,12667,30.0,848,478,18,right_pinky,0.32853901386260986,0.49423304200172424,-0.01704208180308342,0.4098496437072754,0.9941293001174927
side_person17.mp4,side,380,12667,30.0,848,478,19,left_index,0.3125945031642914,0.4906991422176361,-0.34186577796936035,0.9676204919815063,0.9936654567718506
side_person17.mp4,side,380,12667,30.0,848,478,20,right_index,0.32654568552970886,0.4916543960571289,-0.04990521818399429,0.42206907272338867,0.993178129196167
side_person17.mp4,side,380,12667,30.0,848,478,21,left_thumb,0.3203580677509308,0.49203991889953613,-0.3090527355670929,0.9493595957756042,0.9943488240242004
side_person17.mp4,side,380,12667,30.0,848,478,22,right_thumb,0.3289536237716675,0.494392067193985,-0.026674659922719002,0.45005905628204346,0.9945152401924133
side_person17.mp4,side,380,12667,30.0,848,478,23,left_hip,0.5674764513969421,0.6716356873512268,-0.09762828797101974,0.9986575841903687,0.9981532692909241
side_person17.mp4,side,380,12667,30.0,848,478,24,right_hip,0.5490995645523071,0.6480607986450195,0.09772209823131561,0.9975100755691528,0.9990997314453125
side_person17.mp4,side,380,12667,30.0,848,478,25,left_knee,0.46512168645858765,0.7532951831817627,-0.07903949916362762,0.9390997290611267,0.9980024695396423
side_person17.mp4,side,380,12667,30.0,848,478,26,right_knee,0.45780253410339355,0.7060720920562744,0.13418607413768768,0.46204113960266113,0.9986017346382141
side_person17.mp4,side,380,12667,30.0,848,478,27,left_ankle,0.5034197568893433,0.9053153991699219,0.09246856719255447,0.9463732838630676,0.9963386058807373
side_person17.mp4,side,380,12667,30.0,848,478,28,right_ankle,0.4986381530761719,0.8666990995407104,0.29703477025032043,0.5215821862220764,0.9986729621887207
side_person17.mp4,side,380,12667,30.0,848,478,29,left_heel,0.5164039134979248,0.9281484484672546,0.10767770558595657,0.9307078123092651,0.9965289235115051
side_person17.mp4,side,380,12667,30.0,848,478,30,right_heel,0.5107685327529907,0.8972111940383911,0.31392207741737366,0.6692200303077698,0.998615026473999
side_person17.mp4,side,380,12667,30.0,848,478,31,left_foot_index,0.464116632938385,0.928229808807373,0.11004208773374557,0.9205339550971985,0.9952489733695984
side_person17.mp4,side,380,12667,30.0,848,478,32,right_foot_index,0.46210235357284546,0.9105846881866455,0.32175084948539734,0.6366963982582092,0.997991681098938
side_person17.mp4,side,381,12700,30.0,848,478,0,nose,0.44406044483184814,0.4225549101829529,-0.1317172348499298,0.9982305765151978,0.9969854950904846
side_person17.mp4,side,381,12700,30.0,848,478,1,left_eye_inner,0.4442746937274933,0.40417760610580444,-0.15289157629013062,0.9980918169021606,0.9971572160720825
side_person17.mp4,side,381,12700,30.0,848,478,2,left_eye,0.445190966129303,0.4032135307788849,-0.1529204100370407,0.9981905817985535,0.9972192049026489
side_person17.mp4,side,381,12700,30.0,848,478,3,left_eye_outer,0.4462285339832306,0.40232032537460327,-0.1529845893383026,0.9986764192581177,0.9973090887069702
side_person17.mp4,side,381,12700,30.0,848,478,4,right_eye_inner,0.44406577944755554,0.4039081931114197,-0.12063095718622208,0.997541606426239,0.9970253109931946
side_person17.mp4,side,381,12700,30.0,848,478,5,right_eye,0.4449397623538971,0.40264618396759033,-0.1206631064414978,0.9974139332771301,0.9969063401222229
side_person17.mp4,side,381,12700,30.0,848,478,6,right_eye_outer,0.445979505777359,0.4012857675552368,-0.12067760527133942,0.9981765151023865,0.9968212842941284
side_person17.mp4,side,381,12700,30.0,848,478,7,left_ear,0.45941758155822754,0.4009067416191101,-0.2000330686569214,0.9966039657592773,0.9964511394500732
side_person17.mp4,side,381,12700,30.0,848,478,8,right_ear,0.459573894739151,0.3986152410507202,-0.05584096163511276,0.9973843097686768,0.995915949344635
side_person17.mp4,side,381,12700,30.0,848,478,9,mouth_left,0.45092159509658813,0.4352499842643738,-0.1461706906557083,0.997049868106842,0.9969894289970398
side_person17.mp4,side,381,12700,30.0,848,478,10,mouth_right,0.45073583722114563,0.43606236577033997,-0.10393507778644562,0.994733989238739,0.9967867136001587
side_person17.mp4,side,381,12700,30.0,848,478,11,left_shoulder,0.4863397181034088,0.4787410497665405,-0.2673764228820801,0.99869704246521,0.9950422048568726
side_person17.mp4,side,381,12700,30.0,848,478,12,right_shoulder,0.48296675086021423,0.4712534546852112,0.04278703033924103,0.9955105781555176,0.9968370199203491
side_person17.mp4,side,381,12700,30.0,848,478,13,left_elbow,0.4070951044559479,0.5170618891716003,-0.3211236894130707,0.9850985407829285,0.997920572757721
side_person17.mp4,side,381,12700,30.0,848,478,14,right_elbow,0.4109680652618408,0.5096020102500916,0.0743524506688118,0.32259950041770935,0.9987637996673584
side_person17.mp4,side,381,12700,30.0,848,478,15,left_wrist,0.32758933305740356,0.5111662149429321,-0.2812008559703827,0.9801530838012695,0.9943224191665649
side_person17.mp4,side,381,12700,30.0,848,478,16,right_wrist,0.3397446274757385,0.5091851353645325,0.004641958046704531,0.3983759880065918,0.9915076494216919
side_person17.mp4,side,381,12700,30.0,848,478,17,left_pinky,0.30341124534606934,0.5095721483230591,-0.323513001203537,0.970729410648346,0.991094708442688
side_person17.mp4,side,381,12700,30.0,848,478,18,right_pinky,0.32586273550987244,0.5025656223297119,-0.0018673640443012118,0.41059398651123047,0.9871353507041931
side_person17.mp4,side,381,12700,30.0,848,478,19,left_index,0.31078892946243286,0.5004621148109436,-0.3079895079135895,0.9681439995765686,0.9913161993026733
side_person17.mp4,side,381,12700,30.0,848,478,20,right_index,0.3244647979736328,0.49971485137939453,-0.034384168684482574,0.4233287572860718,0.9854470491409302
side_person17.mp4,side,381,12700,30.0,848,478,21,left_thumb,0.3194109797477722,0.5011682510375977,-0.27660253643989563,0.9502153396606445,0.992173433303833
side_person17.mp4,side,381,12700,30.0,848,478,22,right_thumb,0.32644614577293396,0.5026545524597168,-0.01285488996654749,0.4522203207015991,0.9878641963005066
side_person17.mp4,side,381,12700,30.0,848,478,23,left_hip,0.567413866519928,0.6791133284568787,-0.0978228971362114,0.9986371994018555,0.9981741905212402
side_person17.mp4,side,381,12700,30.0,848,478,24,right_hip,0.5493494868278503,0.6563351154327393,0.09790480136871338,0.9975502490997314,0.9988910555839539
side_person17.mp4,side,381,12700,30.0,848,478,25,left_knee,0.46147170662879944,0.7528013586997986,-0.08351568877696991,0.9389644861221313,0.9980816841125488
side_person17.mp4,side,381,12700,30.0,848,478,26,right_knee,0.4569743275642395,0.7064332962036133,0.14676633477210999,0.4531250596046448,0.9983134269714355
side_person17.mp4,side,381,12700,30.0,848,478,27,left_ankle,0.5031613707542419,0.9052975177764893,0.09134657680988312,0.9438701868057251,0.9970254302024841
side_person17.mp4,side,381,12700,30.0,848,478,28,right_ankle,0.4986419677734375,0.86353600025177,0.30480408668518066,0.5122881531715393,0.9983996748924255
side_person17.mp4,side,381,12700,30.0,848,478,29,left_heel,0.5162482261657715,0.9273251295089722,0.10919930785894394,0.9281418919563293,0.9972196817398071
side_person17.mp4,side,381,12700,30.0,848,478,30,right_heel,0.5109313726425171,0.8973041772842407,0.3214733898639679,0.6610439419746399,0.998410701751709
side_person17.mp4,side,381,12700,30.0,848,478,31,left_foot_index,0.46410849690437317,0.9281981587409973,0.12170680612325668,0.9172326922416687,0.9961137771606445
side_person17.mp4,side,381,12700,30.0,848,478,32,right_foot_index,0.4630652368068695,0.9099968075752258,0.3333941400051117,0.629391074180603,0.9977511763572693
side_person17.mp4,side,382,12733,30.0,848,478,0,nose,0.4438048005104065,0.43053776025772095,-0.1007508933544159,0.9983121752738953,0.9975261092185974
side_person17.mp4,side,382,12733,30.0,848,478,1,left_eye_inner,0.44393831491470337,0.4127879738807678,-0.1214333176612854,0.9981862902641296,0.9975700974464417
side_person17.mp4,side,382,12733,30.0,848,478,2,left_eye,0.44488251209259033,0.411817342042923,-0.1214495301246643,0.9982820749282837,0.9976000189781189
side_person17.mp4,side,382,12733,30.0,848,478,3,left_eye_outer,0.4459330141544342,0.41091591119766235,-0.12150057405233383,0.9987392425537109,0.9976319074630737
side_person17.mp4,side,382,12733,30.0,848,478,4,right_eye_inner,0.4436643421649933,0.41236311197280884,-0.08898679912090302,0.9976623058319092,0.9975441098213196
side_person17.mp4,side,382,12733,30.0,848,478,5,right_eye,0.44451189041137695,0.41101211309432983,-0.08901458233594894,0.9975482821464539,0.9974898099899292
side_person17.mp4,side,382,12733,30.0,848,478,6,right_eye_outer,0.44552648067474365,0.4096057116985321,-0.08901764452457428,0.998269259929657,0.9974575638771057
side_person17.mp4,side,382,12733,30.0,848,478,7,left_ear,0.45909348130226135,0.40904495120048523,-0.16770155727863312,0.9967225790023804,0.9968087077140808
side_person17.mp4,side,382,12733,30.0,848,478,8,right_ear,0.4592340886592865,0.4065636396408081,-0.022577917203307152,0.997509241104126,0.996802806854248
side_person17.mp4,side,382,12733,30.0,848,478,9,mouth_left,0.45077404379844666,0.4431247413158417,-0.11562909930944443,0.9971400499343872,0.997231662273407
side_person17.mp4,side,382,12733,30.0,848,478,10,mouth_right,0.45057281851768494,0.4437662363052368,-0.0733373612165451,0.9949472546577454,0.9971473813056946
side_person17.mp4,side,382,12733,30.0,848,478,11,left_shoulder,0.4861508905887604,0.4848308563232422,-0.24076373875141144,0.9985758066177368,0.9945241212844849
side_person17.mp4,side,382,12733,30.0,848,478,12,right_shoulder,0.4827696681022644,0.47873055934906006,0.07366057485342026,0.9953750371932983,0.9966166615486145
side_person17.mp4,side,382,12733,30.0,848,478,13,left_elbow,0.4070533812046051,0.5223290920257568,-0.28568318486213684,0.9841130971908569,0.9974164962768555
side_person17.mp4,side,382,12733,30.0,848,478,14,right_elbow,0.41115471720695496,0.5174410939216614,0.10752569884061813,0.3164671063423157,0.998524010181427
side_person17.mp4,side,382,12733,30.0,848,478,15,left_wrist,0.3337353765964508,0.5161633491516113,-0.23458144068717957,0.9799333810806274,0.9935078620910645
side_person17.mp4,side,382,12733,30.0,848,478,16,right_wrist,0.3409222960472107,0.5181859135627747,0.03528176248073578,0.3922099173069,0.9906705617904663
side_person17.mp4,side,382,12733,30.0,848,478,17,left_pinky,0.3138750493526459,0.5071694254875183,-0.27188441157341003,0.9705669283866882,0.9900209903717041
side_person17.mp4,side,382,12733,30.0,848,478,18,right_pinky,0.32756298780441284,0.5109779834747314,0.029283683747053146,0.40681883692741394,0.9855238795280457
side_person17.mp4,side,382,12733,30.0,848,478,19,left_index,0.3179246783256531,0.5042622685432434,-0.2566227614879608,0.9680375456809998,0.9898934960365295
side_person17.mp4,side,382,12733,30.0,848,478,20,right_index,0.32618969678878784,0.5078223347663879,1.1867037983392947e-06,0.4198334217071533,0.9837265610694885
side_person17.mp4,side,382,12733,30.0,848,478,21,left_thumb,0.32517826557159424,0.5052053332328796,-0.22952085733413696,0.9502866268157959,0.9910358190536499
side_person17.mp4,side,382,12733,30.0,848,478,22,right_thumb,0.3280112147331238,0.5105552673339844,0.018669012933969498,0.44962599873542786,0.9866129159927368
side_person17.mp4,side,382,12733,30.0,848,478,23,left_hip,0.567392885684967,0.6861640214920044,-0.09787485748529434,0.9985772967338562,0.9973505735397339
side_person17.mp4,side,382,12733,30.0,848,478,24,right_hip,0.5493187308311462,0.6632553935050964,0.09795359522104263,0.9975639581680298,0.998515784740448
side_person17.mp4,side,382,12733,30.0,848,478,25,left_knee,0.4604871869087219,0.7518135905265808,-0.0964268296957016,0.9385461807250977,0.9979312419891357
side_person17.mp4,side,382,12733,30.0,848,478,26,right_knee,0.4561519920825958,0.707695722579956,0.14359015226364136,0.44473645091056824,0.9983683228492737
side_person17.mp4,side,382,12733,30.0,848,478,27,left_ankle,0.5028731226921082,0.9052343368530273,0.055047452449798584,0.9426571726799011,0.9959040284156799
side_person17.mp4,side,382,12733,30.0,848,478,28,right_ankle,0.4982365369796753,0.8633795976638794,0.26516520977020264,0.5058317184448242,0.9982157945632935
side_person17.mp4,side,382,12733,30.0,848,478,29,left_heel,0.5159624218940735,0.9268105626106262,0.0715116411447525,0.9268442988395691,0.9960380792617798
side_person17.mp4,side,382,12733,30.0,848,478,30,right_heel,0.5108561515808105,0.896669864654541,0.27800071239471436,0.6541075110435486,0.9981424808502197
side_person17.mp4,side,382,12733,30.0,848,478,31,left_foot_index,0.4642323851585388,0.9281595945358276,0.08392252027988434,0.9155772924423218,0.9943179488182068
side_person17.mp4,side,382,12733,30.0,848,478,32,right_foot_index,0.4638441503047943,0.9096550941467285,0.2859938144683838,0.6243134140968323,0.9971264004707336
side_person17.mp4,side,383,12767,30.0,848,478,0,nose,0.4432700276374817,0.4377412497997284,-0.12276890873908997,0.9983856081962585,0.9977699518203735
side_person17.mp4,side,383,12767,30.0,848,478,1,left_eye_inner,0.44362348318099976,0.4201596975326538,-0.14403671026229858,0.99827641248703,0.9980109333992004
side_person17.mp4,side,383,12767,30.0,848,478,2,left_eye,0.4445735216140747,0.4192942976951599,-0.14405478537082672,0.9983695149421692,0.9981005787849426
side_person17.mp4,side,383,12767,30.0,848,478,3,left_eye_outer,0.44561561942100525,0.41851288080215454,-0.1441155970096588,0.9987969994544983,0.9981921315193176
side_person17.mp4,side,383,12767,30.0,848,478,4,right_eye_inner,0.4433867037296295,0.41973456740379333,-0.11052235960960388,0.9977667331695557,0.9978297352790833
side_person17.mp4,side,383,12767,30.0,848,478,5,right_eye,0.44426190853118896,0.4184888005256653,-0.11055438220500946,0.9976626038551331,0.9977433681488037
side_person17.mp4,side,383,12767,30.0,848,478,6,right_eye_outer,0.4453026056289673,0.4171997010707855,-0.1105559840798378,0.9983437061309814,0.9976922273635864
side_person17.mp4,side,383,12767,30.0,848,478,7,left_ear,0.4588543772697449,0.4174003303050995,-0.18959376215934753,0.9968494176864624,0.9977357387542725
side_person17.mp4,side,383,12767,30.0,848,478,8,right_ear,0.4590033292770386,0.41488486528396606,-0.03898899629712105,0.9976121783256531,0.9971743822097778
side_person17.mp4,side,383,12767,30.0,848,478,9,mouth_left,0.4504171907901764,0.4511590600013733,-0.13726678490638733,0.9972386956214905,0.9978352189064026
side_person17.mp4,side,383,12767,30.0,848,478,10,mouth_right,0.4502947926521301,0.4517902135848999,-0.0935022234916687,0.9951796531677246,0.9976289868354797
side_person17.mp4,side,383,12767,30.0,848,478,11,left_shoulder,0.4856579601764679,0.4963746666908264,-0.25829294323921204,0.9985250234603882,0.9962833523750305
side_person17.mp4,side,383,12767,30.0,848,478,12,right_shoulder,0.48232099413871765,0.4860783517360687,0.060440462082624435,0.995375394821167,0.9977167844772339
side_person17.mp4,side,383,12767,30.0,848,478,13,left_elbow,0.40703603625297546,0.5331197381019592,-0.28837287425994873,0.9834822416305542,0.9977802634239197
side_person17.mp4,side,383,12767,30.0,848,478,14,right_elbow,0.4096929430961609,0.5232693552970886,0.09526386111974716,0.31108397245407104,0.9986781477928162
side_person17.mp4,side,383,12767,30.0,848,478,15,left_wrist,0.3320018947124481,0.5251874923706055,-0.2547537684440613,0.979954719543457,0.9950079917907715
side_person17.mp4,side,383,12767,30.0,848,478,16,right_wrist,0.33977922797203064,0.5240926146507263,0.01524226926267147,0.38808393478393555,0.9896706938743591
side_person17.mp4,side,383,12767,30.0,848,478,17,left_pinky,0.31335070729255676,0.5207239389419556,-0.29568803310394287,0.9706935286521912,0.9923413991928101
side_person17.mp4,side,383,12767,30.0,848,478,18,right_pinky,0.32561418414115906,0.516793966293335,0.00609534652903676,0.4053570032119751,0.9839506149291992
side_person17.mp4,side,383,12767,30.0,848,478,19,left_index,0.31963488459587097,0.5031059980392456,-0.2782418727874756,0.9682599306106567,0.9925151467323303
side_person17.mp4,side,383,12767,30.0,848,478,20,right_index,0.3247843384742737,0.5143951773643494,-0.024997731670737267,0.4190368056297302,0.9820906519889832
side_person17.mp4,side,383,12767,30.0,848,478,21,left_thumb,0.32443466782569885,0.5147921442985535,-0.24952717125415802,0.9507008790969849,0.993259847164154
side_person17.mp4,side,383,12767,30.0,848,478,22,right_thumb,0.3265620172023773,0.5174391865730286,-0.0022348046768456697,0.4500066041946411,0.9853028059005737
side_person17.mp4,side,383,12767,30.0,848,478,23,left_hip,0.567419707775116,0.694230318069458,-0.09876328706741333,0.9986107349395752,0.9989180564880371
side_person17.mp4,side,383,12767,30.0,848,478,24,right_hip,0.5492896437644958,0.6685744524002075,0.09885594248771667,0.997670590877533,0.9994137287139893
side_person17.mp4,side,383,12767,30.0,848,478,25,left_knee,0.45940983295440674,0.7515954971313477,-0.09187459200620651,0.9390993714332581,0.9986888766288757
side_person17.mp4,side,383,12767,30.0,848,478,26,right_knee,0.45617854595184326,0.7075269818305969,0.14766868948936462,0.4387896955013275,0.9989486336708069
side_person17.mp4,side,383,12767,30.0,848,478,27,left_ankle,0.5027896761894226,0.9043706059455872,0.06350940465927124,0.9421614408493042,0.9978095889091492
side_person17.mp4,side,383,12767,30.0,848,478,28,right_ankle,0.4983160197734833,0.8618193864822388,0.2909986972808838,0.5005434155464172,0.9987322688102722
side_person17.mp4,side,383,12767,30.0,848,478,29,left_heel,0.5155863165855408,0.9252694249153137,0.08519744873046875,0.9259287714958191,0.9979664087295532
side_person17.mp4,side,383,12767,30.0,848,478,30,right_heel,0.5114905834197998,0.8964529633522034,0.3058415949344635,0.6477937698364258,0.9987099170684814
side_person17.mp4,side,383,12767,30.0,848,478,31,left_foot_index,0.4643406271934509,0.9280737042427063,0.1051042228937149,0.9148688912391663,0.9966247081756592
side_person17.mp4,side,383,12767,30.0,848,478,32,right_foot_index,0.464275062084198,0.9085167050361633,0.3180840313434601,0.6192996501922607,0.9978187084197998
side_person17.mp4,side,384,12800,30.0,848,478,0,nose,0.44315189123153687,0.4455569386482239,-0.12166769057512283,0.9984018206596375,0.9968764781951904
side_person17.mp4,side,384,12800,30.0,848,478,1,left_eye_inner,0.4434824585914612,0.4282483458518982,-0.14287099242210388,0.9983025789260864,0.9973301887512207
side_person17.mp4,side,384,12800,30.0,848,478,2,left_eye,0.4444190561771393,0.4274754226207733,-0.14289304614067078,0.9983969330787659,0.9974330067634583
side_person17.mp4,side,384,12800,30.0,848,478,3,left_eye_outer,0.4454444646835327,0.42680737376213074,-0.14295268058776855,0.998807966709137,0.9975517392158508
side_person17.mp4,side,384,12800,30.0,848,478,4,right_eye_inner,0.4433334767818451,0.42779672145843506,-0.10958949476480484,0.9978004693984985,0.9972137808799744
side_person17.mp4,side,384,12800,30.0,848,478,5,right_eye,0.44424399733543396,0.4266079068183899,-0.10962038487195969,0.9977081418037415,0.9971170425415039
side_person17.mp4,side,384,12800,30.0,848,478,6,right_eye_outer,0.4453130066394806,0.4253649115562439,-0.10962586849927902,0.9983694553375244,0.997100293636322
side_person17.mp4,side,384,12800,30.0,848,478,7,left_ear,0.45849525928497314,0.4267044961452484,-0.1888580322265625,0.9968314170837402,0.9968029260635376
side_person17.mp4,side,384,12800,30.0,848,478,8,right_ear,0.45887839794158936,0.4236791133880615,-0.03868488594889641,0.9976588487625122,0.9963887929916382
side_person17.mp4,side,384,12800,30.0,848,478,9,mouth_left,0.4502153694629669,0.45959290862083435,-0.13614071905612946,0.9971950054168701,0.9967617392539978
side_person17.mp4,side,384,12800,30.0,848,478,10,mouth_right,0.45022615790367126,0.46007558703422546,-0.0926583781838417,0.99524986743927,0.9967069029808044
side_person17.mp4,side,384,12800,30.0,848,478,11,left_shoulder,0.48373517394065857,0.5053017139434814,-0.2584117352962494,0.998458981513977,0.9952087998390198
side_person17.mp4,side,384,12800,30.0,848,478,12,right_shoulder,0.4817284345626831,0.4920397996902466,0.06134534627199173,0.9953188300132751,0.9971615076065063
side_person17.mp4,side,384,12800,30.0,848,478,13,left_elbow,0.4053811728954315,0.5401138067245483,-0.29974254965782166,0.9829362630844116,0.9978107810020447
side_person17.mp4,side,384,12800,30.0,848,478,14,right_elbow,0.40889838337898254,0.5280270576477051,0.09666819125413895,0.30336108803749084,0.9986401200294495
side_person17.mp4,side,384,12800,30.0,848,478,15,left_wrist,0.3233792185783386,0.5353091955184937,-0.2723838686943054,0.9801398515701294,0.9935013651847839
side_person17.mp4,side,384,12800,30.0,848,478,16,right_wrist,0.340095579624176,0.5304999947547913,0.016656044870615005,0.3839893043041229,0.9913581609725952
side_person17.mp4,side,384,12800,30.0,848,478,17,left_pinky,0.30183669924736023,0.5329596400260925,-0.31709203124046326,0.9710510969161987,0.989567220211029
side_person17.mp4,side,384,12800,30.0,848,478,18,right_pinky,0.32685473561286926,0.5220109820365906,0.00846766121685505,0.4039078652858734,0.9867476224899292
side_person17.mp4,side,384,12800,30.0,848,478,19,left_index,0.3106420040130615,0.5216183066368103,-0.2985822558403015,0.9686712026596069,0.9896075129508972
side_person17.mp4,side,384,12800,30.0,848,478,20,right_index,0.3257918059825897,0.5195845365524292,-0.022894209250807762,0.4177769422531128,0.9846092462539673
side_person17.mp4,side,384,12800,30.0,848,478,21,left_thumb,0.3137659430503845,0.5253553986549377,-0.26717686653137207,0.9512274861335754,0.9906637668609619
side_person17.mp4,side,384,12800,30.0,848,478,22,right_thumb,0.3276585638523102,0.5226501226425171,-0.0007810955285094678,0.4490181803703308,0.9873966574668884
side_person17.mp4,side,384,12800,30.0,848,478,23,left_hip,0.5674113631248474,0.7007330656051636,-0.10058259218931198,0.9985969662666321,0.9981862902641296
side_person17.mp4,side,384,12800,30.0,848,478,24,right_hip,0.5492883324623108,0.6734582781791687,0.10068336874246597,0.9976984858512878,0.9989882111549377
side_person17.mp4,side,384,12800,30.0,848,478,25,left_knee,0.4576967656612396,0.7513802647590637,-0.10201708227396011,0.9377993941307068,0.9976814985275269
side_person17.mp4,side,384,12800,30.0,848,478,26,right_knee,0.4560433626174927,0.708619236946106,0.14433394372463226,0.42569392919540405,0.9981905817985535
side_person17.mp4,side,384,12800,30.0,848,478,27,left_ankle,0.5018609762191772,0.9037203788757324,0.059727709740400314,0.9391263127326965,0.9959949254989624
side_person17.mp4,side,384,12800,30.0,848,478,28,right_ankle,0.49779027700424194,0.8612582683563232,0.2856523096561432,0.48609328269958496,0.9976717829704285
side_person17.mp4,side,384,12800,30.0,848,478,29,left_heel,0.514984667301178,0.9239163994789124,0.0788070484995842,0.9222716689109802,0.9964134097099304
side_person17.mp4,side,384,12800,30.0,848,478,30,right_heel,0.5115012526512146,0.8965190052986145,0.2994544506072998,0.6354714035987854,0.9976957440376282
side_person17.mp4,side,384,12800,30.0,848,478,31,left_foot_index,0.4638305902481079,0.9280735850334167,0.10352125018835068,0.9102413654327393,0.9948564767837524
side_person17.mp4,side,384,12800,30.0,848,478,32,right_foot_index,0.4642567038536072,0.9085800051689148,0.31341537833213806,0.6061546206474304,0.9964960217475891
side_person17.mp4,side,385,12833,30.0,848,478,0,nose,0.44272947311401367,0.4550921618938446,-0.14303620159626007,0.9984055757522583,0.9971261620521545
side_person17.mp4,side,385,12833,30.0,848,478,1,left_eye_inner,0.44269800186157227,0.43704789876937866,-0.16492870450019836,0.9983171820640564,0.9977612495422363
side_person17.mp4,side,385,12833,30.0,848,478,2,left_eye,0.44361579418182373,0.4362349510192871,-0.16495002806186676,0.998416006565094,0.9979312419891357
side_person17.mp4,side,385,12833,30.0,848,478,3,left_eye_outer,0.4446410536766052,0.43555307388305664,-0.16501547396183014,0.998809278011322,0.998100221157074
side_person17.mp4,side,385,12833,30.0,848,478,4,right_eye_inner,0.4426642954349518,0.43666568398475647,-0.13072803616523743,0.9977983832359314,0.9975438714027405
side_person17.mp4,side,385,12833,30.0,848,478,5,right_eye,0.4436066746711731,0.4355063736438751,-0.13075758516788483,0.9977173209190369,0.9974783062934875
side_person17.mp4,side,385,12833,30.0,848,478,6,right_eye_outer,0.444713294506073,0.43430426716804504,-0.1307636946439743,0.9983670115470886,0.9975084066390991
side_person17.mp4,side,385,12833,30.0,848,478,7,left_ear,0.4577873945236206,0.4353064000606537,-0.21164613962173462,0.9968240261077881,0.99769127368927
side_person17.mp4,side,385,12833,30.0,848,478,8,right_ear,0.45820847153663635,0.4327179789543152,-0.057264965027570724,0.9976786375045776,0.9970740079879761
side_person17.mp4,side,385,12833,30.0,848,478,9,mouth_left,0.44976499676704407,0.46827027201652527,-0.15758268535137177,0.9971647262573242,0.997588038444519
side_person17.mp4,side,385,12833,30.0,848,478,10,mouth_right,0.4499783515930176,0.4690614938735962,-0.11266175657510757,0.995335042476654,0.9974663257598877
side_person17.mp4,side,385,12833,30.0,848,478,11,left_shoulder,0.4836246073246002,0.5135804414749146,-0.2805497646331787,0.9984424710273743,0.9968407154083252
side_person17.mp4,side,385,12833,30.0,848,478,12,right_shoulder,0.48015907406806946,0.49870046973228455,0.04589613899588585,0.9953892230987549,0.9983721375465393
side_person17.mp4,side,385,12833,30.0,848,478,13,left_elbow,0.4047980308532715,0.5484092831611633,-0.33961889147758484,0.9826155304908752,0.9977705478668213
side_person17.mp4,side,385,12833,30.0,848,478,14,right_elbow,0.407842755317688,0.5343150496482849,0.08148978650569916,0.29920148849487305,0.9988947510719299
side_person17.mp4,side,385,12833,30.0,848,478,15,left_wrist,0.3243165910243988,0.5436216592788696,-0.3178067207336426,0.9801497459411621,0.9931610822677612
side_person17.mp4,side,385,12833,30.0,848,478,16,right_wrist,0.34045737981796265,0.5358738303184509,-0.0045091742649674416,0.3858412504196167,0.9921377301216125
side_person17.mp4,side,385,12833,30.0,848,478,17,left_pinky,0.302224725484848,0.5415494441986084,-0.36593472957611084,0.9711064100265503,0.9893641471862793
side_person17.mp4,side,385,12833,30.0,848,478,18,right_pinky,0.32557666301727295,0.5279494524002075,-0.013478624634444714,0.4077017605304718,0.9876833558082581
side_person17.mp4,side,385,12833,30.0,848,478,19,left_index,0.3106914758682251,0.5306321382522583,-0.34870272874832153,0.9687967896461487,0.9894044399261475
side_person17.mp4,side,385,12833,30.0,848,478,20,right_index,0.32482439279556274,0.5252933502197266,-0.04775500297546387,0.4221035838127136,0.9857189059257507
side_person17.mp4,side,385,12833,30.0,848,478,21,left_thumb,0.31456390023231506,0.5327625870704651,-0.3134057819843292,0.9512133598327637,0.9904091358184814
side_person17.mp4,side,385,12833,30.0,848,478,22,right_thumb,0.32666072249412537,0.5286154747009277,-0.02305581420660019,0.45346692204475403,0.9884673953056335
side_person17.mp4,side,385,12833,30.0,848,478,23,left_hip,0.5673930048942566,0.7079126238822937,-0.10289153456687927,0.9986209869384766,0.9987377524375916
side_person17.mp4,side,385,12833,30.0,848,478,24,right_hip,0.5489599108695984,0.6787197589874268,0.10299336165189743,0.9977658987045288,0.9993404746055603
side_person17.mp4,side,385,12833,30.0,848,478,25,left_knee,0.45705080032348633,0.7529833316802979,-0.10491558909416199,0.9367180466651917,0.9979315996170044
side_person17.mp4,side,385,12833,30.0,848,478,26,right_knee,0.4550599455833435,0.711138904094696,0.15300317108631134,0.41539061069488525,0.9984425902366638
side_person17.mp4,side,385,12833,30.0,848,478,27,left_ankle,0.502436101436615,0.9025315642356873,0.06083736941218376,0.9358726739883423,0.9972953200340271
side_person17.mp4,side,385,12833,30.0,848,478,28,right_ankle,0.4987053871154785,0.8573750853538513,0.30348190665245056,0.4728269875049591,0.9979621171951294
side_person17.mp4,side,385,12833,30.0,848,478,29,left_heel,0.5158495903015137,0.9223040342330933,0.08340423554182053,0.9180378913879395,0.997706413269043
side_person17.mp4,side,385,12833,30.0,848,478,30,right_heel,0.5124417543411255,0.8929068446159363,0.3187830448150635,0.6231405138969421,0.9980815649032593
side_person17.mp4,side,385,12833,30.0,848,478,31,left_foot_index,0.4636279344558716,0.9279756546020508,0.11155804246664047,0.905512809753418,0.9965119957923889
side_person17.mp4,side,385,12833,30.0,848,478,32,right_foot_index,0.46432289481163025,0.9072535634040833,0.33499568700790405,0.5937477350234985,0.9969981908798218
side_person17.mp4,side,386,12867,30.0,848,478,0,nose,0.44159021973609924,0.46032777428627014,-0.14345653355121613,0.9984447956085205,0.997799813747406
side_person17.mp4,side,386,12867,30.0,848,478,1,left_eye_inner,0.4416879117488861,0.44311752915382385,-0.16604918241500854,0.9983744621276855,0.9983735084533691
side_person17.mp4,side,386,12867,30.0,848,478,2,left_eye,0.44264864921569824,0.44239431619644165,-0.16607625782489777,0.9984732866287231,0.9985412359237671
side_person17.mp4,side,386,12867,30.0,848,478,3,left_eye_outer,0.44369322061538696,0.44172754883766174,-0.16615058481693268,0.998846709728241,0.9986979961395264
side_person17.mp4,side,386,12867,30.0,848,478,4,right_eye_inner,0.441633403301239,0.442603200674057,-0.1315050572156906,0.9978601336479187,0.9981033802032471
side_person17.mp4,side,386,12867,30.0,848,478,5,right_eye,0.44257014989852905,0.44148313999176025,-0.13152796030044556,0.9977889060974121,0.9980229139328003
side_person17.mp4,side,386,12867,30.0,848,478,6,right_eye_outer,0.4436536729335785,0.4402675926685333,-0.13152675330638885,0.9984111189842224,0.9980254173278809
side_person17.mp4,side,386,12867,30.0,848,478,7,left_ear,0.45694413781166077,0.4414374828338623,-0.2141590416431427,0.9969270825386047,0.9985417127609253
side_person17.mp4,side,386,12867,30.0,848,478,8,right_ear,0.4572506248950958,0.4385341703891754,-0.05830792710185051,0.9977656602859497,0.997787594795227
side_person17.mp4,side,386,12867,30.0,848,478,9,mouth_left,0.4487508237361908,0.47415727376937866,-0.15828406810760498,0.9972502589225769,0.9984265565872192
side_person17.mp4,side,386,12867,30.0,848,478,10,mouth_right,0.4490557312965393,0.47476211190223694,-0.11286907643079758,0.9955573081970215,0.998246431350708
side_person17.mp4,side,386,12867,30.0,848,478,11,left_shoulder,0.4834457337856293,0.5222959518432617,-0.28326281905174255,0.9984896779060364,0.9982165694236755
side_person17.mp4,side,386,12867,30.0,848,478,12,right_shoulder,0.4799745976924896,0.5049364566802979,0.046484362334012985,0.9955617785453796,0.9988582134246826
side_person17.mp4,side,386,12867,30.0,848,478,13,left_elbow,0.4040570855140686,0.557278573513031,-0.34399592876434326,0.9826683402061462,0.998482882976532
side_person17.mp4,side,386,12867,30.0,848,478,14,right_elbow,0.408200204372406,0.5393958687782288,0.08178697526454926,0.2930406928062439,0.9989998936653137
side_person17.mp4,side,386,12867,30.0,848,478,15,left_wrist,0.32324984669685364,0.5512382388114929,-0.32134097814559937,0.9804552793502808,0.9941518902778625
side_person17.mp4,side,386,12867,30.0,848,478,16,right_wrist,0.3408025801181793,0.5411549210548401,-0.0043643745593726635,0.38296064734458923,0.9923011064529419
side_person17.mp4,side,386,12867,30.0,848,478,17,left_pinky,0.30065128207206726,0.5479446649551392,-0.37062934041023254,0.9715436697006226,0.9904569983482361
side_person17.mp4,side,386,12867,30.0,848,478,18,right_pinky,0.3256193697452545,0.5329452157020569,-0.013237613253295422,0.40770941972732544,0.9882442951202393
side_person17.mp4,side,386,12867,30.0,848,478,19,left_index,0.30496707558631897,0.5383436679840088,-0.352728933095932,0.96929931640625,0.9907718896865845
side_person17.mp4,side,386,12867,30.0,848,478,20,right_index,0.32494664192199707,0.5297747850418091,-0.04817139357328415,0.4224829375743866,0.9863596558570862
side_person17.mp4,side,386,12867,30.0,848,478,21,left_thumb,0.3131471574306488,0.5386982560157776,-0.3168758153915405,0.951784074306488,0.9916792511940002
side_person17.mp4,side,386,12867,30.0,848,478,22,right_thumb,0.32693567872047424,0.5333635807037354,-0.0231159795075655,0.45370855927467346,0.9890417456626892
side_person17.mp4,side,386,12867,30.0,848,478,23,left_hip,0.5673805475234985,0.7144050002098083,-0.10418139398097992,0.9986867904663086,0.9992803931236267
side_person17.mp4,side,386,12867,30.0,848,478,24,right_hip,0.5488957762718201,0.6849458813667297,0.10429712384939194,0.9978744983673096,0.9995657801628113
side_person17.mp4,side,386,12867,30.0,848,478,25,left_knee,0.4563058912754059,0.7543148398399353,-0.11000992357730865,0.9366673231124878,0.9985321760177612
side_person17.mp4,side,386,12867,30.0,848,478,26,right_knee,0.454962819814682,0.7127071619033813,0.15569256246089935,0.40587782859802246,0.9988313317298889
side_person17.mp4,side,386,12867,30.0,848,478,27,left_ankle,0.5024431347846985,0.902092456817627,0.06444284319877625,0.9326292872428894,0.9979169964790344
side_person17.mp4,side,386,12867,30.0,848,478,28,right_ankle,0.4989403188228607,0.8575780987739563,0.30358412861824036,0.4609082043170929,0.9981995820999146
side_person17.mp4,side,386,12867,30.0,848,478,29,left_heel,0.5162022113800049,0.9222093820571899,0.08397804945707321,0.9140328168869019,0.9982325434684753
side_person17.mp4,side,386,12867,30.0,848,478,30,right_heel,0.5124321579933167,0.8842905163764954,0.31882444024086,0.6121572256088257,0.9983127117156982
side_person17.mp4,side,386,12867,30.0,848,478,31,left_foot_index,0.463377982378006,0.9280726909637451,0.11488073319196701,0.900879979133606,0.9971873164176941
side_person17.mp4,side,386,12867,30.0,848,478,32,right_foot_index,0.4635797441005707,0.9078264832496643,0.33579668402671814,0.5836889743804932,0.9972667694091797
side_person17.mp4,side,387,12900,30.0,848,478,0,nose,0.44122666120529175,0.46810024976730347,-0.14257733523845673,0.9984663128852844,0.9980144500732422
side_person17.mp4,side,387,12900,30.0,848,478,1,left_eye_inner,0.4413209855556488,0.45053631067276,-0.16511264443397522,0.9984147548675537,0.9984435439109802
side_person17.mp4,side,387,12900,30.0,848,478,2,left_eye,0.4423159956932068,0.4497829079627991,-0.16513492166996002,0.9985139966011047,0.9985890984535217
side_person17.mp4,side,387,12900,30.0,848,478,3,left_eye_outer,0.4433888792991638,0.4491066336631775,-0.16520656645298004,0.9988706707954407,0.998724639415741
side_person17.mp4,side,387,12900,30.0,848,478,4,right_eye_inner,0.44130364060401917,0.45006653666496277,-0.13128672540187836,0.9978956580162048,0.9982331991195679
side_person17.mp4,side,387,12900,30.0,848,478,5,right_eye,0.44228750467300415,0.4489187002182007,-0.13131460547447205,0.9978336691856384,0.9981728792190552
side_person17.mp4,side,387,12900,30.0,848,478,6,right_eye_outer,0.44341570138931274,0.4476519227027893,-0.1313144415616989,0.9984384179115295,0.998187243938446
side_person17.mp4,side,387,12900,30.0,848,478,7,left_ear,0.4568977952003479,0.44876599311828613,-0.21336540579795837,0.9969913959503174,0.9985703229904175
side_person17.mp4,side,387,12900,30.0,848,478,8,right_ear,0.45717567205429077,0.4456249177455902,-0.06058748438954353,0.9978247284889221,0.9979977011680603
side_person17.mp4,side,387,12900,30.0,848,478,9,mouth_left,0.44846466183662415,0.4811335504055023,-0.15748104453086853,0.9972953200340271,0.9985623955726624
side_person17.mp4,side,387,12900,30.0,848,478,10,mouth_right,0.4488101005554199,0.4816897511482239,-0.11291743069887161,0.9957231879234314,0.9984478950500488
side_person17.mp4,side,387,12900,30.0,848,478,11,left_shoulder,0.4835527241230011,0.5288769006729126,-0.28072038292884827,0.9985202550888062,0.998244047164917
side_person17.mp4,side,387,12900,30.0,848,478,12,right_shoulder,0.4801340401172638,0.5098075866699219,0.042160362005233765,0.9957162141799927,0.9990377426147461
side_person17.mp4,side,387,12900,30.0,848,478,13,left_elbow,0.4041779637336731,0.5650836229324341,-0.33804646134376526,0.9824928045272827,0.9983782768249512
side_person17.mp4,side,387,12900,30.0,848,478,14,right_elbow,0.4085758924484253,0.5440105199813843,0.07688132673501968,0.2902265191078186,0.9991821646690369
side_person17.mp4,side,387,12900,30.0,848,478,15,left_wrist,0.32644832134246826,0.5569907426834106,-0.31167224049568176,0.9803565144538879,0.9940687417984009
side_person17.mp4,side,387,12900,30.0,848,478,16,right_wrist,0.3411158323287964,0.546588659286499,-0.010271928273141384,0.3855225741863251,0.9942783117294312
side_person17.mp4,side,387,12900,30.0,848,478,17,left_pinky,0.30160945653915405,0.5562783479690552,-0.35912957787513733,0.9714077115058899,0.9903420209884644
side_person17.mp4,side,387,12900,30.0,848,478,18,right_pinky,0.32613515853881836,0.5375366806983948,-0.01985911652445793,0.41276299953460693,0.9906771183013916
side_person17.mp4,side,387,12900,30.0,848,478,19,left_index,0.3065369427204132,0.5450541973114014,-0.34209221601486206,0.9692043662071228,0.9907019138336182
side_person17.mp4,side,387,12900,30.0,848,478,20,right_index,0.32525697350502014,0.5346853733062744,-0.05438085272908211,0.42793700098991394,0.9892919659614563
side_person17.mp4,side,387,12900,30.0,848,478,21,left_thumb,0.3164498805999756,0.5451807379722595,-0.30728378891944885,0.9515911936759949,0.9916947484016418
side_person17.mp4,side,387,12900,30.0,848,478,22,right_thumb,0.32736289501190186,0.5380375981330872,-0.028746912255883217,0.4587582051753998,0.9915809035301208
side_person17.mp4,side,387,12900,30.0,848,478,23,left_hip,0.5673651695251465,0.7217264175415039,-0.10437504947185516,0.9987353086471558,0.9993016719818115
side_person17.mp4,side,387,12900,30.0,848,478,24,right_hip,0.5488983988761902,0.6901647448539734,0.10448791086673737,0.9979612231254578,0.9996157884597778
side_person17.mp4,side,387,12900,30.0,848,478,25,left_knee,0.4560282230377197,0.7544679045677185,-0.10955559462308884,0.9356042742729187,0.998318076133728
side_person17.mp4,side,387,12900,30.0,848,478,26,right_knee,0.45458146929740906,0.7149413824081421,0.15485265851020813,0.39407646656036377,0.9987442493438721
side_person17.mp4,side,387,12900,30.0,848,478,27,left_ankle,0.5025890469551086,0.9018436670303345,0.06533990800380707,0.9296552538871765,0.9973226189613342
side_person17.mp4,side,387,12900,30.0,848,478,28,right_ankle,0.49916401505470276,0.8575665950775146,0.3029114007949829,0.4458526372909546,0.9978234767913818
side_person17.mp4,side,387,12900,30.0,848,478,29,left_heel,0.5169968008995056,0.9222614765167236,0.08481314778327942,0.9101661443710327,0.9977073669433594
side_person17.mp4,side,387,12900,30.0,848,478,30,right_heel,0.5124049782752991,0.8800384998321533,0.3180781304836273,0.5987012386322021,0.9979603290557861
side_person17.mp4,side,387,12900,30.0,848,478,31,left_foot_index,0.46336278319358826,0.9280776381492615,0.11164427548646927,0.8965958952903748,0.9964805245399475
side_person17.mp4,side,387,12900,30.0,848,478,32,right_foot_index,0.4635772407054901,0.907829225063324,0.33526015281677246,0.5696689486503601,0.9967643022537231
side_person17.mp4,side,388,12933,30.0,848,478,0,nose,0.4413071870803833,0.4771222770214081,-0.12130671739578247,0.9984638690948486,0.9983848333358765
side_person17.mp4,side,388,12933,30.0,848,478,1,left_eye_inner,0.4414248466491699,0.45933833718299866,-0.14382949471473694,0.9984309077262878,0.9986833930015564
side_person17.mp4,side,388,12933,30.0,848,478,2,left_eye,0.44241708517074585,0.4584012031555176,-0.14385241270065308,0.9985339641571045,0.998803973197937
side_person17.mp4,side,388,12933,30.0,848,478,3,left_eye_outer,0.44348564743995667,0.45757079124450684,-0.14392070472240448,0.9988812208175659,0.9989136457443237
side_person17.mp4,side,388,12933,30.0,848,478,4,right_eye_inner,0.44139811396598816,0.4590853154659271,-0.11016612499952316,0.9979100227355957,0.9985001087188721
side_person17.mp4,side,388,12933,30.0,848,478,5,right_eye,0.4423777759075165,0.45786207914352417,-0.11017657071352005,0.9978565573692322,0.9984388947486877
side_person17.mp4,side,388,12933,30.0,848,478,6,right_eye_outer,0.4435015618801117,0.4565420150756836,-0.11016744375228882,0.9984484910964966,0.9984366297721863
side_person17.mp4,side,388,12933,30.0,848,478,7,left_ear,0.45687294006347656,0.4564320147037506,-0.1929320991039276,0.9970096349716187,0.9988090991973877
side_person17.mp4,side,388,12933,30.0,848,478,8,right_ear,0.457113653421402,0.4539370536804199,-0.04102011024951935,0.9978489875793457,0.998225748538971
side_person17.mp4,side,388,12933,30.0,848,478,9,mouth_left,0.4485456049442291,0.48961007595062256,-0.13680949807167053,0.9973106980323792,0.9988794922828674
side_person17.mp4,side,388,12933,30.0,848,478,10,mouth_right,0.44886741042137146,0.4903145730495453,-0.09252804517745972,0.9958506226539612,0.9987373948097229
side_person17.mp4,side,388,12933,30.0,848,478,11,left_shoulder,0.4831567704677582,0.5328704118728638,-0.265939861536026,0.9985637068748474,0.9986181259155273
side_person17.mp4,side,388,12933,30.0,848,478,12,right_shoulder,0.48027536273002625,0.5174183249473572,0.06383131444454193,0.9958765506744385,0.9990195035934448
side_person17.mp4,side,388,12933,30.0,848,478,13,left_elbow,0.40425533056259155,0.570382833480835,-0.32075992226600647,0.982283890247345,0.9987597465515137
side_person17.mp4,side,388,12933,30.0,848,478,14,right_elbow,0.4088554084300995,0.5505829453468323,0.10153254121541977,0.28483590483665466,0.9991732239723206
side_person17.mp4,side,388,12933,30.0,848,478,15,left_wrist,0.32683905959129333,0.5627814531326294,-0.28800973296165466,0.9804540872573853,0.9953685998916626
side_person17.mp4,side,388,12933,30.0,848,478,16,right_wrist,0.3442075550556183,0.5531391501426697,0.015596339479088783,0.3842998743057251,0.9951545000076294
side_person17.mp4,side,388,12933,30.0,848,478,17,left_pinky,0.30366063117980957,0.5597683787345886,-0.3334633708000183,0.9715371131896973,0.992537796497345
side_person17.mp4,side,388,12933,30.0,848,478,18,right_pinky,0.3305906653404236,0.5440191030502319,0.008085295557975769,0.4140436351299286,0.9924846291542053
side_person17.mp4,side,388,12933,30.0,848,478,19,left_index,0.3088875412940979,0.5492099523544312,-0.3162500858306885,0.9693644046783447,0.9926704168319702
side_person17.mp4,side,388,12933,30.0,848,478,20,right_index,0.32791781425476074,0.5413717031478882,-0.024715056642889977,0.4293741285800934,0.9916845560073853
side_person17.mp4,side,388,12933,30.0,848,478,21,left_thumb,0.31689730286598206,0.5510644912719727,-0.28325021266937256,0.9517501592636108,0.9935340881347656
side_person17.mp4,side,388,12933,30.0,848,478,22,right_thumb,0.3299826979637146,0.5443816184997559,-0.0020761878695338964,0.4595605134963989,0.9932905435562134
side_person17.mp4,side,388,12933,30.0,848,478,23,left_hip,0.5673589110374451,0.7266221046447754,-0.10472185164690018,0.9987766742706299,0.9993152618408203
side_person17.mp4,side,388,12933,30.0,848,478,24,right_hip,0.5490692853927612,0.6972171664237976,0.10482840985059738,0.9980301260948181,0.9995554089546204
side_person17.mp4,side,388,12933,30.0,848,478,25,left_knee,0.4552081525325775,0.754503071308136,-0.10907962918281555,0.9352926015853882,0.9985939860343933
side_person17.mp4,side,388,12933,30.0,848,478,26,right_knee,0.4542064964771271,0.7180727124214172,0.15912888944149017,0.3807402551174164,0.9987688660621643
side_person17.mp4,side,388,12933,30.0,848,478,27,left_ankle,0.5027214288711548,0.9010298252105713,0.06580366939306259,0.9270613193511963,0.9979555606842041
side_person17.mp4,side,388,12933,30.0,848,478,28,right_ankle,0.49962013959884644,0.8581725358963013,0.3008486330509186,0.433471143245697,0.9980834722518921
side_person17.mp4,side,388,12933,30.0,848,478,29,left_heel,0.5172338485717773,0.9222849607467651,0.08538150787353516,0.9076487421989441,0.9982020854949951
side_person17.mp4,side,388,12933,30.0,848,478,30,right_heel,0.5126370787620544,0.8816204071044922,0.31758764386177063,0.587883472442627,0.9982166886329651
side_person17.mp4,side,388,12933,30.0,848,478,31,left_foot_index,0.4632110297679901,0.9280692338943481,0.11258894205093384,0.8933337330818176,0.9973752498626709
side_person17.mp4,side,388,12933,30.0,848,478,32,right_foot_index,0.46345993876457214,0.9078684449195862,0.32896512746810913,0.558965802192688,0.9974212646484375
side_person17.mp4,side,389,12967,30.0,848,478,0,nose,0.44094568490982056,0.4817982316017151,-0.1343676745891571,0.9985246062278748,0.9984288811683655
side_person17.mp4,side,389,12967,30.0,848,478,1,left_eye_inner,0.44087734818458557,0.46427348256111145,-0.15672414004802704,0.9985114336013794,0.998857855796814
side_person17.mp4,side,389,12967,30.0,848,478,2,left_eye,0.44190916419029236,0.46337437629699707,-0.1567549854516983,0.9986112713813782,0.9990037083625793
side_person17.mp4,side,389,12967,30.0,848,478,3,left_eye_outer,0.44304344058036804,0.4625716805458069,-0.15683268010616302,0.998939573764801,0.9991402626037598
side_person17.mp4,side,389,12967,30.0,848,478,4,right_eye_inner,0.44054800271987915,0.4636431038379669,-0.12334675341844559,0.9980061650276184,0.9985464215278625
side_person17.mp4,side,389,12967,30.0,848,478,5,right_eye,0.4413433372974396,0.46225324273109436,-0.12335862219333649,0.997953474521637,0.9984386563301086
side_person17.mp4,side,389,12967,30.0,848,478,6,right_eye_outer,0.4422849714756012,0.46091994643211365,-0.12334638833999634,0.9985127449035645,0.9983976483345032
side_person17.mp4,side,389,12967,30.0,848,478,7,left_ear,0.45650094747543335,0.46042266488075256,-0.20389129221439362,0.9971686601638794,0.9991028308868408
side_person17.mp4,side,389,12967,30.0,848,478,8,right_ear,0.4559972882270813,0.457757830619812,-0.053291529417037964,0.9979519248008728,0.9982245564460754
side_person17.mp4,side,389,12967,30.0,848,478,9,mouth_left,0.4481582045555115,0.49443933367729187,-0.14879977703094482,0.9974330067634583,0.998948872089386
side_person17.mp4,side,389,12967,30.0,848,478,10,mouth_right,0.44813644886016846,0.49496689438819885,-0.10486724227666855,0.996086597442627,0.998731791973114
side_person17.mp4,side,389,12967,30.0,848,478,11,left_shoulder,0.4822903871536255,0.5386898517608643,-0.2716822326183319,0.9986376166343689,0.9990099668502808
side_person17.mp4,side,389,12967,30.0,848,478,12,right_shoulder,0.47966086864471436,0.5212991833686829,0.05296775698661804,0.9960585832595825,0.9990332126617432
side_person17.mp4,side,389,12967,30.0,848,478,13,left_elbow,0.40080469846725464,0.5749385356903076,-0.33038249611854553,0.98273766040802,0.9992969036102295
side_person17.mp4,side,389,12967,30.0,848,478,14,right_elbow,0.40882381796836853,0.5522290468215942,0.09603165090084076,0.27707672119140625,0.9991082549095154
side_person17.mp4,side,389,12967,30.0,848,478,15,left_wrist,0.3206380307674408,0.5679792165756226,-0.30610501766204834,0.9812851548194885,0.9970546960830688
side_person17.mp4,side,389,12967,30.0,848,478,16,right_wrist,0.34550604224205017,0.5563194155693054,0.009842709638178349,0.380349725484848,0.9944669008255005
side_person17.mp4,side,389,12967,30.0,848,478,17,left_pinky,0.2989375591278076,0.5633925199508667,-0.3544902205467224,0.9727075695991516,0.9945278763771057
side_person17.mp4,side,389,12967,30.0,848,478,18,right_pinky,0.33270779252052307,0.5486713647842407,0.0016403363551944494,0.41292595863342285,0.9916410446166992
side_person17.mp4,side,389,12967,30.0,848,478,19,left_index,0.3048025071620941,0.5539771914482117,-0.33710426092147827,0.9706203937530518,0.9946315288543701
side_person17.mp4,side,389,12967,30.0,848,478,20,right_index,0.3299395442008972,0.5467936992645264,-0.032782748341560364,0.42830318212509155,0.9904239773750305
side_person17.mp4,side,389,12967,30.0,848,478,21,left_thumb,0.313753604888916,0.5549488663673401,-0.30175095796585083,0.9535461068153381,0.9954458475112915
side_person17.mp4,side,389,12967,30.0,848,478,22,right_thumb,0.332189679145813,0.5497984290122986,-0.008331169374287128,0.45817553997039795,0.9923335313796997
side_person17.mp4,side,389,12967,30.0,848,478,23,left_hip,0.5672317147254944,0.7314771413803101,-0.10374148935079575,0.9988576769828796,0.9996281862258911
side_person17.mp4,side,389,12967,30.0,848,478,24,right_hip,0.5489534139633179,0.6996889710426331,0.10385049879550934,0.9981458187103271,0.9997106194496155
side_person17.mp4,side,389,12967,30.0,848,478,25,left_knee,0.45477595925331116,0.7553658485412598,-0.10739005357027054,0.9351224899291992,0.9991182684898376
side_person17.mp4,side,389,12967,30.0,848,478,26,right_knee,0.4538078308105469,0.7183001637458801,0.1598113626241684,0.3725912272930145,0.9991532564163208
side_person17.mp4,side,389,12967,30.0,848,478,27,left_ankle,0.5027806162834167,0.9010303616523743,0.07334960997104645,0.924859344959259,0.9985722303390503
side_person17.mp4,side,389,12967,30.0,848,478,28,right_ankle,0.4998447895050049,0.8590995073318481,0.30287933349609375,0.42554745078086853,0.9986708164215088
side_person17.mp4,side,389,12967,30.0,848,478,29,left_heel,0.517676055431366,0.9229371547698975,0.0935203954577446,0.9052431583404541,0.9987344145774841
side_person17.mp4,side,389,12967,30.0,848,478,30,right_heel,0.5116327404975891,0.8823968768119812,0.3185131549835205,0.5806230902671814,0.9987384676933289
side_person17.mp4,side,389,12967,30.0,848,478,31,left_foot_index,0.46298283338546753,0.9288507699966431,0.12073741108179092,0.8906429409980774,0.9980061650276184
side_person17.mp4,side,389,12967,30.0,848,478,32,right_foot_index,0.4633901119232178,0.9081286191940308,0.3348134458065033,0.5535513758659363,0.9980746507644653
side_person17.mp4,side,390,13000,30.0,848,478,0,nose,0.4406868517398834,0.48562079668045044,-0.13376618921756744,0.9985581040382385,0.9987372756004333
side_person17.mp4,side,390,13000,30.0,848,478,1,left_eye_inner,0.440803200006485,0.4683528244495392,-0.15625761449337006,0.9985674023628235,0.9990918636322021
side_person17.mp4,side,390,13000,30.0,848,478,2,left_eye,0.4418562352657318,0.46755367517471313,-0.15628865361213684,0.9986663460731506,0.9992069602012634
side_person17.mp4,side,390,13000,30.0,848,478,3,left_eye_outer,0.443000465631485,0.4668639898300171,-0.15636584162712097,0.9989778995513916,0.9993072748184204
side_person17.mp4,side,390,13000,30.0,848,478,4,right_eye_inner,0.440498024225235,0.46784722805023193,-0.12266533076763153,0.9980695247650146,0.9988746047019958
side_person17.mp4,side,390,13000,30.0,848,478,5,right_eye,0.44132721424102783,0.4666268825531006,-0.12267952412366867,0.9980206489562988,0.9988024234771729
side_person17.mp4,side,390,13000,30.0,848,478,6,right_eye_outer,0.4423326551914215,0.46523410081863403,-0.1226683259010315,0.9985559582710266,0.9987838864326477
side_person17.mp4,side,390,13000,30.0,848,478,7,left_ear,0.45654743909835815,0.4654633402824402,-0.20395325124263763,0.9972890019416809,0.9992864727973938
side_person17.mp4,side,390,13000,30.0,848,478,8,right_ear,0.45609167218208313,0.4626525640487671,-0.05263208597898483,0.9980320334434509,0.9986810088157654
side_person17.mp4,side,390,13000,30.0,848,478,9,mouth_left,0.4480041563510895,0.4987480342388153,-0.14829935133457184,0.9975208044052124,0.9991994500160217
side_person17.mp4,side,390,13000,30.0,848,478,10,mouth_right,0.44803914427757263,0.4994833767414093,-0.10416978597640991,0.9962913393974304,0.9990635514259338
side_person17.mp4,side,390,13000,30.0,848,478,11,left_shoulder,0.4820549190044403,0.5451101660728455,-0.27143847942352295,0.9987090229988098,0.9992305040359497
side_person17.mp4,side,390,13000,30.0,848,478,12,right_shoulder,0.4797699451446533,0.5251076221466064,0.05379732325673103,0.9962672591209412,0.9993859529495239
side_person17.mp4,side,390,13000,30.0,848,478,13,left_elbow,0.40120142698287964,0.5830224752426147,-0.32960134744644165,0.9829938411712646,0.9993200302124023
side_person17.mp4,side,390,13000,30.0,848,478,14,right_elbow,0.4089290201663971,0.5573320984840393,0.0981496125459671,0.27326700091362,0.999402642250061
side_person17.mp4,side,390,13000,30.0,848,478,15,left_wrist,0.32138732075691223,0.5765929222106934,-0.3040657341480255,0.9818254709243774,0.9971408843994141
side_person17.mp4,side,390,13000,30.0,848,478,16,right_wrist,0.34625959396362305,0.5611054301261902,0.012884103693068027,0.38248762488365173,0.9963169097900391
side_person17.mp4,side,390,13000,30.0,848,478,17,left_pinky,0.2992178797721863,0.5733416080474854,-0.3522125482559204,0.9734491109848022,0.9948720335960388
side_person17.mp4,side,390,13000,30.0,848,478,18,right_pinky,0.33232301473617554,0.5526840686798096,0.005334718152880669,0.4174383282661438,0.9941421151161194
side_person17.mp4,side,390,13000,30.0,848,478,19,left_index,0.30386316776275635,0.5622734427452087,-0.33428385853767395,0.9714028835296631,0.9950874447822571
side_person17.mp4,side,390,13000,30.0,848,478,20,right_index,0.3296142518520355,0.5512118339538574,-0.03042595274746418,0.43313682079315186,0.9933475852012634
side_person17.mp4,side,390,13000,30.0,848,478,21,left_thumb,0.3124658763408661,0.5633189082145691,-0.29947376251220703,0.9545970559120178,0.9957647323608398
side_person17.mp4,side,390,13000,30.0,848,478,22,right_thumb,0.33216577768325806,0.5547565221786499,-0.005618550349026918,0.46248534321784973,0.9947717785835266
side_person17.mp4,side,390,13000,30.0,848,478,23,left_hip,0.5670642852783203,0.7378488183021545,-0.1037508025765419,0.998935341835022,0.999743640422821
side_person17.mp4,side,390,13000,30.0,848,478,24,right_hip,0.5490354299545288,0.7034549713134766,0.10386040806770325,0.9982624650001526,0.9998112320899963
side_person17.mp4,side,390,13000,30.0,848,478,25,left_knee,0.4537254869937897,0.7557298541069031,-0.10610666871070862,0.9352455139160156,0.9990994930267334
side_person17.mp4,side,390,13000,30.0,848,478,26,right_knee,0.4539179801940918,0.7175818681716919,0.16803188621997833,0.3618141710758209,0.999221682548523
side_person17.mp4,side,390,13000,30.0,848,478,27,left_ankle,0.5027827024459839,0.9007988572120667,0.07612176984548569,0.9220188856124878,0.9987108707427979
side_person17.mp4,side,390,13000,30.0,848,478,28,right_ankle,0.49981066584587097,0.8590402603149414,0.31213000416755676,0.4152486324310303,0.9986521601676941
side_person17.mp4,side,390,13000,30.0,848,478,29,left_heel,0.517825186252594,0.9229512810707092,0.09719628095626831,0.9022527933120728,0.9988939166069031
side_person17.mp4,side,390,13000,30.0,848,478,30,right_heel,0.5108045935630798,0.8809869885444641,0.32735392451286316,0.571722149848938,0.9987490177154541
side_person17.mp4,side,390,13000,30.0,848,478,31,left_foot_index,0.4629758894443512,0.9287479519844055,0.1286569982767105,0.8867931962013245,0.9982354640960693
side_person17.mp4,side,390,13000,30.0,848,478,32,right_foot_index,0.4639110565185547,0.9070608019828796,0.3475111126899719,0.5451449155807495,0.9980085492134094
side_person17.mp4,side,391,13033,30.0,848,478,0,nose,0.4406728446483612,0.4923553764820099,-0.1240634024143219,0.9985815286636353,0.9986910223960876
side_person17.mp4,side,391,13033,30.0,848,478,1,left_eye_inner,0.44063931703567505,0.4752618968486786,-0.14597967267036438,0.9986085891723633,0.9989660978317261
side_person17.mp4,side,391,13033,30.0,848,478,2,left_eye,0.4417058527469635,0.4743046462535858,-0.14600975811481476,0.9987068772315979,0.9990708827972412
side_person17.mp4,side,391,13033,30.0,848,478,3,left_eye_outer,0.44286414980888367,0.47343188524246216,-0.1460813730955124,0.9990062713623047,0.9991681575775146
side_person17.mp4,side,391,13033,30.0,848,478,4,right_eye_inner,0.44023239612579346,0.4748519957065582,-0.11311612278223038,0.998114824295044,0.9987757802009583
side_person17.mp4,side,391,13033,30.0,848,478,5,right_eye,0.44101354479789734,0.47351396083831787,-0.11312874406576157,0.9980694651603699,0.9987102746963501
side_person17.mp4,side,391,13033,30.0,848,478,6,right_eye_outer,0.4419572949409485,0.47209131717681885,-0.11311660706996918,0.9985869526863098,0.9986903071403503
side_person17.mp4,side,391,13033,30.0,848,478,7,left_ear,0.4564130902290344,0.4706411361694336,-0.19367007911205292,0.9973706007003784,0.9991177916526794
side_person17.mp4,side,391,13033,30.0,848,478,8,right_ear,0.45579802989959717,0.46835392713546753,-0.0453704409301281,0.9980787634849548,0.9985482096672058
side_person17.mp4,side,391,13033,30.0,848,478,9,mouth_left,0.4480157196521759,0.5049132704734802,-0.13906042277812958,0.9975794553756714,0.9991047978401184
side_person17.mp4,side,391,13033,30.0,848,478,10,mouth_right,0.4479757845401764,0.5056524276733398,-0.09581054002046585,0.9964377284049988,0.9989643096923828
side_person17.mp4,side,391,13033,30.0,848,478,11,left_shoulder,0.4821035861968994,0.5474604368209839,-0.26278185844421387,0.9987366795539856,0.9988338351249695
side_person17.mp4,side,391,13033,30.0,848,478,12,right_shoulder,0.47975125908851624,0.5311505198478699,0.057748943567276,0.9963847398757935,0.9991175532341003
side_person17.mp4,side,391,13033,30.0,848,478,13,left_elbow,0.40155136585235596,0.5848085284233093,-0.32007738947868347,0.9827800393104553,0.9988904595375061
side_person17.mp4,side,391,13033,30.0,848,478,14,right_elbow,0.4090377986431122,0.5620336532592773,0.09784246981143951,0.2686706781387329,0.9991506338119507
side_person17.mp4,side,391,13033,30.0,848,478,15,left_wrist,0.3287278711795807,0.5894594788551331,-0.2940042316913605,0.9818313121795654,0.995333731174469
side_person17.mp4,side,391,13033,30.0,848,478,16,right_wrist,0.3474293351173401,0.5639584064483643,0.012749655172228813,0.3810268044471741,0.9944533705711365
side_person17.mp4,side,391,13033,30.0,848,478,17,left_pinky,0.3013926148414612,0.5749625563621521,-0.33997130393981934,0.9734429121017456,0.9921020865440369
side_person17.mp4,side,391,13033,30.0,848,478,18,right_pinky,0.3334173560142517,0.5562876462936401,0.004853243939578533,0.41766414046287537,0.9912248253822327
side_person17.mp4,side,391,13033,30.0,848,478,19,left_index,0.3081356883049011,0.5644384026527405,-0.3231316804885864,0.9714173674583435,0.9922577738761902
side_person17.mp4,side,391,13033,30.0,848,478,20,right_index,0.330806165933609,0.5552487969398499,-0.030467232689261436,0.43353280425071716,0.9902528524398804
side_person17.mp4,side,391,13033,30.0,848,478,21,left_thumb,0.3129291236400604,0.56601482629776,-0.2895992696285248,0.9545683264732361,0.9932764768600464
side_person17.mp4,side,391,13033,30.0,848,478,22,right_thumb,0.33381959795951843,0.558232307434082,-0.005702691152691841,0.46256011724472046,0.9922727346420288
side_person17.mp4,side,391,13033,30.0,848,478,23,left_hip,0.5669130086898804,0.7414710521697998,-0.10327925533056259,0.9989806413650513,0.9995049238204956
side_person17.mp4,side,391,13033,30.0,848,478,24,right_hip,0.5489785671234131,0.7098317742347717,0.1033758819103241,0.9983325004577637,0.9996674060821533
side_person17.mp4,side,391,13033,30.0,848,478,25,left_knee,0.4535621702671051,0.756219208240509,-0.10533736646175385,0.9341232180595398,0.9987558126449585
side_person17.mp4,side,391,13033,30.0,848,478,26,right_knee,0.45391952991485596,0.7175173759460449,0.1639476865530014,0.35147473216056824,0.9989305138587952
side_person17.mp4,side,391,13033,30.0,848,478,27,left_ankle,0.5027624368667603,0.9010506868362427,0.07541804015636444,0.9185578227043152,0.9980977177619934
side_person17.mp4,side,391,13033,30.0,848,478,28,right_ankle,0.49981147050857544,0.8620091676712036,0.30283015966415405,0.4040244221687317,0.9981253743171692
side_person17.mp4,side,391,13033,30.0,848,478,29,left_heel,0.5179404020309448,0.9236496686935425,0.09678409993648529,0.8986898064613342,0.9983358979225159
side_person17.mp4,side,391,13033,30.0,848,478,30,right_heel,0.5107170939445496,0.8816068172454834,0.315883070230484,0.5609979629516602,0.9982224106788635
side_person17.mp4,side,391,13033,30.0,848,478,31,left_foot_index,0.4631846845149994,0.9290977120399475,0.12336082011461258,0.8825580477714539,0.9974926710128784
side_person17.mp4,side,391,13033,30.0,848,478,32,right_foot_index,0.4642884135246277,0.9073269963264465,0.3369602560997009,0.534941554069519,0.9973631501197815
side_person17.mp4,side,392,13067,30.0,848,478,0,nose,0.4407115578651428,0.4980921149253845,-0.13052010536193848,0.9986088275909424,0.9987480640411377
side_person17.mp4,side,392,13067,30.0,848,478,1,left_eye_inner,0.4406091570854187,0.48071974515914917,-0.15266992151737213,0.998654842376709,0.99899822473526
side_person17.mp4,side,392,13067,30.0,848,478,2,left_eye,0.4416796863079071,0.4799351692199707,-0.15269701182842255,0.9987502098083496,0.9990941286087036
side_person17.mp4,side,392,13067,30.0,848,478,3,left_eye_outer,0.44286635518074036,0.479084312915802,-0.15277177095413208,0.9990376234054565,0.999190628528595
side_person17.mp4,side,392,13067,30.0,848,478,4,right_eye_inner,0.4401315748691559,0.47996973991394043,-0.11988931149244308,0.998166561126709,0.9988434314727783
side_person17.mp4,side,392,13067,30.0,848,478,5,right_eye,0.44087672233581543,0.4785034656524658,-0.1199084147810936,0.9981223940849304,0.99880051612854
side_person17.mp4,side,392,13067,30.0,848,478,6,right_eye_outer,0.44176599383354187,0.47700873017311096,-0.1198984757065773,0.9986236691474915,0.9988054037094116
side_person17.mp4,side,392,13067,30.0,848,478,7,left_ear,0.4564259946346283,0.4768623411655426,-0.2014017105102539,0.9974684715270996,0.9991414546966553
side_person17.mp4,side,392,13067,30.0,848,478,8,right_ear,0.4555191099643707,0.47362834215164185,-0.053211696445941925,0.998144805431366,0.9987666606903076
side_person17.mp4,side,392,13067,30.0,848,478,9,mouth_left,0.4480486810207367,0.5106812119483948,-0.1457790583372116,0.9976411461830139,0.9991639852523804
side_person17.mp4,side,392,13067,30.0,848,478,10,mouth_right,0.4479675889015198,0.5111452341079712,-0.10260438174009323,0.9965828061103821,0.9991051554679871
side_person17.mp4,side,392,13067,30.0,848,478,11,left_shoulder,0.48217085003852844,0.5536562204360962,-0.2677374482154846,0.9987829923629761,0.9989339709281921
side_person17.mp4,side,392,13067,30.0,848,478,12,right_shoulder,0.47961753606796265,0.5337883234024048,0.04863016679883003,0.9965775609016418,0.9994072914123535
side_person17.mp4,side,392,13067,30.0,848,478,13,left_elbow,0.40167897939682007,0.5871343016624451,-0.3236916959285736,0.9829542636871338,0.9990611672401428
side_person17.mp4,side,392,13067,30.0,848,478,14,right_elbow,0.4090917706489563,0.5624743700027466,0.09428658336400986,0.26849544048309326,0.9994128942489624
side_person17.mp4,side,392,13067,30.0,848,478,15,left_wrist,0.3289453983306885,0.5824326872825623,-0.2958281934261322,0.9821626543998718,0.9961420893669128
side_person17.mp4,side,392,13067,30.0,848,478,16,right_wrist,0.347417950630188,0.564520537853241,0.011787017807364464,0.3900741934776306,0.9969134330749512
side_person17.mp4,side,392,13067,30.0,848,478,17,left_pinky,0.307147353887558,0.5773159265518188,-0.34160688519477844,0.9738756418228149,0.9933456182479858
side_person17.mp4,side,392,13067,30.0,848,478,18,right_pinky,0.3340383470058441,0.5581899881362915,0.0034561960492283106,0.4279681146144867,0.9948529601097107
side_person17.mp4,side,392,13067,30.0,848,478,19,left_index,0.30958840250968933,0.5689908862113953,-0.3254479765892029,0.9718982577323914,0.9935582280158997
side_person17.mp4,side,392,13067,30.0,848,478,20,right_index,0.33135986328125,0.5582464337348938,-0.03149649128317833,0.4438890516757965,0.9942584037780762
side_person17.mp4,side,392,13067,30.0,848,478,21,left_thumb,0.3155435025691986,0.5693394541740417,-0.2915290594100952,0.955214262008667,0.9944122433662415
side_person17.mp4,side,392,13067,30.0,848,478,22,right_thumb,0.3343285322189331,0.560809314250946,-0.0064569516107439995,0.47231173515319824,0.9955256581306458
side_person17.mp4,side,392,13067,30.0,848,478,23,left_hip,0.5662776231765747,0.7468365430831909,-0.10268153995275497,0.9990409016609192,0.9996059536933899
side_person17.mp4,side,392,13067,30.0,848,478,24,right_hip,0.5480204820632935,0.7119945883750916,0.10276836156845093,0.9984257221221924,0.9997581839561462
side_person17.mp4,side,392,13067,30.0,848,478,25,left_knee,0.4534032940864563,0.7570562362670898,-0.10040781646966934,0.9327576160430908,0.9988402724266052
side_person17.mp4,side,392,13067,30.0,848,478,26,right_knee,0.45369845628738403,0.7165367007255554,0.1627711057662964,0.3436553478240967,0.9991146922111511
side_person17.mp4,side,392,13067,30.0,848,478,27,left_ankle,0.502761960029602,0.9010524153709412,0.07950644940137863,0.9162867069244385,0.9980947375297546
side_person17.mp4,side,392,13067,30.0,848,478,28,right_ankle,0.4996758997440338,0.8621299862861633,0.3067602515220642,0.39446836709976196,0.9983677268028259
side_person17.mp4,side,392,13067,30.0,848,478,29,left_heel,0.5180664658546448,0.9238986968994141,0.10007618367671967,0.8964813947677612,0.9983304142951965
side_person17.mp4,side,392,13067,30.0,848,478,30,right_heel,0.5106925368309021,0.8807219862937927,0.32126951217651367,0.5528945922851562,0.9984356760978699
side_person17.mp4,side,392,13067,30.0,848,478,31,left_foot_index,0.4634401500225067,0.929093062877655,0.12744568288326263,0.8796066045761108,0.9975541234016418
side_person17.mp4,side,392,13067,30.0,848,478,32,right_foot_index,0.4644395709037781,0.9074490666389465,0.3423161804676056,0.5257226228713989,0.9977173805236816
side_person17.mp4,side,393,13100,30.0,848,478,0,nose,0.440650075674057,0.5010647177696228,-0.12107142060995102,0.9986605644226074,0.999060332775116
side_person17.mp4,side,393,13100,30.0,848,478,1,left_eye_inner,0.44047248363494873,0.4835885167121887,-0.14295224845409393,0.9987216591835022,0.9992616772651672
side_person17.mp4,side,393,13100,30.0,848,478,2,left_eye,0.44156840443611145,0.48273736238479614,-0.14298264682292938,0.9988134503364563,0.9993359446525574
side_person17.mp4,side,393,13100,30.0,848,478,3,left_eye_outer,0.4427837133407593,0.48186787962913513,-0.14305607974529266,0.9990841746330261,0.9994059801101685
side_person17.mp4,side,393,13100,30.0,848,478,4,right_eye_inner,0.4399256110191345,0.4829544425010681,-0.11008916050195694,0.998252272605896,0.9991311430931091
side_person17.mp4,side,393,13100,30.0,848,478,5,right_eye,0.440639853477478,0.4815758168697357,-0.11010788381099701,0.9982114434242249,0.9990915060043335
side_person17.mp4,side,393,13100,30.0,848,478,6,right_eye_outer,0.441500723361969,0.48014575242996216,-0.1100970059633255,0.9986869096755981,0.9990807771682739
side_person17.mp4,side,393,13100,30.0,848,478,7,left_ear,0.4564451277256012,0.4791680574417114,-0.19197505712509155,0.9976040720939636,0.9994046688079834
side_person17.mp4,side,393,13100,30.0,848,478,8,right_ear,0.4555024206638336,0.4765458405017853,-0.04356396943330765,0.9982343912124634,0.9990571141242981
side_person17.mp4,side,393,13100,30.0,848,478,9,mouth_left,0.44805192947387695,0.5137489438056946,-0.13664638996124268,0.9977457523345947,0.9993751645088196
side_person17.mp4,side,393,13100,30.0,848,478,10,mouth_right,0.44793689250946045,0.5144393444061279,-0.09339497983455658,0.9967702031135559,0.9992936849594116
side_person17.mp4,side,393,13100,30.0,848,478,11,left_shoulder,0.4822472929954529,0.5567597150802612,-0.2605578601360321,0.99881911277771,0.9991968274116516
side_person17.mp4,side,393,13100,30.0,848,478,12,right_shoulder,0.4796639680862427,0.5376870036125183,0.05686699226498604,0.9967246055603027,0.9993520379066467
side_person17.mp4,side,393,13100,30.0,848,478,13,left_elbow,0.40189290046691895,0.5906150341033936,-0.31425756216049194,0.9826736450195312,0.9990237951278687
side_person17.mp4,side,393,13100,30.0,848,478,14,right_elbow,0.40906521677970886,0.5680345296859741,0.0968128889799118,0.26180094480514526,0.9991379976272583
side_person17.mp4,side,393,13100,30.0,848,478,15,left_wrist,0.3283222019672394,0.586026132106781,-0.28318968415260315,0.9819914102554321,0.9958537817001343
side_person17.mp4,side,393,13100,30.0,848,478,16,right_wrist,0.3474946618080139,0.5704566836357117,0.011768368072807789,0.38517871499061584,0.9947250485420227
side_person17.mp4,side,393,13100,30.0,848,478,17,left_pinky,0.3070823848247528,0.5825440287590027,-0.32831382751464844,0.973676860332489,0.9928576946258545
side_person17.mp4,side,393,13100,30.0,848,478,18,right_pinky,0.3339545726776123,0.5636458992958069,0.0030437405221164227,0.42511147260665894,0.9917808175086975
side_person17.mp4,side,393,13100,30.0,848,478,19,left_index,0.3099031150341034,0.5725361704826355,-0.3121093213558197,0.9716967940330505,0.9931598901748657
side_person17.mp4,side,393,13100,30.0,848,478,20,right_index,0.33133867383003235,0.5627650022506714,-0.03159525990486145,0.44129785895347595,0.9909719228744507
side_person17.mp4,side,393,13100,30.0,848,478,21,left_thumb,0.3154864013195038,0.5735741853713989,-0.2787910997867584,0.9549232721328735,0.9941310286521912
side_person17.mp4,side,393,13100,30.0,848,478,22,right_thumb,0.3343767523765564,0.5655481219291687,-0.006490178871899843,0.46953168511390686,0.9927587509155273
side_person17.mp4,side,393,13100,30.0,848,478,23,left_hip,0.5651378035545349,0.750797688961029,-0.10248630493879318,0.9990977048873901,0.9997181296348572
side_person17.mp4,side,393,13100,30.0,848,478,24,right_hip,0.5480455160140991,0.7180784940719604,0.10256285965442657,0.9985101222991943,0.9997851252555847
side_person17.mp4,side,393,13100,30.0,848,478,25,left_knee,0.45299115777015686,0.7569906711578369,-0.10031595826148987,0.9308568835258484,0.9991482496261597
side_person17.mp4,side,393,13100,30.0,848,478,26,right_knee,0.4529096484184265,0.7163516283035278,0.16937413811683655,0.33160412311553955,0.9991564750671387
side_person17.mp4,side,393,13100,30.0,848,478,27,left_ankle,0.5022183060646057,0.901397168636322,0.07901720702648163,0.9133656024932861,0.9982798099517822
side_person17.mp4,side,393,13100,30.0,848,478,28,right_ankle,0.4996657967567444,0.8603212833404541,0.3151821494102478,0.3815620243549347,0.9983319640159607
side_person17.mp4,side,393,13100,30.0,848,478,29,left_heel,0.5176079869270325,0.9239031672477722,0.09968732297420502,0.893383800983429,0.9984464049339294
side_person17.mp4,side,393,13100,30.0,848,478,30,right_heel,0.5107234120368958,0.8784096240997314,0.3299155831336975,0.540311872959137,0.9984171390533447
side_person17.mp4,side,393,13100,30.0,848,478,31,left_foot_index,0.4629857838153839,0.9290897250175476,0.124188132584095,0.87615567445755,0.9975101947784424
side_person17.mp4,side,393,13100,30.0,848,478,32,right_foot_index,0.46781885623931885,0.9085831642150879,0.34955671429634094,0.5134963989257812,0.9976369142532349
side_person17.mp4,side,394,13133,30.0,848,478,0,nose,0.4406459629535675,0.5045682787895203,-0.12135612964630127,0.9986772537231445,0.9985658526420593
side_person17.mp4,side,394,13133,30.0,848,478,1,left_eye_inner,0.44046032428741455,0.4869517683982849,-0.14315396547317505,0.9987625479698181,0.9989363551139832
side_person17.mp4,side,394,13133,30.0,848,478,2,left_eye,0.4415763020515442,0.48610273003578186,-0.1431916207075119,0.9988539814949036,0.9990622401237488
side_person17.mp4,side,394,13133,30.0,848,478,3,left_eye_outer,0.44279778003692627,0.4853938817977905,-0.14327280223369598,0.9991127848625183,0.9991834759712219
side_person17.mp4,side,394,13133,30.0,848,478,4,right_eye_inner,0.43989261984825134,0.486191064119339,-0.11022341996431351,0.9982994794845581,0.9987115859985352
side_person17.mp4,side,394,13133,30.0,848,478,5,right_eye,0.4406205415725708,0.4847288429737091,-0.11023574322462082,0.9982593655586243,0.9986550807952881
side_person17.mp4,side,394,13133,30.0,848,478,6,right_eye_outer,0.44148802757263184,0.48331689834594727,-0.11021976917982101,0.9987170100212097,0.9986523985862732
side_person17.mp4,side,394,13133,30.0,848,478,7,left_ear,0.45649030804634094,0.48384982347488403,-0.1940453052520752,0.9977061748504639,0.999180257320404
side_person17.mp4,side,394,13133,30.0,848,478,8,right_ear,0.4555118978023529,0.48075491189956665,-0.044848110526800156,0.9982976913452148,0.9986492991447449
side_person17.mp4,side,394,13133,30.0,848,478,9,mouth_left,0.44807153940200806,0.5175928473472595,-0.1370382308959961,0.9978201985359192,0.9990980625152588
side_person17.mp4,side,394,13133,30.0,848,478,10,mouth_right,0.44793856143951416,0.5180360674858093,-0.09368973970413208,0.996919572353363,0.9990083575248718
side_person17.mp4,side,394,13133,30.0,848,478,11,left_shoulder,0.4823070764541626,0.561406135559082,-0.2625860273838043,0.9988676309585571,0.9991154074668884
side_person17.mp4,side,394,13133,30.0,848,478,12,right_shoulder,0.4797019958496094,0.5409463047981262,0.0561535619199276,0.9968967437744141,0.9993353486061096
side_person17.mp4,side,394,13133,30.0,848,478,13,left_elbow,0.40123313665390015,0.5947523713111877,-0.31958264112472534,0.9828885197639465,0.9992668032646179
side_person17.mp4,side,394,13133,30.0,848,478,14,right_elbow,0.40910062193870544,0.5695659518241882,0.0989760309457779,0.2568030059337616,0.9992032647132874
side_person17.mp4,side,394,13133,30.0,848,478,15,left_wrist,0.32504740357398987,0.5880865454673767,-0.29142025113105774,0.9825371503829956,0.9969647526741028
side_person17.mp4,side,394,13133,30.0,848,478,16,right_wrist,0.3475956320762634,0.5716906189918518,0.01702617108821869,0.3872320353984833,0.9961042404174805
side_person17.mp4,side,394,13133,30.0,848,478,17,left_pinky,0.3061962127685547,0.58538419008255,-0.33833590149879456,0.9744946956634521,0.9945449829101562
side_person17.mp4,side,394,13133,30.0,848,478,18,right_pinky,0.3346709609031677,0.5641721487045288,0.008714630268514156,0.42919307947158813,0.9939554333686829
side_person17.mp4,side,394,13133,30.0,848,478,19,left_index,0.30664339661598206,0.5764977335929871,-0.3214491605758667,0.9725585579872131,0.9946393370628357
side_person17.mp4,side,394,13133,30.0,848,478,20,right_index,0.3317779004573822,0.5647557973861694,-0.026229314506053925,0.445328027009964,0.9932031631469727
side_person17.mp4,side,394,13133,30.0,848,478,21,left_thumb,0.31303998827934265,0.5768259763717651,-0.28683164715766907,0.956123411655426,0.9954463839530945
side_person17.mp4,side,394,13133,30.0,848,478,22,right_thumb,0.3345513343811035,0.5677735805511475,-0.0012320034438744187,0.473421573638916,0.994595468044281
side_person17.mp4,side,394,13133,30.0,848,478,23,left_hip,0.5642998814582825,0.7554800510406494,-0.10207562893629074,0.999161958694458,0.9997174143791199
side_person17.mp4,side,394,13133,30.0,848,478,24,right_hip,0.5480234622955322,0.7238559722900391,0.10215099900960922,0.9986036419868469,0.9997726082801819
side_person17.mp4,side,394,13133,30.0,848,478,25,left_knee,0.45286548137664795,0.7568868398666382,-0.09675116091966629,0.9307336807250977,0.9992460012435913
side_person17.mp4,side,394,13133,30.0,848,478,26,right_knee,0.45299896597862244,0.7115678787231445,0.17837922275066376,0.322564035654068,0.9992271661758423
side_person17.mp4,side,394,13133,30.0,848,478,27,left_ankle,0.5021942853927612,0.9014631509780884,0.08247870951890945,0.9117409586906433,0.9984937906265259
side_person17.mp4,side,394,13133,30.0,848,478,28,right_ankle,0.4996642768383026,0.8601129055023193,0.3284342288970947,0.3735142946243286,0.9984723925590515
side_person17.mp4,side,394,13133,30.0,848,478,29,left_heel,0.517628014087677,0.9239132404327393,0.10273643583059311,0.8919402360916138,0.9986138343811035
side_person17.mp4,side,394,13133,30.0,848,478,30,right_heel,0.510723888874054,0.8776711225509644,0.3440774977207184,0.532932460308075,0.9985449314117432
side_person17.mp4,side,394,13133,30.0,848,478,31,left_foot_index,0.4629181921482086,0.9290889501571655,0.12970449030399323,0.8739418983459473,0.9977818131446838
side_person17.mp4,side,394,13133,30.0,848,478,32,right_foot_index,0.46762463450431824,0.9080328345298767,0.36596938967704773,0.5068963766098022,0.9979070425033569
side_person17.mp4,side,395,13167,30.0,848,478,0,nose,0.44065842032432556,0.5070476531982422,-0.11290046572685242,0.9986662864685059,0.9989336133003235
side_person17.mp4,side,395,13167,30.0,848,478,1,left_eye_inner,0.44047674536705017,0.4888685345649719,-0.13504603505134583,0.9987748265266418,0.9991729855537415
side_person17.mp4,side,395,13167,30.0,848,478,2,left_eye,0.44159194827079773,0.48806843161582947,-0.13508325815200806,0.9988680481910706,0.9992664456367493
side_person17.mp4,side,395,13167,30.0,848,478,3,left_eye_outer,0.4428098499774933,0.48732075095176697,-0.13515718281269073,0.9991211891174316,0.9993508458137512
side_person17.mp4,side,395,13167,30.0,848,478,4,right_eye_inner,0.43991386890411377,0.4881162941455841,-0.10218788683414459,0.9983102679252625,0.9990044236183167
side_person17.mp4,side,395,13167,30.0,848,478,5,right_eye,0.4406445026397705,0.48673322796821594,-0.10219693928956985,0.9982739686965942,0.9989526271820068
side_person17.mp4,side,395,13167,30.0,848,478,6,right_eye_outer,0.4415184259414673,0.48531705141067505,-0.10218163579702377,0.9987226724624634,0.9989344477653503
side_person17.mp4,side,395,13167,30.0,848,478,7,left_ear,0.45668327808380127,0.485847532749176,-0.18540538847446442,0.997744619846344,0.9993415474891663
side_person17.mp4,side,395,13167,30.0,848,478,8,right_ear,0.4555733799934387,0.48292046785354614,-0.03695083409547806,0.9983161091804504,0.9988634586334229
side_person17.mp4,side,395,13167,30.0,848,478,9,mouth_left,0.4482351839542389,0.5205398201942444,-0.12870046496391296,0.9978318810462952,0.9992945194244385
side_person17.mp4,side,395,13167,30.0,848,478,10,mouth_right,0.4480825960636139,0.5210075974464417,-0.08545870333909988,0.9969967007637024,0.9991803765296936
side_person17.mp4,side,395,13167,30.0,848,478,11,left_shoulder,0.4822705388069153,0.5633096098899841,-0.25727540254592896,0.9988911151885986,0.9991896748542786
side_person17.mp4,side,395,13167,30.0,848,478,12,right_shoulder,0.48000994324684143,0.5419071912765503,0.06550796329975128,0.9969981908798218,0.9992358684539795
side_person17.mp4,side,395,13167,30.0,848,478,13,left_elbow,0.40134018659591675,0.5975466370582581,-0.31493017077445984,0.9826091527938843,0.999161958694458
side_person17.mp4,side,395,13167,30.0,848,478,14,right_elbow,0.4095665216445923,0.572047770023346,0.10488865524530411,0.25101029872894287,0.9990739822387695
side_person17.mp4,side,395,13167,30.0,848,478,15,left_wrist,0.32487332820892334,0.5921359658241272,-0.28458371758461,0.9824526309967041,0.9960116147994995
side_person17.mp4,side,395,13167,30.0,848,478,16,right_wrist,0.3497423827648163,0.5755069851875305,0.01914362795650959,0.38261812925338745,0.9949659705162048
side_person17.mp4,side,395,13167,30.0,848,478,17,left_pinky,0.3056320548057556,0.5880540013313293,-0.3306880593299866,0.9744042158126831,0.9930663108825684
side_person17.mp4,side,395,13167,30.0,848,478,18,right_pinky,0.33548396825790405,0.5674034953117371,0.011368838138878345,0.4265640079975128,0.9924216866493225
side_person17.mp4,side,395,13167,30.0,848,478,19,left_index,0.30689582228660583,0.5775930285453796,-0.31240114569664,0.9724553823471069,0.9932710528373718
side_person17.mp4,side,395,13167,30.0,848,478,20,right_index,0.332462877035141,0.5672318339347839,-0.023073680698871613,0.44271668791770935,0.9916630983352661
side_person17.mp4,side,395,13167,30.0,848,478,21,left_thumb,0.31300321221351624,0.579405665397644,-0.27944818139076233,0.9559050798416138,0.9941638112068176
side_person17.mp4,side,395,13167,30.0,848,478,22,right_thumb,0.33464130759239197,0.5711434483528137,0.000955994357354939,0.4704641103744507,0.9932379722595215
side_person17.mp4,side,395,13167,30.0,848,478,23,left_hip,0.5642220973968506,0.7573661208152771,-0.1021677628159523,0.999199390411377,0.9996774196624756
side_person17.mp4,side,395,13167,30.0,848,478,24,right_hip,0.548442006111145,0.7257195115089417,0.10223995894193649,0.998649537563324,0.9997256398200989
side_person17.mp4,side,395,13167,30.0,848,478,25,left_knee,0.45272567868232727,0.7571938633918762,-0.10184241086244583,0.9285606741905212,0.9990014433860779
side_person17.mp4,side,395,13167,30.0,848,478,26,right_knee,0.4530371427536011,0.7131211161613464,0.17488780617713928,0.3095068037509918,0.9989691972732544
side_person17.mp4,side,395,13167,30.0,848,478,27,left_ankle,0.5021476149559021,0.9027873873710632,0.07798619568347931,0.9078799486160278,0.9981955885887146
side_person17.mp4,side,395,13167,30.0,848,478,28,right_ankle,0.4999503493309021,0.8580194711685181,0.321272611618042,0.36045539379119873,0.9980921149253845
side_person17.mp4,side,395,13167,30.0,848,478,29,left_heel,0.5178187489509583,0.9241174459457397,0.09843660145998001,0.888440728187561,0.9983931183815002
side_person17.mp4,side,395,13167,30.0,848,478,30,right_heel,0.5111687183380127,0.8767434358596802,0.3366512656211853,0.5211628675460815,0.9982320666313171
side_person17.mp4,side,395,13167,30.0,848,478,31,left_foot_index,0.4629600942134857,0.9290792942047119,0.12702852487564087,0.8691320419311523,0.9975969195365906
side_person17.mp4,side,395,13167,30.0,848,478,32,right_foot_index,0.4677298665046692,0.9062703847885132,0.35561254620552063,0.49388211965560913,0.9974965453147888
side_person17.mp4,side,396,13200,30.0,848,478,0,nose,0.4406610131263733,0.5086681842803955,-0.11650210618972778,0.9986823201179504,0.9989638328552246
side_person17.mp4,side,396,13200,30.0,848,478,1,left_eye_inner,0.4404693841934204,0.4912032186985016,-0.13910022377967834,0.9988066554069519,0.9991957545280457
side_person17.mp4,side,396,13200,30.0,848,478,2,left_eye,0.4415949285030365,0.4904513955116272,-0.13913847506046295,0.9988997578620911,0.9992857575416565
side_person17.mp4,side,396,13200,30.0,848,478,3,left_eye_outer,0.44281941652297974,0.4898061454296112,-0.13921630382537842,0.9991438388824463,0.9993693232536316
side_person17.mp4,side,396,13200,30.0,848,478,4,right_eye_inner,0.43988317251205444,0.4903213083744049,-0.10623148083686829,0.9983489513397217,0.9990525841712952
side_person17.mp4,side,396,13200,30.0,848,478,5,right_eye,0.44061654806137085,0.489001601934433,-0.10624546557664871,0.9983159303665161,0.9990235567092896
side_person17.mp4,side,396,13200,30.0,848,478,6,right_eye_outer,0.4414878487586975,0.4876185655593872,-0.10622936487197876,0.9987503886222839,0.9990308284759521
side_person17.mp4,side,396,13200,30.0,848,478,7,left_ear,0.456698477268219,0.4887307584285736,-0.19068914651870728,0.9978204369544983,0.9993681311607361
side_person17.mp4,side,396,13200,30.0,848,478,8,right_ear,0.4554814100265503,0.4853891432285309,-0.041778624057769775,0.9983646869659424,0.9990559220314026
side_person17.mp4,side,396,13200,30.0,848,478,9,mouth_left,0.448246568441391,0.5220181941986084,-0.13276593387126923,0.9978910684585571,0.9993661046028137
side_person17.mp4,side,396,13200,30.0,848,478,10,mouth_right,0.4480535089969635,0.5223034620285034,-0.08946996927261353,0.9971150755882263,0.9993089437484741
side_person17.mp4,side,396,13200,30.0,848,478,11,left_shoulder,0.48240113258361816,0.5658684968948364,-0.2597390413284302,0.9989305734634399,0.9992497563362122
side_person17.mp4,side,396,13200,30.0,848,478,12,right_shoulder,0.47997596859931946,0.5430574417114258,0.05999854952096939,0.9971487522125244,0.9995253086090088
side_person17.mp4,side,396,13200,30.0,848,478,13,left_elbow,0.40162813663482666,0.5999236702919006,-0.3158573508262634,0.9825548529624939,0.9991304278373718
side_person17.mp4,side,396,13200,30.0,848,478,14,right_elbow,0.4097876250743866,0.5717498064041138,0.10330115258693695,0.2486659288406372,0.999339759349823
side_person17.mp4,side,396,13200,30.0,848,478,15,left_wrist,0.32488876581192017,0.5917079448699951,-0.28590264916419983,0.9825446605682373,0.9963175058364868
side_person17.mp4,side,396,13200,30.0,848,478,16,right_wrist,0.3506426513195038,0.5744790434837341,0.016453102231025696,0.38622695207595825,0.9966123700141907
side_person17.mp4,side,396,13200,30.0,848,478,17,left_pinky,0.30686184763908386,0.5888035893440247,-0.3320471942424774,0.9745581150054932,0.9937310814857483
side_person17.mp4,side,396,13200,30.0,848,478,18,right_pinky,0.3367115259170532,0.5662591457366943,0.007434570696204901,0.4316037595272064,0.9946222305297852
side_person17.mp4,side,396,13200,30.0,848,478,19,left_index,0.30916738510131836,0.5786130428314209,-0.3139801621437073,0.9726368188858032,0.9939700365066528
side_person17.mp4,side,396,13200,30.0,848,478,20,right_index,0.3324849009513855,0.5673910975456238,-0.02688363566994667,0.44793346524238586,0.9940791130065918
side_person17.mp4,side,396,13200,30.0,848,478,21,left_thumb,0.3143121600151062,0.5800946354866028,-0.2809971570968628,0.9561255574226379,0.9947991371154785
side_person17.mp4,side,396,13200,30.0,848,478,22,right_thumb,0.3351708948612213,0.5707847476005554,-0.001651483471505344,0.4752229154109955,0.9953261613845825
side_person17.mp4,side,396,13200,30.0,848,478,23,left_hip,0.5641319155693054,0.7603086829185486,-0.10217172652482986,0.9992426633834839,0.9997027516365051
side_person17.mp4,side,396,13200,30.0,848,478,24,right_hip,0.5484112501144409,0.725399374961853,0.10224402695894241,0.998711884021759,0.9997875094413757
side_person17.mp4,side,396,13200,30.0,848,478,25,left_knee,0.4527285099029541,0.7574975490570068,-0.0992046669125557,0.9274787902832031,0.9991173148155212
side_person17.mp4,side,396,13200,30.0,848,478,26,right_knee,0.4530320465564728,0.713334321975708,0.17834775149822235,0.3020443320274353,0.9991771578788757
side_person17.mp4,side,396,13200,30.0,848,478,27,left_ankle,0.5018399357795715,0.9038845300674438,0.07832561433315277,0.905748188495636,0.9981333613395691
side_person17.mp4,side,396,13200,30.0,848,478,28,right_ankle,0.49691319465637207,0.8591444492340088,0.32692664861679077,0.35214123129844666,0.9982410669326782
side_person17.mp4,side,396,13200,30.0,848,478,29,left_heel,0.5177456736564636,0.9246450662612915,0.09839776903390884,0.8856193423271179,0.998292863368988
side_person17.mp4,side,396,13200,30.0,848,478,30,right_heel,0.5110052824020386,0.8770700693130493,0.34221354126930237,0.5129366517066956,0.998333752155304
side_person17.mp4,side,396,13200,30.0,848,478,31,left_foot_index,0.462799072265625,0.9294537305831909,0.12567317485809326,0.8665053248405457,0.997469425201416
side_person17.mp4,side,396,13200,30.0,848,478,32,right_foot_index,0.4672202467918396,0.9066261053085327,0.36329585313796997,0.4862785041332245,0.9976803064346313
side_person17.mp4,side,397,13233,30.0,848,478,0,nose,0.4406711161136627,0.5113953948020935,-0.11454305052757263,0.9986990094184875,0.9990849494934082
side_person17.mp4,side,397,13233,30.0,848,478,1,left_eye_inner,0.44046977162361145,0.49385786056518555,-0.13643154501914978,0.9988388419151306,0.9992577433586121
side_person17.mp4,side,397,13233,30.0,848,478,2,left_eye,0.4415983259677887,0.493059366941452,-0.13646598160266876,0.9989311695098877,0.9993313550949097
side_person17.mp4,side,397,13233,30.0,848,478,3,left_eye_outer,0.442824125289917,0.4923630952835083,-0.13654154539108276,0.9991641640663147,0.9994008541107178
side_person17.mp4,side,397,13233,30.0,848,478,4,right_eye_inner,0.4398788511753082,0.49306610226631165,-0.10365422070026398,0.9983871579170227,0.9991415739059448
side_person17.mp4,side,397,13233,30.0,848,478,5,right_eye,0.44061386585235596,0.4916715919971466,-0.10366984456777573,0.9983570575714111,0.999108612537384
side_person17.mp4,side,397,13233,30.0,848,478,6,right_eye_outer,0.44148755073547363,0.4902668297290802,-0.10365761816501617,0.9987785816192627,0.9991069436073303
side_person17.mp4,side,397,13233,30.0,848,478,7,left_ear,0.4566994309425354,0.4907953441143036,-0.18614371120929718,0.9978913068771362,0.9993842840194702
side_person17.mp4,side,397,13233,30.0,848,478,8,right_ear,0.45545822381973267,0.4878940284252167,-0.03796312212944031,0.9984145164489746,0.9991043210029602
side_person17.mp4,side,397,13233,30.0,848,478,9,mouth_left,0.4482713043689728,0.5246034860610962,-0.1302570253610611,0.9979245662689209,0.999381422996521
side_person17.mp4,side,397,13233,30.0,848,478,10,mouth_right,0.4480625092983246,0.5249408483505249,-0.08711892366409302,0.997208833694458,0.9993269443511963
side_person17.mp4,side,397,13233,30.0,848,478,11,left_shoulder,0.4825887978076935,0.5683637261390686,-0.25519099831581116,0.9989515542984009,0.9992351531982422
side_person17.mp4,side,397,13233,30.0,848,478,12,right_shoulder,0.47992435097694397,0.5470291376113892,0.0620146207511425,0.9972824454307556,0.9994638562202454
side_person17.mp4,side,397,13233,30.0,848,478,13,left_elbow,0.40177983045578003,0.6020142436027527,-0.3109569251537323,0.9823392629623413,0.9991674423217773
side_person17.mp4,side,397,13233,30.0,848,478,14,right_elbow,0.40966126322746277,0.5743466019630432,0.10314527899026871,0.2491345852613449,0.9993368983268738
side_person17.mp4,side,397,13233,30.0,848,478,15,left_wrist,0.3262311816215515,0.5936806201934814,-0.28234824538230896,0.9825900793075562,0.9965316653251648
side_person17.mp4,side,397,13233,30.0,848,478,16,right_wrist,0.35057055950164795,0.5753938555717468,0.01619587652385235,0.3940829634666443,0.9967001080513
side_person17.mp4,side,397,13233,30.0,848,478,17,left_pinky,0.3082566261291504,0.5904580950737,-0.3279740810394287,0.9746538400650024,0.9939739108085632
side_person17.mp4,side,397,13233,30.0,848,478,18,right_pinky,0.3366474211215973,0.5688894987106323,0.0074104792438447475,0.4402974843978882,0.9946238994598389
side_person17.mp4,side,397,13233,30.0,848,478,19,left_index,0.3105096220970154,0.580369234085083,-0.31086814403533936,0.9727495908737183,0.9941377639770508
side_person17.mp4,side,397,13233,30.0,848,478,20,right_index,0.3324333131313324,0.5693002939224243,-0.026944905519485474,0.4567919969558716,0.994111955165863
side_person17.mp4,side,397,13233,30.0,848,478,21,left_thumb,0.3153703808784485,0.5818111300468445,-0.2776758372783661,0.9562729597091675,0.9949821829795837
side_person17.mp4,side,397,13233,30.0,848,478,22,right_thumb,0.33514243364334106,0.5720927119255066,-0.0019051466370001435,0.4833608865737915,0.9953470826148987
side_person17.mp4,side,397,13233,30.0,848,478,23,left_hip,0.563820481300354,0.7637038826942444,-0.10197224467992783,0.999282956123352,0.9997228980064392
side_person17.mp4,side,397,13233,30.0,848,478,24,right_hip,0.5484210252761841,0.7296812534332275,0.10203474014997482,0.9987730979919434,0.9997854828834534
side_person17.mp4,side,397,13233,30.0,848,478,25,left_knee,0.4525666832923889,0.7572010159492493,-0.10085955262184143,0.9245849847793579,0.9990259408950806
side_person17.mp4,side,397,13233,30.0,848,478,26,right_knee,0.4530617594718933,0.7134383320808411,0.17941814661026,0.29002615809440613,0.9990491271018982
side_person17.mp4,side,397,13233,30.0,848,478,27,left_ankle,0.5018782615661621,0.9039014577865601,0.07540427148342133,0.900691568851471,0.9980883002281189
side_person17.mp4,side,397,13233,30.0,848,478,28,right_ankle,0.4981151223182678,0.858150839805603,0.3272174894809723,0.33877432346343994,0.9981426000595093
side_person17.mp4,side,397,13233,30.0,848,478,29,left_heel,0.5181295871734619,0.9245786666870117,0.09535422176122665,0.8817239999771118,0.9982519745826721
side_person17.mp4,side,397,13233,30.0,848,478,30,right_heel,0.5121622681617737,0.874705970287323,0.34240666031837463,0.4998297095298767,0.998263418674469
side_person17.mp4,side,397,13233,30.0,848,478,31,left_foot_index,0.46286723017692566,0.9294519424438477,0.12481975555419922,0.8605055809020996,0.99737548828125
side_person17.mp4,side,397,13233,30.0,848,478,32,right_foot_index,0.4671613872051239,0.9066458344459534,0.36576029658317566,0.472646564245224,0.9975537657737732
side_person17.mp4,side,398,13267,30.0,848,478,0,nose,0.4406639039516449,0.5131516456604004,-0.11075666546821594,0.9986951947212219,0.998711109161377
side_person17.mp4,side,398,13267,30.0,848,478,1,left_eye_inner,0.4404221773147583,0.49562421441078186,-0.13266626000404358,0.998852550983429,0.9989563226699829
side_person17.mp4,side,398,13267,30.0,848,478,2,left_eye,0.4415603578090668,0.4948299527168274,-0.13270075619220734,0.9989466071128845,0.999062716960907
side_person17.mp4,side,398,13267,30.0,848,478,3,left_eye_outer,0.4427821636199951,0.494218111038208,-0.13277162611484528,0.9991714358329773,0.9991617202758789
side_person17.mp4,side,398,13267,30.0,848,478,4,right_eye_inner,0.4398516118526459,0.49459823966026306,-0.09968752413988113,0.9984025359153748,0.9987967014312744
side_person17.mp4,side,398,13267,30.0,848,478,5,right_eye,0.4405914545059204,0.4931534230709076,-0.09969759732484818,0.9983754754066467,0.9987545013427734
side_person17.mp4,side,398,13267,30.0,848,478,6,right_eye_outer,0.44147253036499023,0.4917270839214325,-0.09968714416027069,0.9987881779670715,0.9987509250640869
side_person17.mp4,side,398,13267,30.0,848,478,7,left_ear,0.45664024353027344,0.49301519989967346,-0.18300750851631165,0.9979366660118103,0.9991496801376343
side_person17.mp4,side,398,13267,30.0,848,478,8,right_ear,0.45531579852104187,0.4893726408481598,-0.03414001688361168,0.9984531402587891,0.9987584352493286
side_person17.mp4,side,398,13267,30.0,848,478,9,mouth_left,0.4482436776161194,0.526236355304718,-0.1266591101884842,0.9979320764541626,0.9991409778594971
side_person17.mp4,side,398,13267,30.0,848,478,10,mouth_right,0.44800224900245667,0.5263490676879883,-0.08334308862686157,0.9972779154777527,0.9990750551223755
side_person17.mp4,side,398,13267,30.0,848,478,11,left_shoulder,0.48175644874572754,0.5721706748008728,-0.2538130283355713,0.9989717602729797,0.9989743232727051
side_person17.mp4,side,398,13267,30.0,848,478,12,right_shoulder,0.47987788915634155,0.5478742122650146,0.0659199059009552,0.997402548789978,0.9992873072624207
side_person17.mp4,side,398,13267,30.0,848,478,13,left_elbow,0.401872843503952,0.6053190231323242,-0.3096431493759155,0.982334554195404,0.9990678429603577
side_person17.mp4,side,398,13267,30.0,848,478,14,right_elbow,0.4095098078250885,0.5737505555152893,0.1078905537724495,0.24704962968826294,0.9991714954376221
side_person17.mp4,side,398,13267,30.0,848,478,15,left_wrist,0.32393357157707214,0.5959818959236145,-0.27946922183036804,0.9829072952270508,0.9963502883911133
side_person17.mp4,side,398,13267,30.0,848,478,16,right_wrist,0.35058146715164185,0.5751853585243225,0.020841045305132866,0.3985639810562134,0.9961611032485962
side_person17.mp4,side,398,13267,30.0,848,478,17,left_pinky,0.3062073290348053,0.5927804708480835,-0.32503047585487366,0.975134551525116,0.9936862587928772
side_person17.mp4,side,398,13267,30.0,848,478,18,right_pinky,0.3365356922149658,0.5690591335296631,0.012222771532833576,0.4460047483444214,0.9939576387405396
side_person17.mp4,side,398,13267,30.0,848,478,19,left_index,0.3091994524002075,0.5829198360443115,-0.30825215578079224,0.9732803106307983,0.9937923550605774
side_person17.mp4,side,398,13267,30.0,848,478,20,right_index,0.3324194848537445,0.5695984363555908,-0.02147882804274559,0.46259650588035583,0.993455708026886
side_person17.mp4,side,398,13267,30.0,848,478,21,left_thumb,0.31510859727859497,0.5830107927322388,-0.27480384707450867,0.9570250511169434,0.994668185710907
side_person17.mp4,side,398,13267,30.0,848,478,22,right_thumb,0.33515632152557373,0.5724155306816101,0.002980256685987115,0.48860132694244385,0.9947342872619629
side_person17.mp4,side,398,13267,30.0,848,478,23,left_hip,0.5635761618614197,0.7635353803634644,-0.10196974873542786,0.9993144869804382,0.9995755553245544
side_person17.mp4,side,398,13267,30.0,848,478,24,right_hip,0.5485310554504395,0.7309274077415466,0.10203149169683456,0.998822033405304,0.9996722936630249
side_person17.mp4,side,398,13267,30.0,848,478,25,left_knee,0.45265302062034607,0.7579278945922852,-0.10056157410144806,0.9227620959281921,0.9987562894821167
side_person17.mp4,side,398,13267,30.0,848,478,26,right_knee,0.4530738890171051,0.7142028212547302,0.18115997314453125,0.27933746576309204,0.9987450838088989
side_person17.mp4,side,398,13267,30.0,848,478,27,left_ankle,0.5018307566642761,0.903877317905426,0.0794232040643692,0.8953237533569336,0.9977491497993469
side_person17.mp4,side,398,13267,30.0,848,478,28,right_ankle,0.49870046973228455,0.8580681085586548,0.32568812370300293,0.32749685645103455,0.9976626634597778
side_person17.mp4,side,398,13267,30.0,848,478,29,left_heel,0.5182309150695801,0.9243406653404236,0.09994319826364517,0.8778557181358337,0.9979813694953918
side_person17.mp4,side,398,13267,30.0,848,478,30,right_heel,0.5129626393318176,0.8751162886619568,0.3406547009944916,0.4895471930503845,0.9978529214859009
side_person17.mp4,side,398,13267,30.0,848,478,31,left_foot_index,0.4630042314529419,0.9294141530990601,0.1336398422718048,0.8539191484451294,0.9971415400505066
side_person17.mp4,side,398,13267,30.0,848,478,32,right_foot_index,0.46709302067756653,0.9066612124443054,0.3647453784942627,0.46131396293640137,0.9971621036529541
side_person17.mp4,side,399,13300,30.0,848,478,0,nose,0.44045042991638184,0.5150414109230042,-0.11399585008621216,0.9986975789070129,0.9985546469688416
side_person17.mp4,side,399,13300,30.0,848,478,1,left_eye_inner,0.44022271037101746,0.4970436692237854,-0.1351538896560669,0.9988785982131958,0.9989013671875
side_person17.mp4,side,399,13300,30.0,848,478,2,left_eye,0.4413736164569855,0.49633583426475525,-0.13519680500030518,0.9989723563194275,0.9990298748016357
side_person17.mp4,side,399,13300,30.0,848,478,3,left_eye_outer,0.44262123107910156,0.4957047700881958,-0.13527780771255493,0.9991881847381592,0.999147891998291
side_person17.mp4,side,399,13300,30.0,848,478,4,right_eye_inner,0.43959760665893555,0.4959527552127838,-0.10330864787101746,0.9984288215637207,0.9986528158187866
side_person17.mp4,side,399,13300,30.0,848,478,5,right_eye,0.44031059741973877,0.4944891929626465,-0.10332765430212021,0.99840247631073,0.9985764026641846
side_person17.mp4,side,399,13300,30.0,848,478,6,right_eye_outer,0.4412063658237457,0.49294471740722656,-0.103321373462677,0.9988036751747131,0.9985427856445312
side_person17.mp4,side,399,13300,30.0,848,478,7,left_ear,0.4566255211830139,0.49425560235977173,-0.18443629145622253,0.9979992508888245,0.9991377592086792
side_person17.mp4,side,399,13300,30.0,848,478,8,right_ear,0.4552929997444153,0.4904116094112396,-0.03983929008245468,0.998492956161499,0.9985436201095581
side_person17.mp4,side,399,13300,30.0,848,478,9,mouth_left,0.4480994939804077,0.5281486511230469,-0.12919238209724426,0.9979519248008728,0.9989820122718811
side_person17.mp4,side,399,13300,30.0,848,478,10,mouth_right,0.4478166699409485,0.5283297300338745,-0.08722353726625443,0.9973544478416443,0.9988724589347839
side_person17.mp4,side,399,13300,30.0,848,478,11,left_shoulder,0.4817902147769928,0.5756633281707764,-0.2545405626296997,0.998971700668335,0.9990041851997375
side_person17.mp4,side,399,13300,30.0,848,478,12,right_shoulder,0.47964566946029663,0.5481106638908386,0.05557767301797867,0.9974632859230042,0.9991656541824341
side_person17.mp4,side,399,13300,30.0,848,478,13,left_elbow,0.4012073576450348,0.6076449751853943,-0.3094652593135834,0.9822176694869995,0.9992801547050476
side_person17.mp4,side,399,13300,30.0,848,478,14,right_elbow,0.40874555706977844,0.5744141340255737,0.09824804961681366,0.24357934296131134,0.9990602135658264
side_person17.mp4,side,399,13300,30.0,848,478,15,left_wrist,0.32123440504074097,0.5999018549919128,-0.28048011660575867,0.9832070469856262,0.9971377849578857
side_person17.mp4,side,399,13300,30.0,848,478,16,right_wrist,0.3500516712665558,0.5773425698280334,0.012748912908136845,0.40123480558395386,0.9952168464660645
side_person17.mp4,side,399,13300,30.0,848,478,17,left_pinky,0.3030957579612732,0.594404399394989,-0.32542309165000916,0.9755827784538269,0.9945472478866577
side_person17.mp4,side,399,13300,30.0,848,478,18,right_pinky,0.33494359254837036,0.5707683563232422,0.0040682582184672356,0.4493064284324646,0.9923763871192932
side_person17.mp4,side,399,13300,30.0,848,478,19,left_index,0.307030588388443,0.5847886204719543,-0.3088682293891907,0.9737489223480225,0.9946644306182861
side_person17.mp4,side,399,13300,30.0,848,478,20,right_index,0.3315924406051636,0.5712788701057434,-0.030979055911302567,0.46617743372917175,0.9913452863693237
side_person17.mp4,side,399,13300,30.0,848,478,21,left_thumb,0.31222259998321533,0.5860263705253601,-0.2753658890724182,0.9577480554580688,0.9955611228942871
side_person17.mp4,side,399,13300,30.0,848,478,22,right_thumb,0.3347523808479309,0.5746395587921143,-0.005466185510158539,0.49199169874191284,0.9932181239128113
side_person17.mp4,side,399,13300,30.0,848,478,23,left_hip,0.56342613697052,0.7657445669174194,-0.09826596081256866,0.9993559718132019,0.9997528195381165
side_person17.mp4,side,399,13300,30.0,848,478,24,right_hip,0.5483055710792542,0.7309983968734741,0.09832490980625153,0.9988816976547241,0.9997790455818176
side_person17.mp4,side,399,13300,30.0,848,478,25,left_knee,0.45270660519599915,0.7576485872268677,-0.09493672847747803,0.9197490215301514,0.9989976286888123
side_person17.mp4,side,399,13300,30.0,848,478,26,right_knee,0.45310840010643005,0.7095876932144165,0.1893642693758011,0.2682984173297882,0.9990079998970032
side_person17.mp4,side,399,13300,30.0,848,478,27,left_ankle,0.5008729696273804,0.9038673043251038,0.08187783509492874,0.8865996599197388,0.9979307651519775
side_person17.mp4,side,399,13300,30.0,848,478,28,right_ankle,0.49857768416404724,0.8553503751754761,0.33844777941703796,0.31585341691970825,0.9980601668357849
side_person17.mp4,side,399,13300,30.0,848,478,29,left_heel,0.5168452262878418,0.9234644770622253,0.10171018540859222,0.8698616623878479,0.9980635046958923
side_person17.mp4,side,399,13300,30.0,848,478,30,right_heel,0.5119945406913757,0.871027946472168,0.3540913164615631,0.4780306816101074,0.9981520771980286
side_person17.mp4,side,399,13300,30.0,848,478,31,left_foot_index,0.4629155993461609,0.9292914867401123,0.13255958259105682,0.8430998921394348,0.9971332550048828
side_person17.mp4,side,399,13300,30.0,848,478,32,right_foot_index,0.46652182936668396,0.9015153646469116,0.3795658349990845,0.44982022047042847,0.9974567294120789
side_person17.mp4,side,400,13333,30.0,848,478,0,nose,0.4402235448360443,0.5162020921707153,-0.12444247305393219,0.9986891746520996,0.9984685778617859
side_person17.mp4,side,400,13333,30.0,848,478,1,left_eye_inner,0.44003430008888245,0.4988504648208618,-0.14572857320308685,0.9988953471183777,0.998921275138855
side_person17.mp4,side,400,13333,30.0,848,478,2,left_eye,0.4411805272102356,0.4981151521205902,-0.1457756608724594,0.9989882111549377,0.9990530610084534
side_person17.mp4,side,400,13333,30.0,848,478,3,left_eye_outer,0.44242212176322937,0.4974435865879059,-0.1458657830953598,0.9991981983184814,0.9991751313209534
side_person17.mp4,side,400,13333,30.0,848,478,4,right_eye_inner,0.4393920600414276,0.4980209767818451,-0.11308907717466354,0.9984351992607117,0.9986366629600525
side_person17.mp4,side,400,13333,30.0,848,478,5,right_eye,0.44008660316467285,0.49663734436035156,-0.1131071001291275,0.9984075427055359,0.9985347986221313
side_person17.mp4,side,400,13333,30.0,848,478,6,right_eye_outer,0.4409462511539459,0.4951954782009125,-0.1130976602435112,0.9988024830818176,0.9984739422798157
side_person17.mp4,side,400,13333,30.0,848,478,7,left_ear,0.4563446640968323,0.4956892430782318,-0.1946234405040741,0.9980423450469971,0.9991766810417175
side_person17.mp4,side,400,13333,30.0,848,478,8,right_ear,0.4549793303012848,0.4924934208393097,-0.046772368252277374,0.9985056519508362,0.9984244108200073
side_person17.mp4,side,400,13333,30.0,848,478,9,mouth_left,0.4479144513607025,0.5295630693435669,-0.1395527571439743,0.9979448914527893,0.9989099502563477
side_person17.mp4,side,400,13333,30.0,848,478,10,mouth_right,0.4476351737976074,0.5298957228660583,-0.0965307280421257,0.9973834753036499,0.9987354874610901
side_person17.mp4,side,400,13333,30.0,848,478,11,left_shoulder,0.4813205897808075,0.5781449675559998,-0.26137465238571167,0.9989691972732544,0.9988884329795837
side_person17.mp4,side,400,13333,30.0,848,478,12,right_shoulder,0.4794841706752777,0.5495750308036804,0.05104071646928787,0.9974691271781921,0.9989681243896484
side_person17.mp4,side,400,13333,30.0,848,478,13,left_elbow,0.39983680844306946,0.6118297576904297,-0.31751754879951477,0.9821927547454834,0.9991247057914734
side_person17.mp4,side,400,13333,30.0,848,478,14,right_elbow,0.4086010456085205,0.5790063142776489,0.09214462339878082,0.23634760081768036,0.9987547397613525
side_person17.mp4,side,400,13333,30.0,848,478,15,left_wrist,0.3153563439846039,0.6020421981811523,-0.29238057136535645,0.9834430813789368,0.9963502883911133
side_person17.mp4,side,400,13333,30.0,848,478,16,right_wrist,0.34897199273109436,0.5793073773384094,0.005466431844979525,0.39479610323905945,0.9922141432762146
side_person17.mp4,side,400,13333,30.0,848,478,17,left_pinky,0.2968066334724426,0.5963120460510254,-0.34009045362472534,0.975911557674408,0.9933152794837952
side_person17.mp4,side,400,13333,30.0,848,478,18,right_pinky,0.3336058557033539,0.5727624893188477,-0.0034326245076954365,0.44389140605926514,0.9882558584213257
side_person17.mp4,side,400,13333,30.0,848,478,19,left_index,0.29941102862358093,0.5852991342544556,-0.32272079586982727,0.9741081595420837,0.9934939742088318
side_person17.mp4,side,400,13333,30.0,848,478,20,right_index,0.3305944800376892,0.5724998712539673,-0.03928424417972565,0.4608805775642395,0.9866448044776917
side_person17.mp4,side,400,13333,30.0,848,478,21,left_thumb,0.3045252561569214,0.5868496894836426,-0.2877016067504883,0.9582281112670898,0.9944022297859192
side_person17.mp4,side,400,13333,30.0,848,478,22,right_thumb,0.3332921862602234,0.5755482912063599,-0.013206797651946545,0.48698142170906067,0.9891951084136963
side_person17.mp4,side,400,13333,30.0,848,478,23,left_hip,0.5634261965751648,0.768430233001709,-0.09829769283533096,0.999393880367279,0.9997519850730896
side_person17.mp4,side,400,13333,30.0,848,478,24,right_hip,0.5483036637306213,0.7323926091194153,0.09836138784885406,0.9989373087882996,0.9997879862785339
side_person17.mp4,side,400,13333,30.0,848,478,25,left_knee,0.4527536928653717,0.7594342827796936,-0.09514544904232025,0.9180750250816345,0.9988565444946289
side_person17.mp4,side,400,13333,30.0,848,478,26,right_knee,0.45236411690711975,0.7107816934585571,0.18695864081382751,0.26041534543037415,0.9989646673202515
side_person17.mp4,side,400,13333,30.0,848,478,27,left_ankle,0.500883162021637,0.9038357734680176,0.08872650563716888,0.8782945871353149,0.997988224029541
side_person17.mp4,side,400,13333,30.0,848,478,28,right_ankle,0.4985157549381256,0.8542471528053284,0.3364110291004181,0.3070862889289856,0.9980356097221375
side_person17.mp4,side,400,13333,30.0,848,478,29,left_heel,0.5170384645462036,0.9232727885246277,0.10975214838981628,0.8616029620170593,0.998224675655365
side_person17.mp4,side,400,13333,30.0,848,478,30,right_heel,0.5119863748550415,0.8716530203819275,0.3522331714630127,0.46931830048561096,0.9981499910354614
side_person17.mp4,side,400,13333,30.0,848,478,31,left_foot_index,0.46326184272766113,0.9293078184127808,0.14442715048789978,0.8326598405838013,0.9972526431083679
side_person17.mp4,side,400,13333,30.0,848,478,32,right_foot_index,0.46628764271736145,0.9028902649879456,0.3789423406124115,0.4407261610031128,0.9972289204597473
side_person17.mp4,side,401,13367,30.0,848,478,0,nose,0.4402104616165161,0.5193819999694824,-0.1165391057729721,0.9986611008644104,0.9987180233001709
side_person17.mp4,side,401,13367,30.0,848,478,1,left_eye_inner,0.4400371313095093,0.5004349946975708,-0.13812768459320068,0.9988972544670105,0.9990504384040833
side_person17.mp4,side,401,13367,30.0,848,478,2,left_eye,0.441182941198349,0.4996371865272522,-0.1381717473268509,0.998992919921875,0.99918133020401
side_person17.mp4,side,401,13367,30.0,848,478,3,left_eye_outer,0.4424249529838562,0.4988972842693329,-0.13825644552707672,0.9991991519927979,0.999292254447937
side_person17.mp4,side,401,13367,30.0,848,478,4,right_eye_inner,0.4393952488899231,0.49970120191574097,-0.1057773157954216,0.9984202980995178,0.9987937211990356
side_person17.mp4,side,401,13367,30.0,848,478,5,right_eye,0.44010481238365173,0.4983234107494354,-0.10579656809568405,0.998390793800354,0.998717188835144
side_person17.mp4,side,401,13367,30.0,848,478,6,right_eye_outer,0.4410213232040405,0.49672433733940125,-0.10578583180904388,0.9987853765487671,0.9986867308616638
side_person17.mp4,side,401,13367,30.0,848,478,7,left_ear,0.45643535256385803,0.4970448315143585,-0.18826016783714294,0.9980650544166565,0.9993104934692383
side_person17.mp4,side,401,13367,30.0,848,478,8,right_ear,0.4551906883716583,0.4940504729747772,-0.04145431146025658,0.9985074996948242,0.9986680746078491
side_person17.mp4,side,401,13367,30.0,848,478,9,mouth_left,0.447875440120697,0.532233476638794,-0.13207437098026276,0.9979292750358582,0.9991806149482727
side_person17.mp4,side,401,13367,30.0,848,478,10,mouth_right,0.4476381838321686,0.5325167775154114,-0.08935941755771637,0.9974179267883301,0.9990498423576355
side_person17.mp4,side,401,13367,30.0,848,478,11,left_shoulder,0.48134341835975647,0.5783087015151978,-0.25359123945236206,0.9989909529685974,0.9992634654045105
side_person17.mp4,side,401,13367,30.0,848,478,12,right_shoulder,0.47989964485168457,0.5508085489273071,0.05440893396735191,0.9975271821022034,0.9993435740470886
side_person17.mp4,side,401,13367,30.0,848,478,13,left_elbow,0.39938926696777344,0.6123172640800476,-0.3094714283943176,0.9823778867721558,0.999417781829834
side_person17.mp4,side,401,13367,30.0,848,478,14,right_elbow,0.4085681438446045,0.5786657333374023,0.10068365186452866,0.23619221150875092,0.9992852807044983
side_person17.mp4,side,401,13367,30.0,848,478,15,left_wrist,0.31661778688430786,0.6044090986251831,-0.28781646490097046,0.983738899230957,0.9974710941314697
side_person17.mp4,side,401,13367,30.0,848,478,16,right_wrist,0.34899067878723145,0.5801011919975281,0.017079195007681847,0.40235283970832825,0.9961579442024231
side_person17.mp4,side,401,13367,30.0,848,478,17,left_pinky,0.2977190315723419,0.5979052782058716,-0.3351109027862549,0.9762744307518005,0.995154857635498
side_person17.mp4,side,401,13367,30.0,848,478,18,right_pinky,0.3338249921798706,0.5720927715301514,0.009674514643847942,0.4516139626502991,0.9937574863433838
side_person17.mp4,side,401,13367,30.0,848,478,19,left_index,0.2997491657733917,0.5863453149795532,-0.31808575987815857,0.9744763970375061,0.9951983094215393
side_person17.mp4,side,401,13367,30.0,848,478,20,right_index,0.33072733879089355,0.5718664526939392,-0.025881875306367874,0.4686991274356842,0.9929748773574829
side_person17.mp4,side,401,13367,30.0,848,478,21,left_thumb,0.3052739202976227,0.5885993838310242,-0.2834395468235016,0.9587817788124084,0.9960230588912964
side_person17.mp4,side,401,13367,30.0,848,478,22,right_thumb,0.3336979150772095,0.5751308798789978,-0.001189575414173305,0.4942775368690491,0.9945808053016663
side_person17.mp4,side,401,13367,30.0,848,478,23,left_hip,0.5633761882781982,0.7709823846817017,-0.09783761948347092,0.9994269609451294,0.999790370464325
side_person17.mp4,side,401,13367,30.0,848,478,24,right_hip,0.5486679673194885,0.7367976903915405,0.0979040339589119,0.9989838004112244,0.9998146891593933
side_person17.mp4,side,401,13367,30.0,848,478,25,left_knee,0.4527098834514618,0.7593211531639099,-0.09521251171827316,0.9161251783370972,0.9989223480224609
side_person17.mp4,side,401,13367,30.0,848,478,26,right_knee,0.45240655541419983,0.7108760476112366,0.19066977500915527,0.2501848042011261,0.9990344047546387
side_person17.mp4,side,401,13367,30.0,848,478,27,left_ankle,0.5008810758590698,0.9036110639572144,0.08715036511421204,0.8702606558799744,0.997886598110199
side_person17.mp4,side,401,13367,30.0,848,478,28,right_ankle,0.4981195330619812,0.8532289266586304,0.3365565836429596,0.29645419120788574,0.9979842901229858
side_person17.mp4,side,401,13367,30.0,848,478,29,left_heel,0.5165419578552246,0.9231876730918884,0.10784602910280228,0.8544281125068665,0.9980642199516296
side_person17.mp4,side,401,13367,30.0,848,478,30,right_heel,0.5119792819023132,0.8719566464424133,0.3518846035003662,0.4592199921607971,0.9981107711791992
side_person17.mp4,side,401,13367,30.0,848,478,31,left_foot_index,0.46335670351982117,0.9292865991592407,0.13990524411201477,0.8225972056388855,0.9973033666610718
side_person17.mp4,side,401,13367,30.0,848,478,32,right_foot_index,0.46627357602119446,0.9018571376800537,0.3784916400909424,0.4297504723072052,0.9973607659339905
side_person17.mp4,side,402,13400,30.0,848,478,0,nose,0.44021350145339966,0.5205077528953552,-0.12155544757843018,0.9985553622245789,0.9985301494598389
side_person17.mp4,side,402,13400,30.0,848,478,1,left_eye_inner,0.4400353729724884,0.5017158389091492,-0.14311914145946503,0.9988366365432739,0.9988853335380554
side_person17.mp4,side,402,13400,30.0,848,478,2,left_eye,0.44118475914001465,0.5009381771087646,-0.14316071569919586,0.9989371299743652,0.9990142583847046
side_person17.mp4,side,402,13400,30.0,848,478,3,left_eye_outer,0.44242778420448303,0.5002027153968811,-0.14324049651622772,0.9991531372070312,0.9991324543952942
side_person17.mp4,side,402,13400,30.0,848,478,4,right_eye_inner,0.4393548369407654,0.5009167790412903,-0.11180629581212997,0.9983190894126892,0.9986844658851624
side_person17.mp4,side,402,13400,30.0,848,478,5,right_eye,0.44003239274024963,0.49949824810028076,-0.11182907223701477,0.998282253742218,0.9986396431922913
side_person17.mp4,side,402,13400,30.0,848,478,6,right_eye_outer,0.44089728593826294,0.497970849275589,-0.111821249127388,0.9987022280693054,0.998638927936554
side_person17.mp4,side,402,13400,30.0,848,478,7,left_ear,0.4564121961593628,0.4976963996887207,-0.193503737449646,0.9979678392410278,0.9991088509559631
side_person17.mp4,side,402,13400,30.0,848,478,8,right_ear,0.4549790620803833,0.4949601888656616,-0.05120706558227539,0.9984374046325684,0.9986369013786316
side_person17.mp4,side,402,13400,30.0,848,478,9,mouth_left,0.4478563368320465,0.5328790545463562,-0.136984184384346,0.9978054165840149,0.9990243911743164
side_person17.mp4,side,402,13400,30.0,848,478,10,mouth_right,0.4475192427635193,0.53309166431427,-0.0955963060259819,0.997343122959137,0.9989795088768005
side_person17.mp4,side,402,13400,30.0,848,478,11,left_shoulder,0.48120516538619995,0.5774240493774414,-0.2579130530357361,0.999005138874054,0.9990091323852539
side_person17.mp4,side,402,13400,30.0,848,478,12,right_shoulder,0.4797937273979187,0.5498767495155334,0.04705318436026573,0.997593879699707,0.9993902444839478
side_person17.mp4,side,402,13400,30.0,848,478,13,left_elbow,0.3993886411190033,0.6115810871124268,-0.3144000172615051,0.9827002286911011,0.9992616772651672
side_person17.mp4,side,402,13400,30.0,848,478,14,right_elbow,0.40869084000587463,0.5775308012962341,0.09993400424718857,0.23904113471508026,0.9993732571601868
side_person17.mp4,side,402,13400,30.0,848,478,15,left_wrist,0.3170349895954132,0.6044868230819702,-0.29108691215515137,0.9839068651199341,0.9966983199119568
side_person17.mp4,side,402,13400,30.0,848,478,16,right_wrist,0.35106295347213745,0.5799965858459473,0.019311262294650078,0.41367384791374207,0.9968222379684448
side_person17.mp4,side,402,13400,30.0,848,478,17,left_pinky,0.29785558581352234,0.5980700254440308,-0.3374924659729004,0.9764041900634766,0.9940460920333862
side_person17.mp4,side,402,13400,30.0,848,478,18,right_pinky,0.33614078164100647,0.5729640126228333,0.012660423293709755,0.4625270366668701,0.9948680400848389
side_person17.mp4,side,402,13400,30.0,848,478,19,left_index,0.2999691963195801,0.5872526168823242,-0.32055947184562683,0.974619448184967,0.9941266775131226
side_person17.mp4,side,402,13400,30.0,848,478,20,right_index,0.3325476348400116,0.5731603503227234,-0.022677646949887276,0.4797334372997284,0.9943273663520813
side_person17.mp4,side,402,13400,30.0,848,478,21,left_thumb,0.30549100041389465,0.5894528031349182,-0.2865287661552429,0.9589228630065918,0.9950060248374939
side_person17.mp4,side,402,13400,30.0,848,478,22,right_thumb,0.3354451656341553,0.5761831402778625,0.0014417155180126429,0.5046694278717041,0.9955999851226807
side_person17.mp4,side,402,13400,30.0,848,478,23,left_hip,0.5631862878799438,0.7698737978935242,-0.09791340678930283,0.9994522333145142,0.999716579914093
side_person17.mp4,side,402,13400,30.0,848,478,24,right_hip,0.5482451319694519,0.7351983189582825,0.09798149764537811,0.9990148544311523,0.9997922778129578
side_person17.mp4,side,402,13400,30.0,848,478,25,left_knee,0.45224064588546753,0.7606120705604553,-0.09393110871315002,0.9136806130409241,0.9987080097198486
side_person17.mp4,side,402,13400,30.0,848,478,26,right_knee,0.45198044180870056,0.7119298577308655,0.19125698506832123,0.24338196218013763,0.9989981055259705
side_person17.mp4,side,402,13400,30.0,848,478,27,left_ankle,0.5008835792541504,0.9029837250709534,0.08971946686506271,0.8628864288330078,0.997800886631012
side_person17.mp4,side,402,13400,30.0,848,478,28,right_ankle,0.4974157214164734,0.8522096872329712,0.34235382080078125,0.28820011019706726,0.9981762170791626
side_person17.mp4,side,402,13400,30.0,848,478,29,left_heel,0.5162716507911682,0.9227897524833679,0.11033239960670471,0.8473616242408752,0.9980707764625549
side_person17.mp4,side,402,13400,30.0,848,478,30,right_heel,0.5119152069091797,0.8721739053726196,0.3582335412502289,0.45173928141593933,0.9983150959014893
side_person17.mp4,side,402,13400,30.0,848,478,31,left_foot_index,0.4635910391807556,0.9291386008262634,0.14436259865760803,0.8140433430671692,0.9974806904792786
side_person17.mp4,side,402,13400,30.0,848,478,32,right_foot_index,0.4658771753311157,0.9013691544532776,0.3871878981590271,0.42083442211151123,0.9978016018867493
side_person17.mp4,side,403,13433,30.0,848,478,0,nose,0.4401230812072754,0.5201214551925659,-0.1204206719994545,0.9985576868057251,0.9985590577125549
side_person17.mp4,side,403,13433,30.0,848,478,1,left_eye_inner,0.439852237701416,0.5014816522598267,-0.14208894968032837,0.9988527297973633,0.9989257454872131
side_person17.mp4,side,403,13433,30.0,848,478,2,left_eye,0.44098901748657227,0.5006919503211975,-0.14213097095489502,0.9989532828330994,0.9990485310554504
side_person17.mp4,side,403,13433,30.0,848,478,3,left_eye_outer,0.4422081410884857,0.49992507696151733,-0.1422111839056015,0.9991636872291565,0.999158501625061
side_person17.mp4,side,403,13433,30.0,848,478,4,right_eye_inner,0.43917131423950195,0.5007851123809814,-0.10992062091827393,0.9983324408531189,0.9986987113952637
side_person17.mp4,side,403,13433,30.0,848,478,5,right_eye,0.4398441016674042,0.4994368255138397,-0.10994017124176025,0.9982964992523193,0.9986237287521362
side_person17.mp4,side,403,13433,30.0,848,478,6,right_eye_outer,0.440683513879776,0.4979824423789978,-0.10993216186761856,0.9987102746963501,0.9985853433609009
side_person17.mp4,side,403,13433,30.0,848,478,7,left_ear,0.4561014473438263,0.49743372201919556,-0.19268767535686493,0.9980059266090393,0.9991626739501953
side_person17.mp4,side,403,13433,30.0,848,478,8,right_ear,0.45471900701522827,0.49486657977104187,-0.046314697712659836,0.9984560012817383,0.9985456466674805
side_person17.mp4,side,403,13433,30.0,848,478,9,mouth_left,0.4477528929710388,0.5325683951377869,-0.13607023656368256,0.9978010654449463,0.998992383480072
side_person17.mp4,side,403,13433,30.0,848,478,10,mouth_right,0.4474051594734192,0.5329472422599792,-0.09367852658033371,0.997359037399292,0.9988512992858887
side_person17.mp4,side,403,13433,30.0,848,478,11,left_shoulder,0.48126137256622314,0.5773202180862427,-0.2581052780151367,0.999003529548645,0.9987937211990356
side_person17.mp4,side,403,13433,30.0,848,478,12,right_shoulder,0.4797983765602112,0.5504359602928162,0.05373867601156235,0.9976184368133545,0.999024510383606
side_person17.mp4,side,403,13433,30.0,848,478,13,left_elbow,0.39945095777511597,0.611897885799408,-0.3145701587200165,0.9824874401092529,0.9988540410995483
side_person17.mp4,side,403,13433,30.0,848,478,14,right_elbow,0.4088253080844879,0.579529881477356,0.1024392768740654,0.23441645503044128,0.9988327622413635
side_person17.mp4,side,403,13433,30.0,848,478,15,left_wrist,0.3174344599246979,0.604001522064209,-0.28996938467025757,0.9839334487915039,0.9955663084983826
side_person17.mp4,side,403,13433,30.0,848,478,16,right_wrist,0.3507881462574005,0.5807682871818542,0.020573711022734642,0.4110693037509918,0.9936333894729614
side_person17.mp4,side,403,13433,30.0,848,478,17,left_pinky,0.29642829298973083,0.5987141728401184,-0.33643561601638794,0.9764496684074402,0.992266833782196
side_person17.mp4,side,403,13433,30.0,848,478,18,right_pinky,0.3349916636943817,0.5736478567123413,0.013305529952049255,0.46106114983558655,0.9901440143585205
side_person17.mp4,side,403,13433,30.0,848,478,19,left_index,0.2993656098842621,0.5872356295585632,-0.3195367753505707,0.9747005105018616,0.9925453066825867
side_person17.mp4,side,403,13433,30.0,848,478,20,right_index,0.33158764243125916,0.5733709335327148,-0.02158435992896557,0.4784635603427887,0.9891245365142822
side_person17.mp4,side,403,13433,30.0,848,478,21,left_thumb,0.30656254291534424,0.588782787322998,-0.28538545966148376,0.9589980244636536,0.9935339689254761
side_person17.mp4,side,403,13433,30.0,848,478,22,right_thumb,0.3346612751483917,0.5766658782958984,0.002593855606392026,0.5033882856369019,0.9912245869636536
side_person17.mp4,side,403,13433,30.0,848,478,23,left_hip,0.5630437135696411,0.7700895667076111,-0.09897784143686295,0.9994673132896423,0.9995842576026917
side_person17.mp4,side,403,13433,30.0,848,478,24,right_hip,0.5480437874794006,0.7358137369155884,0.09904453903436661,0.9990407228469849,0.9996870756149292
side_person17.mp4,side,403,13433,30.0,848,478,25,left_knee,0.452245831489563,0.7613128423690796,-0.0946502611041069,0.9130045175552368,0.9984832406044006
side_person17.mp4,side,403,13433,30.0,848,478,26,right_knee,0.4518403112888336,0.7157535552978516,0.19035972654819489,0.2386094182729721,0.9987326264381409
side_person17.mp4,side,403,13433,30.0,848,478,27,left_ankle,0.5010059475898743,0.9029783010482788,0.09124186635017395,0.8587439060211182,0.9971747398376465
side_person17.mp4,side,403,13433,30.0,848,478,28,right_ankle,0.4974387586116791,0.8528624176979065,0.34157365560531616,0.28230419754981995,0.9974875450134277
side_person17.mp4,side,403,13433,30.0,848,478,29,left_heel,0.5165492296218872,0.9227921962738037,0.1125088632106781,0.8433317542076111,0.9975550770759583
side_person17.mp4,side,403,13433,30.0,848,478,30,right_heel,0.5121040344238281,0.8722671270370483,0.35680678486824036,0.4459737241268158,0.9976159334182739
side_person17.mp4,side,403,13433,30.0,848,478,31,left_foot_index,0.46415644884109497,0.9291185140609741,0.14855562150478363,0.8083998560905457,0.9964374303817749
side_person17.mp4,side,403,13433,30.0,848,478,32,right_foot_index,0.4657563865184784,0.903656005859375,0.38115912675857544,0.41435304284095764,0.9965692758560181
side_person17.mp4,side,404,13467,30.0,848,478,0,nose,0.44002607464790344,0.5190528035163879,-0.11488314718008041,0.998542845249176,0.9987494945526123
side_person17.mp4,side,404,13467,30.0,848,478,1,left_eye_inner,0.4397452473640442,0.5006216168403625,-0.1366056203842163,0.9988536238670349,0.9990211725234985
side_person17.mp4,side,404,13467,30.0,848,478,2,left_eye,0.4408942461013794,0.49981629848480225,-0.1366475373506546,0.9989558458328247,0.9991206526756287
side_person17.mp4,side,404,13467,30.0,848,478,3,left_eye_outer,0.4421292841434479,0.49901890754699707,-0.1367238312959671,0.9991642236709595,0.9992119073867798
side_person17.mp4,side,404,13467,30.0,848,478,4,right_eye_inner,0.439032644033432,0.49986758828163147,-0.10422035306692123,0.9983254671096802,0.9988448619842529
side_person17.mp4,side,404,13467,30.0,848,478,5,right_eye,0.43969500064849854,0.4984830319881439,-0.10424122959375381,0.9982920289039612,0.9987894892692566
side_person17.mp4,side,404,13467,30.0,848,478,6,right_eye_outer,0.4405212700366974,0.4970020651817322,-0.1042337492108345,0.9987050294876099,0.9987587928771973
side_person17.mp4,side,404,13467,30.0,848,478,7,left_ear,0.4560631513595581,0.49644556641578674,-0.18790417909622192,0.9980069398880005,0.999173104763031
side_person17.mp4,side,404,13467,30.0,848,478,8,right_ear,0.45466503500938416,0.4937984049320221,-0.04120127111673355,0.9984540343284607,0.9986861348152161
side_person17.mp4,side,404,13467,30.0,848,478,9,mouth_left,0.44772085547447205,0.5317670702934265,-0.13102534413337708,0.9977817535400391,0.9990899562835693
side_person17.mp4,side,404,13467,30.0,848,478,10,mouth_right,0.4473554491996765,0.5321664810180664,-0.08837295323610306,0.9973477721214294,0.9989846348762512
side_person17.mp4,side,404,13467,30.0,848,478,11,left_shoulder,0.4820871949195862,0.5764720439910889,-0.2556200325489044,0.9989888668060303,0.9987302422523499
side_person17.mp4,side,404,13467,30.0,848,478,12,right_shoulder,0.4798122048377991,0.5497644543647766,0.05696417763829231,0.997616171836853,0.9990636706352234
side_person17.mp4,side,404,13467,30.0,848,478,13,left_elbow,0.39985355734825134,0.6122444868087769,-0.31323885917663574,0.9822393655776978,0.9988886713981628
side_person17.mp4,side,404,13467,30.0,848,478,14,right_elbow,0.408843994140625,0.579494059085846,0.10339244455099106,0.23283161222934723,0.9989851117134094
side_person17.mp4,side,404,13467,30.0,848,478,15,left_wrist,0.3175658583641052,0.6036267876625061,-0.2891786992549896,0.983889102935791,0.9956113696098328
side_person17.mp4,side,404,13467,30.0,848,478,16,right_wrist,0.35004258155822754,0.5809406042098999,0.021363206207752228,0.41188594698905945,0.9947216510772705
side_person17.mp4,side,404,13467,30.0,848,478,17,left_pinky,0.297029972076416,0.5979870557785034,-0.33549433946609497,0.9763648509979248,0.9923875331878662
side_person17.mp4,side,404,13467,30.0,848,478,18,right_pinky,0.3333286643028259,0.5736180543899536,0.014124400913715363,0.46195876598358154,0.9917900562286377
side_person17.mp4,side,404,13467,30.0,848,478,19,left_index,0.2994200885295868,0.5873597860336304,-0.3182976245880127,0.9746243953704834,0.992655873298645
side_person17.mp4,side,404,13467,30.0,848,478,20,right_index,0.33009809255599976,0.5734046697616577,-0.02065153978765011,0.47952768206596375,0.9908802509307861
side_person17.mp4,side,404,13467,30.0,848,478,21,left_thumb,0.3072435259819031,0.5886415243148804,-0.28453329205513,0.9588289856910706,0.9936357736587524
side_person17.mp4,side,404,13467,30.0,848,478,22,right_thumb,0.33308377861976624,0.5766357183456421,0.0033359131775796413,0.5045764446258545,0.9927533268928528
side_person17.mp4,side,404,13467,30.0,848,478,23,left_hip,0.562812328338623,0.7688727974891663,-0.09900851547718048,0.9994788765907288,0.9995893836021423
side_person17.mp4,side,404,13467,30.0,848,478,24,right_hip,0.5474594235420227,0.7347891330718994,0.09907448291778564,0.999054491519928,0.9997029900550842
side_person17.mp4,side,404,13467,30.0,848,478,25,left_knee,0.452263206243515,0.7611632943153381,-0.09797196090221405,0.9113958477973938,0.9986623525619507
side_person17.mp4,side,404,13467,30.0,848,478,26,right_knee,0.4514615833759308,0.7157145738601685,0.18677648901939392,0.2333368957042694,0.9989073276519775
side_person17.mp4,side,404,13467,30.0,848,478,27,left_ankle,0.5011497139930725,0.9026837348937988,0.08715113997459412,0.8546987175941467,0.9973691701889038
side_person17.mp4,side,404,13467,30.0,848,478,28,right_ankle,0.4973790943622589,0.8529675602912903,0.3365306556224823,0.2757437229156494,0.9979534149169922
side_person17.mp4,side,404,13467,30.0,848,478,29,left_heel,0.5165513753890991,0.9220252633094788,0.10816620290279388,0.8393968939781189,0.9976745247840881
side_person17.mp4,side,404,13467,30.0,848,478,30,right_heel,0.5121002793312073,0.8727824091911316,0.3519290089607239,0.43988457322120667,0.9980565905570984
side_person17.mp4,side,404,13467,30.0,848,478,31,left_foot_index,0.464239239692688,0.9290611147880554,0.14532771706581116,0.803044319152832,0.9967652559280396
side_person17.mp4,side,404,13467,30.0,848,478,32,right_foot_index,0.46558505296707153,0.9037036895751953,0.3796621859073639,0.4075927734375,0.9973070621490479
side_person17.mp4,side,405,13500,30.0,848,478,0,nose,0.44002604484558105,0.5189486742019653,-0.11172898858785629,0.9984875321388245,0.9977251887321472
side_person17.mp4,side,405,13500,30.0,848,478,1,left_eye_inner,0.4397335648536682,0.5004315376281738,-0.13346382975578308,0.9988144636154175,0.9982537627220154
side_person17.mp4,side,405,13500,30.0,848,478,2,left_eye,0.4408782720565796,0.49968311190605164,-0.133500337600708,0.9989218711853027,0.9984272718429565
side_person17.mp4,side,405,13500,30.0,848,478,3,left_eye_outer,0.4421117305755615,0.4989440441131592,-0.13356830179691315,0.9991359710693359,0.9985887408256531
side_person17.mp4,side,405,13500,30.0,848,478,4,right_eye_inner,0.43902871012687683,0.49960681796073914,-0.10086197406053543,0.9982699751853943,0.9979645013809204
side_person17.mp4,side,405,13500,30.0,848,478,5,right_eye,0.4396938681602478,0.49822545051574707,-0.10087495297193527,0.9982377290725708,0.9978725910186768
side_person17.mp4,side,405,13500,30.0,848,478,6,right_eye_outer,0.4405231177806854,0.49678272008895874,-0.10086749494075775,0.9986625909805298,0.9978356957435608
side_person17.mp4,side,405,13500,30.0,848,478,7,left_ear,0.4560626149177551,0.4959980845451355,-0.18409954011440277,0.9979438781738281,0.9984887838363647
side_person17.mp4,side,405,13500,30.0,848,478,8,right_ear,0.4546849727630615,0.4934191107749939,-0.0368586964905262,0.9984119534492493,0.9976717829704285
side_person17.mp4,side,405,13500,30.0,848,478,9,mouth_left,0.4477454125881195,0.5312981009483337,-0.1276930421590805,0.9976741075515747,0.9982755184173584
side_person17.mp4,side,405,13500,30.0,848,478,10,mouth_right,0.4473828673362732,0.5316858887672424,-0.08487801253795624,0.9972460269927979,0.9981241822242737
side_person17.mp4,side,405,13500,30.0,848,478,11,left_shoulder,0.4817311763763428,0.5759562849998474,-0.25501322746276855,0.9989469647407532,0.9979797005653381
side_person17.mp4,side,405,13500,30.0,848,478,12,right_shoulder,0.4798632860183716,0.549253523349762,0.06326852738857269,0.9975640177726746,0.9983991980552673
side_person17.mp4,side,405,13500,30.0,848,478,13,left_elbow,0.3995976746082306,0.6120561361312866,-0.3133409023284912,0.9819559454917908,0.9985707998275757
side_person17.mp4,side,405,13500,30.0,848,478,14,right_elbow,0.4090500473976135,0.5789619088172913,0.10768162459135056,0.22664229571819305,0.9984079003334045
side_person17.mp4,side,405,13500,30.0,848,478,15,left_wrist,0.3169252574443817,0.6028745174407959,-0.2875247001647949,0.9838777780532837,0.9943918585777283
side_person17.mp4,side,405,13500,30.0,848,478,16,right_wrist,0.3499993681907654,0.5806641578674316,0.02674349583685398,0.40483853220939636,0.9922695159912109
side_person17.mp4,side,405,13500,30.0,848,478,17,left_pinky,0.29672208428382874,0.5972791910171509,-0.3329971730709076,0.976392388343811,0.990540623664856
side_person17.mp4,side,405,13500,30.0,848,478,18,right_pinky,0.3333103358745575,0.5733502507209778,0.020390553399920464,0.4556361138820648,0.9887199997901917
side_person17.mp4,side,405,13500,30.0,848,478,19,left_index,0.2995047867298126,0.5866514444351196,-0.3147082030773163,0.9746652841567993,0.990408182144165
side_person17.mp4,side,405,13500,30.0,848,478,20,right_index,0.33010444045066833,0.5731527805328369,-0.01344740018248558,0.47291430830955505,0.9873735308647156
side_person17.mp4,side,405,13500,30.0,848,478,21,left_thumb,0.30574560165405273,0.587952733039856,-0.28232282400131226,0.9588328003883362,0.991620659828186
side_person17.mp4,side,405,13500,30.0,848,478,22,right_thumb,0.33308061957359314,0.5763549208641052,0.009025807492434978,0.4979116916656494,0.9895533323287964
side_person17.mp4,side,405,13500,30.0,848,478,23,left_hip,0.5627368688583374,0.767875075340271,-0.09915698319673538,0.9994664192199707,0.9991180300712585
side_person17.mp4,side,405,13500,30.0,848,478,24,right_hip,0.547385036945343,0.7345990538597107,0.09921881556510925,0.9990349411964417,0.9993294477462769
side_person17.mp4,side,405,13500,30.0,848,478,25,left_knee,0.45216861367225647,0.7610816359519958,-0.0993567556142807,0.911572277545929,0.9980892539024353
side_person17.mp4,side,405,13500,30.0,848,478,26,right_knee,0.45145750045776367,0.715683102607727,0.176102876663208,0.2307702749967575,0.99824059009552
side_person17.mp4,side,405,13500,30.0,848,478,27,left_ankle,0.5010117888450623,0.9027385115623474,0.08306242525577545,0.853982150554657,0.9970773458480835
side_person17.mp4,side,405,13500,30.0,848,478,28,right_ankle,0.4976085424423218,0.8545780777931213,0.3089123070240021,0.27427759766578674,0.9971838593482971
side_person17.mp4,side,405,13500,30.0,848,478,29,left_heel,0.5165567398071289,0.9220554828643799,0.10379920154809952,0.8390210866928101,0.9974448680877686
side_person17.mp4,side,405,13500,30.0,848,478,30,right_heel,0.5121230483055115,0.8729189038276672,0.32273462414741516,0.4385400116443634,0.9973579049110413
side_person17.mp4,side,405,13500,30.0,848,478,31,left_foot_index,0.46425527334213257,0.9293116927146912,0.1407845914363861,0.801546573638916,0.9963411688804626
side_person17.mp4,side,405,13500,30.0,848,478,32,right_foot_index,0.4654744267463684,0.9075953960418701,0.34632042050361633,0.4059414565563202,0.9963656663894653
side_person17.mp4,side,406,13533,30.0,848,478,0,nose,0.43918293714523315,0.5082420110702515,-0.10452893376350403,0.9985071420669556,0.9984847903251648
side_person17.mp4,side,406,13533,30.0,848,478,1,left_eye_inner,0.43917545676231384,0.49126526713371277,-0.12682190537452698,0.9988383054733276,0.9988429546356201
side_person17.mp4,side,406,13533,30.0,848,478,2,left_eye,0.44032731652259827,0.49063414335250854,-0.12686453759670258,0.9989464282989502,0.9989688396453857
side_person17.mp4,side,406,13533,30.0,848,478,3,left_eye_outer,0.4415779411792755,0.49001386761665344,-0.12693482637405396,0.9991565346717834,0.9990870952606201
side_person17.mp4,side,406,13533,30.0,848,478,4,right_eye_inner,0.43861350417137146,0.4902634918689728,-0.09323187917470932,0.9983119964599609,0.9986394047737122
side_person17.mp4,side,406,13533,30.0,848,478,5,right_eye,0.4393517076969147,0.48888683319091797,-0.09323738515377045,0.998282790184021,0.9985849857330322
side_person17.mp4,side,406,13533,30.0,848,478,6,right_eye_outer,0.44024911522865295,0.4874189794063568,-0.09322994947433472,0.9986945986747742,0.9985697269439697
side_person17.mp4,side,406,13533,30.0,848,478,7,left_ear,0.45569130778312683,0.4877023696899414,-0.17847898602485657,0.9980018138885498,0.9991263747215271
side_person17.mp4,side,406,13533,30.0,848,478,8,right_ear,0.4543807804584503,0.483964204788208,-0.027204062789678574,0.9984574913978577,0.9986172914505005
side_person17.mp4,side,406,13533,30.0,848,478,9,mouth_left,0.4469826817512512,0.5217673778533936,-0.12084262818098068,0.9977268576622009,0.9990726709365845
side_person17.mp4,side,406,13533,30.0,848,478,10,mouth_right,0.4467359185218811,0.5216452479362488,-0.07683971524238586,0.9973035454750061,0.9989327788352966
side_person17.mp4,side,406,13533,30.0,848,478,11,left_shoulder,0.4816479980945587,0.569930911064148,-0.2531762719154358,0.998965322971344,0.9989519119262695
side_person17.mp4,side,406,13533,30.0,848,478,12,right_shoulder,0.479946106672287,0.544604480266571,0.07768134027719498,0.9976020455360413,0.9989879727363586
side_person17.mp4,side,406,13533,30.0,848,478,13,left_elbow,0.3996849060058594,0.6077496409416199,-0.31031879782676697,0.9814094305038452,0.9988657236099243
side_person17.mp4,side,406,13533,30.0,848,478,14,right_elbow,0.40989819169044495,0.5788736939430237,0.12262452393770218,0.21744748950004578,0.998553454875946
side_person17.mp4,side,406,13533,30.0,848,478,15,left_wrist,0.31725797057151794,0.598808228969574,-0.27792224287986755,0.9838477969169617,0.995287299156189
side_person17.mp4,side,406,13533,30.0,848,478,16,right_wrist,0.3506431579589844,0.5804309844970703,0.04231717437505722,0.39160391688346863,0.9927164912223816
side_person17.mp4,side,406,13533,30.0,848,478,17,left_pinky,0.2965922951698303,0.5955471396446228,-0.3227807283401489,0.9765182137489319,0.9920852780342102
side_person17.mp4,side,406,13533,30.0,848,478,18,right_pinky,0.33580300211906433,0.5728895664215088,0.035276178270578384,0.44438233971595764,0.9898177981376648
side_person17.mp4,side,406,13533,30.0,848,478,19,left_index,0.2997863292694092,0.5847787857055664,-0.30575600266456604,0.9748147130012512,0.9923180341720581
side_person17.mp4,side,406,13533,30.0,848,478,20,right_index,0.332625150680542,0.5724035501480103,0.0029376475140452385,0.46150198578834534,0.9890636801719666
side_person17.mp4,side,406,13533,30.0,848,478,21,left_thumb,0.3060338795185089,0.5851386785507202,-0.27301815152168274,0.959056556224823,0.993354082107544
side_person17.mp4,side,406,13533,30.0,848,478,22,right_thumb,0.3351793885231018,0.5755758285522461,0.0248842965811491,0.4864117205142975,0.9908077120780945
side_person17.mp4,side,406,13533,30.0,848,478,23,left_hip,0.5630438327789307,0.7590480446815491,-0.10092669725418091,0.999480664730072,0.9995587468147278
side_person17.mp4,side,406,13533,30.0,848,478,24,right_hip,0.5474206209182739,0.7267404198646545,0.10098080337047577,0.9990553259849548,0.999607503414154
side_person17.mp4,side,406,13533,30.0,848,478,25,left_knee,0.45232492685317993,0.761002779006958,-0.09823902696371078,0.9111356735229492,0.9989583492279053
side_person17.mp4,side,406,13533,30.0,848,478,26,right_knee,0.4514645040035248,0.713818371295929,0.18073803186416626,0.22849181294441223,0.998819887638092
side_person17.mp4,side,406,13533,30.0,848,478,27,left_ankle,0.5011196732521057,0.9027406573295593,0.08547641336917877,0.8530427813529968,0.9976508021354675
side_person17.mp4,side,406,13533,30.0,848,478,28,right_ankle,0.49877581000328064,0.8545960187911987,0.312685489654541,0.27274826169013977,0.9979739785194397
side_person17.mp4,side,406,13533,30.0,848,478,29,left_heel,0.5167807936668396,0.9221343994140625,0.10637088865041733,0.8379413485527039,0.9978342652320862
side_person17.mp4,side,406,13533,30.0,848,478,30,right_heel,0.5132765769958496,0.8730425238609314,0.32617077231407166,0.43649038672447205,0.9980862140655518
side_person17.mp4,side,406,13533,30.0,848,478,31,left_foot_index,0.463832825422287,0.9292712211608887,0.1406819224357605,0.8009283542633057,0.996842622756958
side_person17.mp4,side,406,13533,30.0,848,478,32,right_foot_index,0.46578696370124817,0.9075239300727844,0.3502597510814667,0.40571534633636475,0.997385561466217
side_person17.mp4,side,407,13567,30.0,848,478,0,nose,0.4388448894023895,0.4972255825996399,-0.11626478284597397,0.9985302686691284,0.9982799291610718
side_person17.mp4,side,407,13567,30.0,848,478,1,left_eye_inner,0.43902885913848877,0.4813774824142456,-0.13881933689117432,0.9988545179367065,0.9987142086029053
side_person17.mp4,side,407,13567,30.0,848,478,2,left_eye,0.4401533603668213,0.48067131638526917,-0.13885414600372314,0.998960018157959,0.9988484382629395
side_person17.mp4,side,407,13567,30.0,848,478,3,left_eye_outer,0.4413544237613678,0.480007141828537,-0.13892097771167755,0.9991720914840698,0.9989834427833557
side_person17.mp4,side,407,13567,30.0,848,478,4,right_eye_inner,0.43854573369026184,0.4802824854850769,-0.10561799257993698,0.9983460307121277,0.998472273349762
side_person17.mp4,side,407,13567,30.0,848,478,5,right_eye,0.43930569291114807,0.47884631156921387,-0.10563559830188751,0.9983149766921997,0.9984082579612732
side_person17.mp4,side,407,13567,30.0,848,478,6,right_eye_outer,0.44023552536964417,0.4771580100059509,-0.10563736408948898,0.9987197518348694,0.9983951449394226
side_person17.mp4,side,407,13567,30.0,848,478,7,left_ear,0.4554034471511841,0.47711020708084106,-0.1881985366344452,0.9980238676071167,0.9989424347877502
side_person17.mp4,side,407,13567,30.0,848,478,8,right_ear,0.4542233347892761,0.47331058979034424,-0.039039939641952515,0.9984833598136902,0.9983717799186707
side_person17.mp4,side,407,13567,30.0,848,478,9,mouth_left,0.44679325819015503,0.5112935304641724,-0.13146045804023743,0.997778058052063,0.9988783001899719
side_person17.mp4,side,407,13567,30.0,848,478,10,mouth_right,0.44664135575294495,0.5108457803726196,-0.08797967433929443,0.9973533153533936,0.9987515211105347
side_person17.mp4,side,407,13567,30.0,848,478,11,left_shoulder,0.4815064072608948,0.5597724318504333,-0.26034513115882874,0.9989837408065796,0.9988157749176025
side_person17.mp4,side,407,13567,30.0,848,478,12,right_shoulder,0.48023003339767456,0.5371071696281433,0.06940221041440964,0.9975965023040771,0.998903751373291
side_person17.mp4,side,407,13567,30.0,848,478,13,left_elbow,0.3995085060596466,0.5943875312805176,-0.31884005665779114,0.9814380407333374,0.999053418636322
side_person17.mp4,side,407,13567,30.0,848,478,14,right_elbow,0.4101855158805847,0.5736485123634338,0.11242593079805374,0.20954905450344086,0.9986830353736877
side_person17.mp4,side,407,13567,30.0,848,478,15,left_wrist,0.3153824806213379,0.5911895036697388,-0.28863295912742615,0.9838292598724365,0.9955398440361023
side_person17.mp4,side,407,13567,30.0,848,478,16,right_wrist,0.3505720794200897,0.5793559551239014,0.038297563791275024,0.3765537440776825,0.9924817085266113
side_person17.mp4,side,407,13567,30.0,848,478,17,left_pinky,0.2952871024608612,0.5881054997444153,-0.33423420786857605,0.9765896797180176,0.9921751618385315
side_person17.mp4,side,407,13567,30.0,848,478,18,right_pinky,0.3363349437713623,0.5714120268821716,0.030586203560233116,0.43030592799186707,0.9895261526107788
side_person17.mp4,side,407,13567,30.0,848,478,19,left_index,0.29999661445617676,0.578342080116272,-0.3167172968387604,0.9748740196228027,0.9923585057258606
side_person17.mp4,side,407,13567,30.0,848,478,20,right_index,0.33304446935653687,0.570117712020874,0.00030494097154587507,0.44701164960861206,0.9882974028587341
side_person17.mp4,side,407,13567,30.0,848,478,21,left_thumb,0.30561789870262146,0.5798661112785339,-0.2836363911628723,0.9591445326805115,0.9934072494506836
side_person17.mp4,side,407,13567,30.0,848,478,22,right_thumb,0.33498018980026245,0.5738394260406494,0.021447647362947464,0.47225213050842285,0.9902858138084412
side_person17.mp4,side,407,13567,30.0,848,478,23,left_hip,0.5638373494148254,0.7452868223190308,-0.10105685144662857,0.9994864463806152,0.9995587468147278
side_person17.mp4,side,407,13567,30.0,848,478,24,right_hip,0.5476481318473816,0.714890718460083,0.1011144369840622,0.9990532398223877,0.9996250867843628
side_person17.mp4,side,407,13567,30.0,848,478,25,left_knee,0.45235809683799744,0.7609368562698364,-0.09421740472316742,0.9117258787155151,0.9991832375526428
side_person17.mp4,side,407,13567,30.0,848,478,26,right_knee,0.451476126909256,0.7150909304618835,0.17356637120246887,0.22949087619781494,0.9990890026092529
side_person17.mp4,side,407,13567,30.0,848,478,27,left_ankle,0.5007475018501282,0.9048861861228943,0.08093224465847015,0.8575658798217773,0.9982516169548035
side_person17.mp4,side,407,13567,30.0,848,478,28,right_ankle,0.4955093562602997,0.8612926006317139,0.3144861161708832,0.27678534388542175,0.9985837936401367
side_person17.mp4,side,407,13567,30.0,848,478,29,left_heel,0.5167347192764282,0.9251877665519714,0.09991126507520676,0.8419823050498962,0.9983610510826111
side_person17.mp4,side,407,13567,30.0,848,478,30,right_heel,0.5115974545478821,0.8784156441688538,0.3289799988269806,0.4412345588207245,0.9986534118652344
side_person17.mp4,side,407,13567,30.0,848,478,31,left_foot_index,0.46216461062431335,0.9300783276557922,0.12067798525094986,0.8065149188041687,0.997554361820221
side_person17.mp4,side,407,13567,30.0,848,478,32,right_foot_index,0.46501994132995605,0.909064769744873,0.3495636284351349,0.41152504086494446,0.9981746673583984
side_person17.mp4,side,408,13600,30.0,848,478,0,nose,0.43873897194862366,0.4849686920642853,-0.11555815488100052,0.9985585808753967,0.9975796341896057
side_person17.mp4,side,408,13600,30.0,848,478,1,left_eye_inner,0.43898776173591614,0.4681597948074341,-0.1383068710565567,0.9988592267036438,0.9980212450027466
side_person17.mp4,side,408,13600,30.0,848,478,2,left_eye,0.4401091933250427,0.4672664701938629,-0.13833311200141907,0.9989640116691589,0.9981802701950073
side_person17.mp4,side,408,13600,30.0,848,478,3,left_eye_outer,0.4412993788719177,0.46644631028175354,-0.13839520514011383,0.9991787672042847,0.9983466863632202
side_person17.mp4,side,408,13600,30.0,848,478,4,right_eye_inner,0.43854257464408875,0.46711301803588867,-0.10528286546468735,0.9983677268028259,0.9977713823318481
side_person17.mp4,side,408,13600,30.0,848,478,5,right_eye,0.4393066167831421,0.46565598249435425,-0.10530364513397217,0.9983409643173218,0.9977013468742371
side_person17.mp4,side,408,13600,30.0,848,478,6,right_eye_outer,0.4402438700199127,0.4640209376811981,-0.1053086519241333,0.9987443685531616,0.99769526720047
side_person17.mp4,side,408,13600,30.0,848,478,7,left_ear,0.4553605914115906,0.46360716223716736,-0.18797273933887482,0.9980033040046692,0.9981836676597595
side_person17.mp4,side,408,13600,30.0,848,478,8,right_ear,0.4542434513568878,0.4602958858013153,-0.03918447718024254,0.9985131621360779,0.9975529313087463
side_person17.mp4,side,408,13600,30.0,848,478,9,mouth_left,0.4467976987361908,0.4983179569244385,-0.13087257742881775,0.9978043437004089,0.998428225517273
side_person17.mp4,side,408,13600,30.0,848,478,10,mouth_right,0.4466610252857208,0.4979073107242584,-0.08765020221471786,0.997374951839447,0.9982755184173584
side_person17.mp4,side,408,13600,30.0,848,478,11,left_shoulder,0.4816627502441406,0.5432965755462646,-0.2596378028392792,0.9989861249923706,0.998218834400177
side_person17.mp4,side,408,13600,30.0,848,478,12,right_shoulder,0.48092055320739746,0.5233418345451355,0.06899799406528473,0.9975993037223816,0.9986355900764465
side_person17.mp4,side,408,13600,30.0,848,478,13,left_elbow,0.39954638481140137,0.5826762318611145,-0.31817394495010376,0.9814144968986511,0.998737633228302
side_person17.mp4,side,408,13600,30.0,848,478,14,right_elbow,0.41107526421546936,0.5649966597557068,0.10925137996673584,0.2058989256620407,0.9987699389457703
side_person17.mp4,side,408,13600,30.0,848,478,15,left_wrist,0.31836163997650146,0.5822248458862305,-0.28779396414756775,0.9836626052856445,0.9942516088485718
side_person17.mp4,side,408,13600,30.0,848,478,16,right_wrist,0.35073572397232056,0.5755059123039246,0.03476416692137718,0.3659851551055908,0.9929803013801575
side_person17.mp4,side,408,13600,30.0,848,478,17,left_pinky,0.29654690623283386,0.5773111581802368,-0.33287325501441956,0.9765270948410034,0.9896479249000549
side_person17.mp4,side,408,13600,30.0,848,478,18,right_pinky,0.33757174015045166,0.5679396986961365,0.027029257267713547,0.4217236638069153,0.9897666573524475
side_person17.mp4,side,408,13600,30.0,848,478,19,left_index,0.30457520484924316,0.5685084462165833,-0.3146665692329407,0.9747992157936096,0.9900277256965637
side_person17.mp4,side,408,13600,30.0,848,478,20,right_index,0.3345649540424347,0.5653322339057922,-0.005128988064825535,0.43814489245414734,0.9886537194252014
side_person17.mp4,side,408,13600,30.0,848,478,21,left_thumb,0.3090861737728119,0.5713421702384949,-0.282592236995697,0.9591068029403687,0.9915026426315308
side_person17.mp4,side,408,13600,30.0,848,478,22,right_thumb,0.33525270223617554,0.5690585970878601,0.017285484820604324,0.4634026885032654,0.9905648231506348
side_person17.mp4,side,408,13600,30.0,848,478,23,left_hip,0.5643080472946167,0.7288869619369507,-0.10163546353578568,0.9994472861289978,0.9991225600242615
side_person17.mp4,side,408,13600,30.0,848,478,24,right_hip,0.5482921004295349,0.7005463242530823,0.10169617831707001,0.9989930987358093,0.9993688464164734
side_person17.mp4,side,408,13600,30.0,848,478,25,left_knee,0.45240318775177,0.7597948908805847,-0.09547960758209229,0.9115627408027649,0.9985476136207581
side_person17.mp4,side,408,13600,30.0,848,478,26,right_knee,0.45205745100975037,0.7162452340126038,0.14934025704860687,0.22652071714401245,0.9984018206596375
side_person17.mp4,side,408,13600,30.0,848,478,27,left_ankle,0.4998406171798706,0.9052126407623291,0.0670216828584671,0.8630210161209106,0.9967004656791687
side_person17.mp4,side,408,13600,30.0,848,478,28,right_ankle,0.49642837047576904,0.8701435923576355,0.2943635582923889,0.27600398659706116,0.9975044131278992
side_person17.mp4,side,408,13600,30.0,848,478,29,left_heel,0.5167166590690613,0.9261016249656677,0.08519884198904037,0.8477908968925476,0.9970335960388184
side_person17.mp4,side,408,13600,30.0,848,478,30,right_heel,0.5115085244178772,0.8906880021095276,0.30924034118652344,0.4435468018054962,0.9976707100868225
side_person17.mp4,side,408,13600,30.0,848,478,31,left_foot_index,0.4619086980819702,0.9310058951377869,0.10322805494070053,0.8127326965332031,0.9957132339477539
side_person17.mp4,side,408,13600,30.0,848,478,32,right_foot_index,0.464236855506897,0.9119315147399902,0.3214983642101288,0.4115544557571411,0.9967854022979736
side_person17.mp4,side,409,13633,30.0,848,478,0,nose,0.4384515881538391,0.46977612376213074,-0.09227552264928818,0.998622477054596,0.9980168342590332
side_person17.mp4,side,409,13633,30.0,848,478,1,left_eye_inner,0.43881717324256897,0.4535006284713745,-0.11496519297361374,0.9989014267921448,0.9983522891998291
side_person17.mp4,side,409,13633,30.0,848,478,2,left_eye,0.4399195611476898,0.4525109827518463,-0.11499352008104324,0.9990016222000122,0.9984650611877441
side_person17.mp4,side,409,13633,30.0,848,478,3,left_eye_outer,0.44108667969703674,0.4515779912471771,-0.11505382508039474,0.9992137551307678,0.9985836744308472
side_person17.mp4,side,409,13633,30.0,848,478,4,right_eye_inner,0.4384515583515167,0.45277225971221924,-0.08164673298597336,0.9984434247016907,0.9981659054756165
side_person17.mp4,side,409,13633,30.0,848,478,5,right_eye,0.4392496943473816,0.4513314962387085,-0.0816529393196106,0.9984179735183716,0.9980934262275696
side_person17.mp4,side,409,13633,30.0,848,478,6,right_eye_outer,0.4402025640010834,0.4498445689678192,-0.08164706081151962,0.9988053441047668,0.9980650544166565
side_person17.mp4,side,409,13633,30.0,848,478,7,left_ear,0.4551312029361725,0.4481487274169922,-0.16620498895645142,0.9980669617652893,0.9984005093574524
side_person17.mp4,side,409,13633,30.0,848,478,8,right_ear,0.45416584610939026,0.44572997093200684,-0.01705903559923172,0.9985859990119934,0.9978792667388916
side_person17.mp4,side,409,13633,30.0,848,478,9,mouth_left,0.4464586675167084,0.48276159167289734,-0.10821591317653656,0.9978901743888855,0.9984439015388489
side_person17.mp4,side,409,13633,30.0,848,478,10,mouth_right,0.44639840722084045,0.482524037361145,-0.06474970281124115,0.9974647760391235,0.9983024597167969
side_person17.mp4,side,409,13633,30.0,848,478,11,left_shoulder,0.48156437277793884,0.5279479026794434,-0.24506941437721252,0.9990004897117615,0.9978243112564087
side_person17.mp4,side,409,13633,30.0,848,478,12,right_shoulder,0.4812236428260803,0.5123898983001709,0.09032826870679855,0.9975967407226562,0.9980598092079163
side_person17.mp4,side,409,13633,30.0,848,478,13,left_elbow,0.39935916662216187,0.5669866800308228,-0.3043185770511627,0.9815726280212402,0.9988934397697449
side_person17.mp4,side,409,13633,30.0,848,478,14,right_elbow,0.41164132952690125,0.5553062558174133,0.13609619438648224,0.19930963218212128,0.9984813332557678
side_person17.mp4,side,409,13633,30.0,848,478,15,left_wrist,0.3139296770095825,0.5674183964729309,-0.26232394576072693,0.9840081334114075,0.9952858090400696
side_person17.mp4,side,409,13633,30.0,848,478,16,right_wrist,0.3514423966407776,0.5650557279586792,0.06735675036907196,0.3511461913585663,0.9923270344734192
side_person17.mp4,side,409,13633,30.0,848,478,17,left_pinky,0.2916070818901062,0.5630279183387756,-0.3046528100967407,0.9771056175231934,0.9916344881057739
side_person17.mp4,side,409,13633,30.0,848,478,18,right_pinky,0.3374747931957245,0.5584215521812439,0.06264977902173996,0.40796348452568054,0.9896270036697388
side_person17.mp4,side,409,13633,30.0,848,478,19,left_index,0.2976968288421631,0.55402010679245,-0.2844688594341278,0.9753971099853516,0.9917877316474915
side_person17.mp4,side,409,13633,30.0,848,478,20,right_index,0.3344525694847107,0.5556679964065552,0.031725138425827026,0.4237954318523407,0.9888068437576294
side_person17.mp4,side,409,13633,30.0,848,478,21,left_thumb,0.3060207664966583,0.5568417906761169,-0.2558862268924713,0.9600512981414795,0.9929732084274292
side_person17.mp4,side,409,13633,30.0,848,478,22,right_thumb,0.33529555797576904,0.5592731833457947,0.050658125430345535,0.44911572337150574,0.9904182553291321
side_person17.mp4,side,409,13633,30.0,848,478,23,left_hip,0.5652840733528137,0.7142906785011292,-0.10284439474344254,0.9994385838508606,0.9990332126617432
side_person17.mp4,side,409,13633,30.0,848,478,24,right_hip,0.5488203763961792,0.6888872385025024,0.10291844606399536,0.9989789128303528,0.9992097616195679
side_person17.mp4,side,409,13633,30.0,848,478,25,left_knee,0.4531867802143097,0.7567194700241089,-0.09571081399917603,0.9139060974121094,0.998849630355835
side_person17.mp4,side,409,13633,30.0,848,478,26,right_knee,0.4529867470264435,0.7172279357910156,0.15123948454856873,0.23089474439620972,0.9987096786499023
side_person17.mp4,side,409,13633,30.0,848,478,27,left_ankle,0.5002270936965942,0.9051884412765503,0.06798437237739563,0.8689468502998352,0.9977816939353943
side_person17.mp4,side,409,13633,30.0,848,478,28,right_ankle,0.4988313615322113,0.8699132204055786,0.28499001264572144,0.2867763936519623,0.9984903335571289
side_person17.mp4,side,409,13633,30.0,848,478,29,left_heel,0.516762375831604,0.9258191585540771,0.08681100606918335,0.8543633818626404,0.997957706451416
side_person17.mp4,side,409,13633,30.0,848,478,30,right_heel,0.5129265785217285,0.8936713337898254,0.29884761571884155,0.4551776051521301,0.9985359907150269
side_person17.mp4,side,409,13633,30.0,848,478,31,left_foot_index,0.4618871212005615,0.930934727191925,0.10738161206245422,0.8204582333564758,0.9971299767494202
side_person17.mp4,side,409,13633,30.0,848,478,32,right_foot_index,0.46422916650772095,0.9127708077430725,0.3107224702835083,0.4239042401313782,0.9978673458099365
side_person17.mp4,side,410,13667,30.0,848,478,0,nose,0.437980979681015,0.4551974833011627,-0.12816564738750458,0.9986628293991089,0.9974429607391357
side_person17.mp4,side,410,13667,30.0,848,478,1,left_eye_inner,0.43855735659599304,0.4373323619365692,-0.150678813457489,0.9989092350006104,0.9978284239768982
side_person17.mp4,side,410,13667,30.0,848,478,2,left_eye,0.4397052228450775,0.4360499680042267,-0.1506951004266739,0.9990055561065674,0.9979769587516785
side_person17.mp4,side,410,13667,30.0,848,478,3,left_eye_outer,0.4409230351448059,0.4349055588245392,-0.150758758187294,0.9992184638977051,0.9981356859207153
side_person17.mp4,side,410,13667,30.0,848,478,4,right_eye_inner,0.4382897913455963,0.43677374720573425,-0.11662429571151733,0.998464047908783,0.9976467490196228
side_person17.mp4,side,410,13667,30.0,848,478,5,right_eye,0.43913403153419495,0.43527883291244507,-0.11664677411317825,0.9984402656555176,0.9976227879524231
side_person17.mp4,side,410,13667,30.0,848,478,6,right_eye_outer,0.44013670086860657,0.43368273973464966,-0.11665407568216324,0.9988272786140442,0.997643768787384
side_person17.mp4,side,410,13667,30.0,848,478,7,left_ear,0.45506784319877625,0.43141791224479675,-0.19940327107906342,0.9980526566505432,0.9978097081184387
side_person17.mp4,side,410,13667,30.0,848,478,8,right_ear,0.4541614055633545,0.4291902482509613,-0.04683058708906174,0.9986029267311096,0.997334897518158
side_person17.mp4,side,410,13667,30.0,848,478,9,mouth_left,0.4463655352592468,0.4669661223888397,-0.14358270168304443,0.9979202151298523,0.9979603290557861
side_person17.mp4,side,410,13667,30.0,848,478,10,mouth_right,0.4462818503379822,0.4669460654258728,-0.09897609055042267,0.9974763989448547,0.9978199005126953
side_person17.mp4,side,410,13667,30.0,848,478,11,left_shoulder,0.48195788264274597,0.5086281895637512,-0.2768632769584656,0.9989293813705444,0.9970933198928833
side_person17.mp4,side,410,13667,30.0,848,478,12,right_shoulder,0.4811885356903076,0.49626436829566956,0.057736702263355255,0.9974805116653442,0.9980078339576721
side_person17.mp4,side,410,13667,30.0,848,478,13,left_elbow,0.40233471989631653,0.5520113110542297,-0.34636908769607544,0.9816195368766785,0.9984890222549438
side_person17.mp4,side,410,13667,30.0,848,478,14,right_elbow,0.40868255496025085,0.5431187748908997,0.08222611248493195,0.20381180942058563,0.9986463189125061
side_person17.mp4,side,410,13667,30.0,848,478,15,left_wrist,0.3192536234855652,0.5556362271308899,-0.3124941289424896,0.9835849404335022,0.9935131669044495
side_person17.mp4,side,410,13667,30.0,848,478,16,right_wrist,0.3378981053829193,0.5559720993041992,-0.0056682489812374115,0.34590256214141846,0.9898570775985718
side_person17.mp4,side,410,13667,30.0,848,478,17,left_pinky,0.29731661081314087,0.55283522605896,-0.35826629400253296,0.9766497015953064,0.9891207218170166
side_person17.mp4,side,410,13667,30.0,848,478,18,right_pinky,0.3250206410884857,0.5521265864372253,-0.016626713797450066,0.40324029326438904,0.9851694107055664
side_person17.mp4,side,410,13667,30.0,848,478,19,left_index,0.3046676218509674,0.5452649593353271,-0.3396679162979126,0.9749177098274231,0.9893697500228882
side_person17.mp4,side,410,13667,30.0,848,478,20,right_index,0.32232338190078735,0.5483156442642212,-0.04979425668716431,0.41926005482673645,0.9840177893638611
side_person17.mp4,side,410,13667,30.0,848,478,21,left_thumb,0.30990952253341675,0.5476130843162537,-0.3073591887950897,0.9594264030456543,0.9905532598495483
side_person17.mp4,side,410,13667,30.0,848,478,22,right_thumb,0.32440757751464844,0.5510591864585876,-0.024556264281272888,0.44546860456466675,0.9863606691360474
side_person17.mp4,side,410,13667,30.0,848,478,23,left_hip,0.5659095048904419,0.6978709697723389,-0.10552159696817398,0.9993723034858704,0.9990092515945435
side_person17.mp4,side,410,13667,30.0,848,478,24,right_hip,0.5490000247955322,0.6764354109764099,0.10561109334230423,0.9988901019096375,0.9992902278900146
side_person17.mp4,side,410,13667,30.0,848,478,25,left_knee,0.45484495162963867,0.7532427906990051,-0.10711749643087387,0.9139237403869629,0.9988547563552856
side_person17.mp4,side,410,13667,30.0,848,478,26,right_knee,0.45298510789871216,0.7187827229499817,0.13480988144874573,0.23381903767585754,0.9986151456832886
side_person17.mp4,side,410,13667,30.0,848,478,27,left_ankle,0.5017734169960022,0.9045601487159729,0.059409163892269135,0.8752299547195435,0.9979047775268555
side_person17.mp4,side,410,13667,30.0,848,478,28,right_ankle,0.5006624460220337,0.8710188865661621,0.286298930644989,0.290362149477005,0.9982768297195435
side_person17.mp4,side,410,13667,30.0,848,478,29,left_heel,0.516895055770874,0.9253156781196594,0.07800018787384033,0.8606616854667664,0.9981364011764526
side_person17.mp4,side,410,13667,30.0,848,478,30,right_heel,0.5136527419090271,0.8971599340438843,0.3012271225452423,0.45993322134017944,0.9984031319618225
side_person17.mp4,side,410,13667,30.0,848,478,31,left_foot_index,0.4619045555591583,0.9309830665588379,0.0889686793088913,0.828175961971283,0.996991753578186
side_person17.mp4,side,410,13667,30.0,848,478,32,right_foot_index,0.46427956223487854,0.915381133556366,0.3061022460460663,0.42597419023513794,0.9975370168685913
side_person17.mp4,side,411,13700,30.0,848,478,0,nose,0.43794378638267517,0.4386218190193176,-0.13929733633995056,0.9987236857414246,0.9977589845657349
side_person17.mp4,side,411,13700,30.0,848,478,1,left_eye_inner,0.4385450482368469,0.42132917046546936,-0.1610642969608307,0.9989387392997742,0.9980450868606567
side_person17.mp4,side,411,13700,30.0,848,478,2,left_eye,0.4396887421607971,0.4201938211917877,-0.16108883917331696,0.9990296959877014,0.9981526732444763
side_person17.mp4,side,411,13700,30.0,848,478,3,left_eye_outer,0.44092071056365967,0.418996661901474,-0.16115008294582367,0.9992402195930481,0.998279333114624
side_person17.mp4,side,411,13700,30.0,848,478,4,right_eye_inner,0.4382849335670471,0.42079460620880127,-0.12716229259967804,0.9985150694847107,0.9978988170623779
side_person17.mp4,side,411,13700,30.0,848,478,5,right_eye,0.43913307785987854,0.41932857036590576,-0.12719064950942993,0.9984912872314453,0.9978731870651245
side_person17.mp4,side,411,13700,30.0,848,478,6,right_eye_outer,0.4401491582393646,0.41756850481033325,-0.1272050142288208,0.9988677501678467,0.9978627562522888
side_person17.mp4,side,411,13700,30.0,848,478,7,left_ear,0.45506834983825684,0.4152653217315674,-0.2085706740617752,0.9980754256248474,0.9978424310684204
side_person17.mp4,side,411,13700,30.0,848,478,8,right_ear,0.45420315861701965,0.4130026698112488,-0.05682472512125969,0.9986342191696167,0.997381865978241
side_person17.mp4,side,411,13700,30.0,848,478,9,mouth_left,0.4463486671447754,0.44983184337615967,-0.15447987616062164,0.997977614402771,0.9976664781570435
side_person17.mp4,side,411,13700,30.0,848,478,10,mouth_right,0.44625768065452576,0.44966059923171997,-0.11009883880615234,0.9974994659423828,0.9974918365478516
side_person17.mp4,side,411,13700,30.0,848,478,11,left_shoulder,0.48213404417037964,0.4925606846809387,-0.2874961495399475,0.9988366961479187,0.9961313009262085
side_person17.mp4,side,411,13700,30.0,848,478,12,right_shoulder,0.48237231373786926,0.4822356402873993,0.046336736530065536,0.9972060918807983,0.9970648884773254
side_person17.mp4,side,411,13700,30.0,848,478,13,left_elbow,0.4027319550514221,0.535369873046875,-0.36392223834991455,0.9816257357597351,0.99869304895401
side_person17.mp4,side,411,13700,30.0,848,478,14,right_elbow,0.40535056591033936,0.5303159356117249,0.06658275425434113,0.20652827620506287,0.9985548853874207
side_person17.mp4,side,411,13700,30.0,848,478,15,left_wrist,0.31612417101860046,0.5405778288841248,-0.33595478534698486,0.9833471179008484,0.9949901700019836
side_person17.mp4,side,411,13700,30.0,848,478,16,right_wrist,0.33092573285102844,0.5422669649124146,-0.018971245735883713,0.33730149269104004,0.9889574646949768
side_person17.mp4,side,411,13700,30.0,848,478,17,left_pinky,0.2952362596988678,0.540632426738739,-0.38274717330932617,0.9764261841773987,0.9914785027503967
side_person17.mp4,side,411,13700,30.0,848,478,18,right_pinky,0.31590133905410767,0.5412903428077698,-0.029740752652287483,0.3935032784938812,0.9841198325157166
side_person17.mp4,side,411,13700,30.0,848,478,19,left_index,0.30433475971221924,0.5156578421592712,-0.36381638050079346,0.9746575951576233,0.9914490580558777
side_person17.mp4,side,411,13700,30.0,848,478,20,right_index,0.3172394335269928,0.5416612029075623,-0.06306060403585434,0.40933850407600403,0.9826335310935974
side_person17.mp4,side,411,13700,30.0,848,478,21,left_thumb,0.30511027574539185,0.5344728231430054,-0.3309210538864136,0.959082841873169,0.9924412965774536
side_person17.mp4,side,411,13700,30.0,848,478,22,right_thumb,0.31435301899909973,0.5399620532989502,-0.038150615990161896,0.43682941794395447,0.9852097630500793
side_person17.mp4,side,411,13700,30.0,848,478,23,left_hip,0.5663386583328247,0.6832535266876221,-0.10620452463626862,0.9993271827697754,0.999118983745575
side_person17.mp4,side,411,13700,30.0,848,478,24,right_hip,0.549801766872406,0.6634014844894409,0.10629626363515854,0.9988196492195129,0.9993770718574524
side_person17.mp4,side,411,13700,30.0,848,478,25,left_knee,0.45720174908638,0.7468051314353943,-0.10655004531145096,0.9147055745124817,0.9991982579231262
side_person17.mp4,side,411,13700,30.0,848,478,26,right_knee,0.45360010862350464,0.7159244418144226,0.1279032677412033,0.24195420742034912,0.9990975856781006
side_person17.mp4,side,411,13700,30.0,848,478,27,left_ankle,0.5015832185745239,0.9043073058128357,0.05883847177028656,0.8826932907104492,0.9983662962913513
side_person17.mp4,side,411,13700,30.0,848,478,28,right_ankle,0.5005468726158142,0.8706206679344177,0.2840553820133209,0.3015356659889221,0.9990870952606201
side_person17.mp4,side,411,13700,30.0,848,478,29,left_heel,0.5157410502433777,0.9242826700210571,0.07593236118555069,0.8679614663124084,0.998422384262085
side_person17.mp4,side,411,13700,30.0,848,478,30,right_heel,0.5136376619338989,0.8968061208724976,0.29918918013572693,0.47099754214286804,0.9990723133087158
side_person17.mp4,side,411,13700,30.0,848,478,31,left_foot_index,0.4619256556034088,0.9309475421905518,0.07254993170499802,0.8376903533935547,0.9974594712257385
side_person17.mp4,side,411,13700,30.0,848,478,32,right_foot_index,0.4641779065132141,0.9152421951293945,0.2959364354610443,0.4349023699760437,0.9984968900680542
side_person17.mp4,side,412,13733,30.0,848,478,0,nose,0.43786659836769104,0.4210061728954315,-0.13538163900375366,0.9987693428993225,0.9965938925743103
side_person17.mp4,side,412,13733,30.0,848,478,1,left_eye_inner,0.43849262595176697,0.4041398763656616,-0.15683355927467346,0.9989449977874756,0.9968344569206238
side_person17.mp4,side,412,13733,30.0,848,478,2,left_eye,0.4396326243877411,0.403061181306839,-0.1568576842546463,0.9990343451499939,0.9969043135643005
side_person17.mp4,side,412,13733,30.0,848,478,3,left_eye_outer,0.4408566951751709,0.4020615518093109,-0.15691573917865753,0.9992453455924988,0.9970009922981262
side_person17.mp4,side,412,13733,30.0,848,478,4,right_eye_inner,0.43825459480285645,0.40365391969680786,-0.12328572571277618,0.9985330104827881,0.9967979788780212
side_person17.mp4,side,412,13733,30.0,848,478,5,right_eye,0.439118355512619,0.40222665667533875,-0.12331514805555344,0.9985116720199585,0.9968017339706421
side_person17.mp4,side,412,13733,30.0,848,478,6,right_eye_outer,0.4401422441005707,0.40074363350868225,-0.12332960963249207,0.9988870024681091,0.9967883825302124
side_person17.mp4,side,412,13733,30.0,848,478,7,left_ear,0.4549877345561981,0.39890268445014954,-0.2050236612558365,0.9980539083480835,0.9959756731987
side_person17.mp4,side,412,13733,30.0,848,478,8,right_ear,0.4542054235935211,0.39683887362480164,-0.05477345734834671,0.9986363649368286,0.995868444442749
side_person17.mp4,side,412,13733,30.0,848,478,9,mouth_left,0.4462573826313019,0.4324876666069031,-0.15079286694526672,0.9980040192604065,0.9958834052085876
side_person17.mp4,side,412,13733,30.0,848,478,10,mouth_right,0.44611769914627075,0.4322163760662079,-0.10687672346830368,0.9974451065063477,0.9956527948379517
side_person17.mp4,side,412,13733,30.0,848,478,11,left_shoulder,0.48230063915252686,0.47448232769966125,-0.2835157513618469,0.9986467361450195,0.9912185072898865
side_person17.mp4,side,412,13733,30.0,848,478,12,right_shoulder,0.4829236567020416,0.4676240086555481,0.045358382165431976,0.9967300891876221,0.9941775798797607
side_person17.mp4,side,412,13733,30.0,848,478,13,left_elbow,0.40341901779174805,0.5191682577133179,-0.3570089042186737,0.9814801216125488,0.9976851940155029
side_person17.mp4,side,412,13733,30.0,848,478,14,right_elbow,0.4050433337688446,0.5153210759162903,0.06509967893362045,0.2134685218334198,0.998002827167511
side_person17.mp4,side,412,13733,30.0,848,478,15,left_wrist,0.3158198595046997,0.5255720615386963,-0.3262891471385956,0.9825148582458496,0.9923128485679626
side_person17.mp4,side,412,13733,30.0,848,478,16,right_wrist,0.3240639567375183,0.5269984006881714,-0.015185019932687283,0.3312293291091919,0.9849584102630615
side_person17.mp4,side,412,13733,30.0,848,478,17,left_pinky,0.2965395450592041,0.5136895179748535,-0.3714231848716736,0.9754171371459961,0.9873380661010742
side_person17.mp4,side,412,13733,30.0,848,478,18,right_pinky,0.3064613342285156,0.5264925956726074,-0.025478914380073547,0.385419636964798,0.9782311320304871
side_person17.mp4,side,412,13733,30.0,848,478,19,left_index,0.304277241230011,0.4995078146457672,-0.35244008898735046,0.9735556840896606,0.9871314764022827
side_person17.mp4,side,412,13733,30.0,848,478,20,right_index,0.3132319152355194,0.5276466608047485,-0.057716842740774155,0.40107136964797974,0.9759126901626587
side_person17.mp4,side,412,13733,30.0,848,478,21,left_thumb,0.3036125898361206,0.5194053649902344,-0.3209707736968994,0.9576131701469421,0.9886024594306946
side_person17.mp4,side,412,13733,30.0,848,478,22,right_thumb,0.30724838376045227,0.5261655449867249,-0.03394407406449318,0.4298817813396454,0.9793514013290405
side_person17.mp4,side,412,13733,30.0,848,478,23,left_hip,0.5668042302131653,0.6672543287277222,-0.1060926765203476,0.9992037415504456,0.9979938268661499
side_person17.mp4,side,412,13733,30.0,848,478,24,right_hip,0.55049067735672,0.6489053964614868,0.10618391633033752,0.9986495971679688,0.9986317753791809
side_person17.mp4,side,412,13733,30.0,848,478,25,left_knee,0.4613431990146637,0.7450779676437378,-0.0973031222820282,0.9160167574882507,0.9984968900680542
side_person17.mp4,side,412,13733,30.0,848,478,26,right_knee,0.4560157358646393,0.7147763967514038,0.12179013341665268,0.25330665707588196,0.9983226656913757
side_person17.mp4,side,412,13733,30.0,848,478,27,left_ankle,0.50149005651474,0.9047002196311951,0.061964213848114014,0.8893592953681946,0.9967485666275024
side_person17.mp4,side,412,13733,30.0,848,478,28,right_ankle,0.5005013346672058,0.8744766712188721,0.28198903799057007,0.3123501241207123,0.9984671473503113
side_person17.mp4,side,412,13733,30.0,848,478,29,left_heel,0.5145222544670105,0.9242885708808899,0.07918378710746765,0.8743423223495483,0.9968043565750122
side_person17.mp4,side,412,13733,30.0,848,478,30,right_heel,0.5136078000068665,0.9018973708152771,0.2977149486541748,0.48073810338974,0.9983980059623718
side_person17.mp4,side,412,13733,30.0,848,478,31,left_foot_index,0.4620973765850067,0.9309396147727966,0.07064751535654068,0.845962405204773,0.9951272010803223
side_person17.mp4,side,412,13733,30.0,848,478,32,right_foot_index,0.46473798155784607,0.9151204228401184,0.2904481589794159,0.4430740475654602,0.997596800327301
side_person17.mp4,side,413,13767,30.0,848,478,0,nose,0.437877357006073,0.40514761209487915,-0.13616019487380981,0.9987731575965881,0.9960502982139587
side_person17.mp4,side,413,13767,30.0,848,478,1,left_eye_inner,0.43855491280555725,0.3878819942474365,-0.15759161114692688,0.9989112019538879,0.996319055557251
side_person17.mp4,side,413,13767,30.0,848,478,2,left_eye,0.43970638513565063,0.3866947591304779,-0.1576205939054489,0.9990010261535645,0.9964306950569153
side_person17.mp4,side,413,13767,30.0,848,478,3,left_eye_outer,0.4409439265727997,0.38564929366111755,-0.15767788887023926,0.9992230534553528,0.996573805809021
side_person17.mp4,side,413,13767,30.0,848,478,4,right_eye_inner,0.4383227527141571,0.3873508870601654,-0.12420424073934555,0.9984976649284363,0.9962393045425415
side_person17.mp4,side,413,13767,30.0,848,478,5,right_eye,0.43921780586242676,0.38578879833221436,-0.12423820048570633,0.9984753727912903,0.9962390661239624
side_person17.mp4,side,413,13767,30.0,848,478,6,right_eye_outer,0.4402692914009094,0.3841850459575653,-0.12426019459962845,0.9988637566566467,0.9962259531021118
side_person17.mp4,side,413,13767,30.0,848,478,7,left_ear,0.45506542921066284,0.3819309175014496,-0.20596635341644287,0.9979713559150696,0.9954907298088074
side_person17.mp4,side,413,13767,30.0,848,478,8,right_ear,0.45433464646339417,0.3798508942127228,-0.05640100687742233,0.9985839128494263,0.9952109456062317
side_person17.mp4,side,413,13767,30.0,848,478,9,mouth_left,0.44628575444221497,0.41592732071876526,-0.15152940154075623,0.9979812502861023,0.9957916736602783
side_person17.mp4,side,413,13767,30.0,848,478,10,mouth_right,0.4461307227611542,0.4157470464706421,-0.1077633798122406,0.9973021745681763,0.9954758286476135
side_person17.mp4,side,413,13767,30.0,848,478,11,left_shoulder,0.48321789503097534,0.4557094871997833,-0.2838895618915558,0.9985072612762451,0.9923200011253357
side_person17.mp4,side,413,13767,30.0,848,478,12,right_shoulder,0.48394474387168884,0.45108288526535034,0.04420793429017067,0.9962924122810364,0.9943155646324158
side_person17.mp4,side,413,13767,30.0,848,478,13,left_elbow,0.40645700693130493,0.5045948028564453,-0.35671067237854004,0.9813346862792969,0.9975470900535583
side_person17.mp4,side,413,13767,30.0,848,478,14,right_elbow,0.4053424894809723,0.5007827281951904,0.06554900109767914,0.22007310390472412,0.9981429576873779
side_person17.mp4,side,413,13767,30.0,848,478,15,left_wrist,0.3213643729686737,0.5087336301803589,-0.3289188742637634,0.9816946387290955,0.9918754696846008
side_person17.mp4,side,413,13767,30.0,848,478,16,right_wrist,0.3266671597957611,0.5078033804893494,-0.015904687345027924,0.32806462049484253,0.9868669509887695
side_person17.mp4,side,413,13767,30.0,848,478,17,left_pinky,0.306448370218277,0.5036849975585938,-0.37415552139282227,0.9743477702140808,0.9868670701980591
side_person17.mp4,side,413,13767,30.0,848,478,18,right_pinky,0.3125639259815216,0.5055407881736755,-0.02563723921775818,0.38059815764427185,0.980697512626648
side_person17.mp4,side,413,13767,30.0,848,478,19,left_index,0.3109411895275116,0.4905206561088562,-0.35528892278671265,0.972392737865448,0.9868675470352173
side_person17.mp4,side,413,13767,30.0,848,478,20,right_index,0.3100928068161011,0.5061948299407959,-0.0582459457218647,0.3959410488605499,0.9780954122543335
side_person17.mp4,side,413,13767,30.0,848,478,21,left_thumb,0.3166249692440033,0.49822017550468445,-0.3235955536365509,0.956009030342102,0.9882389307022095
side_person17.mp4,side,413,13767,30.0,848,478,22,right_thumb,0.3099069893360138,0.5069971680641174,-0.03469812497496605,0.42586079239845276,0.9816245436668396
side_person17.mp4,side,413,13767,30.0,848,478,23,left_hip,0.5672814249992371,0.6523664593696594,-0.10596253722906113,0.9990898966789246,0.9980049729347229
side_person17.mp4,side,413,13767,30.0,848,478,24,right_hip,0.5510563850402832,0.6351760029792786,0.10605356842279434,0.9984951615333557,0.9985625147819519
side_person17.mp4,side,413,13767,30.0,848,478,25,left_knee,0.46674469113349915,0.744873583316803,-0.09343177080154419,0.9168297052383423,0.9980376362800598
side_person17.mp4,side,413,13767,30.0,848,478,26,right_knee,0.4584537148475647,0.7095345258712769,0.12009503692388535,0.2674267590045929,0.9979922771453857
side_person17.mp4,side,413,13767,30.0,848,478,27,left_ankle,0.5012258291244507,0.9047126173973083,0.06154840812087059,0.8952007293701172,0.9953516721725464
side_person17.mp4,side,413,13767,30.0,848,478,28,right_ankle,0.49991941452026367,0.8736611008644104,0.280139684677124,0.3224283754825592,0.9980850219726562
side_person17.mp4,side,413,13767,30.0,848,478,29,left_heel,0.5138452053070068,0.9243324398994446,0.0773550346493721,0.8798457384109497,0.9955160021781921
side_person17.mp4,side,413,13767,30.0,848,478,30,right_heel,0.513159453868866,0.9017113447189331,0.2959957420825958,0.4908684492111206,0.9979780316352844
side_person17.mp4,side,413,13767,30.0,848,478,31,left_foot_index,0.46190714836120605,0.9309300780296326,0.061419423669576645,0.8531855940818787,0.9931934475898743
side_person17.mp4,side,413,13767,30.0,848,478,32,right_foot_index,0.4643043279647827,0.9156153798103333,0.28791144490242004,0.4511988162994385,0.9970009922981262
side_person17.mp4,side,414,13800,30.0,848,478,0,nose,0.43792423605918884,0.3887864053249359,-0.09931638836860657,0.9987598657608032,0.9964786171913147
side_person17.mp4,side,414,13800,30.0,848,478,1,left_eye_inner,0.43855541944503784,0.3722594082355499,-0.11976847797632217,0.9988572597503662,0.9961000680923462
side_person17.mp4,side,414,13800,30.0,848,478,2,left_eye,0.43970683217048645,0.3709055781364441,-0.11979705095291138,0.9989452362060547,0.9960108995437622
side_person17.mp4,side,414,13800,30.0,848,478,3,left_eye_outer,0.44094589352607727,0.36958009004592896,-0.11984093487262726,0.9991856217384338,0.9959154725074768
side_person17.mp4,side,414,13800,30.0,848,478,4,right_eye_inner,0.4383228123188019,0.37220314145088196,-0.0874536857008934,0.9984561204910278,0.9963755011558533
side_person17.mp4,side,414,13800,30.0,848,478,5,right_eye,0.43921855092048645,0.3708168864250183,-0.08749168366193771,0.998432457447052,0.9964255690574646
side_person17.mp4,side,414,13800,30.0,848,478,6,right_eye_outer,0.44027265906333923,0.36932510137557983,-0.0875190943479538,0.9988294243812561,0.9963884353637695
side_person17.mp4,side,414,13800,30.0,848,478,7,left_ear,0.4551706910133362,0.3647283911705017,-0.16733627021312714,0.9978424310684204,0.9945074915885925
side_person17.mp4,side,414,13800,30.0,848,478,8,right_ear,0.45439550280570984,0.3635880649089813,-0.023354630917310715,0.9985207915306091,0.9956473708152771
side_person17.mp4,side,414,13800,30.0,848,478,9,mouth_left,0.4463578760623932,0.39952728152275085,-0.11436864733695984,0.997909665107727,0.9954015016555786
side_person17.mp4,side,414,13800,30.0,848,478,10,mouth_right,0.4461851418018341,0.39982354640960693,-0.07225191593170166,0.9970832467079163,0.9953458905220032
side_person17.mp4,side,414,13800,30.0,848,478,11,left_shoulder,0.4845067262649536,0.4369231164455414,-0.25125783681869507,0.9983382821083069,0.9894702434539795
side_person17.mp4,side,414,13800,30.0,848,478,12,right_shoulder,0.4852232038974762,0.4354274570941925,0.07624540477991104,0.995837390422821,0.9930014610290527
side_person17.mp4,side,414,13800,30.0,848,478,13,left_elbow,0.40882793068885803,0.48716384172439575,-0.3116849362850189,0.9806603789329529,0.9970712661743164
side_person17.mp4,side,414,13800,30.0,848,478,14,right_elbow,0.4072386622428894,0.4857163727283478,0.09811383485794067,0.2221572995185852,0.9982085227966309
side_person17.mp4,side,414,13800,30.0,848,478,15,left_wrist,0.32426169514656067,0.4905569553375244,-0.2625308334827423,0.980013906955719,0.9926477670669556
side_person17.mp4,side,414,13800,30.0,848,478,16,right_wrist,0.32953009009361267,0.49018803238868713,0.026791973039507866,0.3212285339832306,0.9894350171089172
side_person17.mp4,side,414,13800,30.0,848,478,17,left_pinky,0.3064906895160675,0.4907929301261902,-0.30001142621040344,0.972075879573822,0.9886128306388855
side_person17.mp4,side,414,13800,30.0,848,478,18,right_pinky,0.31508007645606995,0.4883931279182434,0.021493026986718178,0.37088021636009216,0.9843198657035828
side_person17.mp4,side,414,13800,30.0,848,478,19,left_index,0.3101342022418976,0.482671320438385,-0.2813316285610199,0.9699642658233643,0.988338053226471
side_person17.mp4,side,414,13800,30.0,848,478,20,right_index,0.31240883469581604,0.48713219165802,-0.007040518801659346,0.38574138283729553,0.9820282459259033
side_person17.mp4,side,414,13800,30.0,848,478,21,left_thumb,0.3158401846885681,0.48526883125305176,-0.25603413581848145,0.952927827835083,0.9897054433822632
side_person17.mp4,side,414,13800,30.0,848,478,22,right_thumb,0.31308412551879883,0.4894251823425293,0.009892129339277744,0.41603827476501465,0.9849470853805542
side_person17.mp4,side,414,13800,30.0,848,478,23,left_hip,0.5686701536178589,0.6374361515045166,-0.10589691996574402,0.9989519119262695,0.9973030090332031
side_person17.mp4,side,414,13800,30.0,848,478,24,right_hip,0.5520784854888916,0.6228024959564209,0.1059899628162384,0.9983574748039246,0.9981597065925598
side_person17.mp4,side,414,13800,30.0,848,478,25,left_knee,0.47517722845077515,0.7453765273094177,-0.08196480572223663,0.9174520373344421,0.9967492818832397
side_person17.mp4,side,414,13800,30.0,848,478,26,right_knee,0.460069864988327,0.7057806253433228,0.10764842480421066,0.28079214692115784,0.997445821762085
side_person17.mp4,side,414,13800,30.0,848,478,27,left_ankle,0.5010983347892761,0.9079546332359314,0.050186410546302795,0.9001134037971497,0.9898378849029541
side_person17.mp4,side,414,13800,30.0,848,478,28,right_ankle,0.49921655654907227,0.8823806643486023,0.24795855581760406,0.3340872824192047,0.997538685798645
side_person17.mp4,side,414,13800,30.0,848,478,29,left_heel,0.5135037302970886,0.9310328960418701,0.06251175701618195,0.8845191597938538,0.9892086386680603
side_person17.mp4,side,414,13800,30.0,848,478,30,right_heel,0.5100684762001038,0.9084294438362122,0.26174578070640564,0.5015164017677307,0.9970512390136719
side_person17.mp4,side,414,13800,30.0,848,478,31,left_foot_index,0.46128326654434204,0.9309465289115906,0.034919172525405884,0.8594486117362976,0.9866161346435547
side_person17.mp4,side,414,13800,30.0,848,478,32,right_foot_index,0.4631202220916748,0.9160884618759155,0.24571079015731812,0.4593348205089569,0.99580317735672
side_person17.mp4,side,415,13833,30.0,848,478,0,nose,0.43877527117729187,0.37180572748184204,-0.0875309482216835,0.9987614154815674,0.9967279434204102
side_person17.mp4,side,415,13833,30.0,848,478,1,left_eye_inner,0.43893295526504517,0.3544079065322876,-0.1080109104514122,0.9988128542900085,0.9963906407356262
side_person17.mp4,side,415,13833,30.0,848,478,2,left_eye,0.4400554597377777,0.352954626083374,-0.10805151611566544,0.9988989233970642,0.9962940812110901
side_person17.mp4,side,415,13833,30.0,848,478,3,left_eye_outer,0.4413071274757385,0.35148677229881287,-0.10809427499771118,0.9991581439971924,0.9962210059165955
side_person17.mp4,side,415,13833,30.0,848,478,4,right_eye_inner,0.4387131929397583,0.35459020733833313,-0.07586592435836792,0.9984332323074341,0.9966065883636475
side_person17.mp4,side,415,13833,30.0,848,478,5,right_eye,0.4395960569381714,0.3532155454158783,-0.07589699327945709,0.998404324054718,0.9966011047363281
side_person17.mp4,side,415,13833,30.0,848,478,6,right_eye_outer,0.4406622350215912,0.3517041802406311,-0.07592295110225677,0.9988015294075012,0.9965236783027649
side_person17.mp4,side,415,13833,30.0,848,478,7,left_ear,0.4561217725276947,0.3460237383842468,-0.1549234539270401,0.9977570176124573,0.9949076771736145
side_person17.mp4,side,415,13833,30.0,848,478,8,right_ear,0.45521679520606995,0.34537360072135925,-0.011853191070258617,0.9984748363494873,0.9957113265991211
side_person17.mp4,side,415,13833,30.0,848,478,9,mouth_left,0.4470888674259186,0.3826269507408142,-0.10210379958152771,0.9978702664375305,0.9955365657806396
side_person17.mp4,side,415,13833,30.0,848,478,10,mouth_right,0.4469067454338074,0.3831525146961212,-0.0602349191904068,0.9969155788421631,0.9953582882881165
side_person17.mp4,side,415,13833,30.0,848,478,11,left_shoulder,0.4852343201637268,0.41834285855293274,-0.2392084151506424,0.9982460141181946,0.9904863238334656
side_person17.mp4,side,415,13833,30.0,848,478,12,right_shoulder,0.4866820275783539,0.4186329245567322,0.09065037220716476,0.9954448342323303,0.992067813873291
side_person17.mp4,side,415,13833,30.0,848,478,13,left_elbow,0.409755676984787,0.46958231925964355,-0.30242758989334106,0.980370819568634,0.9972558617591858
side_person17.mp4,side,415,13833,30.0,848,478,14,right_elbow,0.4127129018306732,0.46831250190734863,0.11422099173069,0.22046175599098206,0.9981339573860168
side_person17.mp4,side,415,13833,30.0,848,478,15,left_wrist,0.3297497630119324,0.47473734617233276,-0.2618332505226135,0.9791862964630127,0.9921389222145081
side_person17.mp4,side,415,13833,30.0,848,478,16,right_wrist,0.33525341749191284,0.47423291206359863,0.042492642998695374,0.3135303854942322,0.9895428419113159
side_person17.mp4,side,415,13833,30.0,848,478,17,left_pinky,0.3100902736186981,0.4743668735027313,-0.30076050758361816,0.9708865284919739,0.9876067042350769
side_person17.mp4,side,415,13833,30.0,848,478,18,right_pinky,0.32815513014793396,0.4712149500846863,0.03874496743083,0.3601319491863251,0.9848559498786926
side_person17.mp4,side,415,13833,30.0,848,478,19,left_index,0.3129138946533203,0.4666619598865509,-0.2806699872016907,0.9686874151229858,0.9874407052993774
side_person17.mp4,side,415,13833,30.0,848,478,20,right_index,0.32643288373947144,0.4691295325756073,0.009615232236683369,0.3743036985397339,0.9823009967803955
side_person17.mp4,side,415,13833,30.0,848,478,21,left_thumb,0.31911447644233704,0.4690017104148865,-0.25498905777931213,0.9512530565261841,0.9889039397239685
side_person17.mp4,side,415,13833,30.0,848,478,22,right_thumb,0.326890230178833,0.4713420569896698,0.025671614333987236,0.40433770418167114,0.9851163029670715
side_person17.mp4,side,415,13833,30.0,848,478,23,left_hip,0.56877201795578,0.6226642727851868,-0.1056753396987915,0.9988549947738647,0.9972060322761536
side_person17.mp4,side,415,13833,30.0,848,478,24,right_hip,0.5521183013916016,0.6104760766029358,0.10576416552066803,0.9982545375823975,0.9979118704795837
side_person17.mp4,side,415,13833,30.0,848,478,25,left_knee,0.4796626567840576,0.7456040382385254,-0.07816570997238159,0.9191601276397705,0.9958213567733765
side_person17.mp4,side,415,13833,30.0,848,478,26,right_knee,0.4621947705745697,0.7020279169082642,0.10208754241466522,0.30317503213882446,0.9971572160720825
side_person17.mp4,side,415,13833,30.0,848,478,27,left_ankle,0.5007210373878479,0.9101907014846802,0.0446084626019001,0.9052627086639404,0.9881787896156311
side_person17.mp4,side,415,13833,30.0,848,478,28,right_ankle,0.4963025152683258,0.880535364151001,0.23827135562896729,0.35392987728118896,0.9974685907363892
side_person17.mp4,side,415,13833,30.0,848,478,29,left_heel,0.5119321346282959,0.9314029216766357,0.055843375623226166,0.8892186284065247,0.9876466989517212
side_person17.mp4,side,415,13833,30.0,848,478,30,right_heel,0.5059484243392944,0.9086502194404602,0.2515951693058014,0.519343912601471,0.99679034948349
side_person17.mp4,side,415,13833,30.0,848,478,31,left_foot_index,0.4604215919971466,0.9317097663879395,0.02375529333949089,0.8661453127861023,0.9849739074707031
side_person17.mp4,side,415,13833,30.0,848,478,32,right_foot_index,0.46056315302848816,0.9179766774177551,0.23276019096374512,0.4749762713909149,0.9953964352607727
side_person17.mp4,side,416,13867,30.0,848,478,0,nose,0.43954265117645264,0.35545799136161804,-0.08623906224966049,0.9987598061561584,0.9974785447120667
side_person17.mp4,side,416,13867,30.0,848,478,1,left_eye_inner,0.43932393193244934,0.33879104256629944,-0.1070735976099968,0.9987661242485046,0.9971430897712708
side_person17.mp4,side,416,13867,30.0,848,478,2,left_eye,0.44040536880493164,0.33720138669013977,-0.1071232482790947,0.9988527894020081,0.9970676302909851
side_person17.mp4,side,416,13867,30.0,848,478,3,left_eye_outer,0.4416469633579254,0.33555665612220764,-0.10717102885246277,0.9991317987442017,0.9970188140869141
side_person17.mp4,side,416,13867,30.0,848,478,4,right_eye_inner,0.43912139534950256,0.3390960395336151,-0.0746881440281868,0.9984047412872314,0.9973471164703369
side_person17.mp4,side,416,13867,30.0,848,478,5,right_eye,0.4399817883968353,0.3376905918121338,-0.0747147649526596,0.9983736872673035,0.9973670840263367
side_person17.mp4,side,416,13867,30.0,848,478,6,right_eye_outer,0.44104263186454773,0.33610039949417114,-0.07473959028720856,0.9987738132476807,0.9973326921463013
side_person17.mp4,side,416,13867,30.0,848,478,7,left_ear,0.4572008550167084,0.3287656903266907,-0.15479347109794617,0.997685432434082,0.9962795376777649
side_person17.mp4,side,416,13867,30.0,848,478,8,right_ear,0.4562637507915497,0.3285020589828491,-0.010637273080646992,0.998439371585846,0.997012734413147
side_person17.mp4,side,416,13867,30.0,848,478,9,mouth_left,0.4479151964187622,0.3665684163570404,-0.10081072896718979,0.9978561997413635,0.9970515966415405
side_person17.mp4,side,416,13867,30.0,848,478,10,mouth_right,0.44781169295310974,0.3671814203262329,-0.058627255260944366,0.9967806339263916,0.9968971014022827
side_person17.mp4,side,416,13867,30.0,848,478,11,left_shoulder,0.48640283942222595,0.4007926285266876,-0.23899172246456146,0.9982644319534302,0.994371771812439
side_person17.mp4,side,416,13867,30.0,848,478,12,right_shoulder,0.48816919326782227,0.4020862877368927,0.09418805688619614,0.9953654408454895,0.9954980611801147
side_person17.mp4,side,416,13867,30.0,848,478,13,left_elbow,0.4110184907913208,0.4520372450351715,-0.30083167552948,0.9803377389907837,0.9981017708778381
side_person17.mp4,side,416,13867,30.0,848,478,14,right_elbow,0.416653573513031,0.45214346051216125,0.12029759585857391,0.2221393585205078,0.9988377690315247
side_person17.mp4,side,416,13867,30.0,848,478,15,left_wrist,0.3343741297721863,0.4582170844078064,-0.2613120973110199,0.9787537455558777,0.994450569152832
side_person17.mp4,side,416,13867,30.0,848,478,16,right_wrist,0.34325432777404785,0.45880812406539917,0.0514608733355999,0.3094538748264313,0.9934852719306946
side_person17.mp4,side,416,13867,30.0,848,478,17,left_pinky,0.3119775354862213,0.4591413140296936,-0.30120396614074707,0.970238983631134,0.9914575219154358
side_person17.mp4,side,416,13867,30.0,848,478,18,right_pinky,0.33585304021835327,0.4549182951450348,0.047385912388563156,0.35255783796310425,0.9907203912734985
side_person17.mp4,side,416,13867,30.0,848,478,19,left_index,0.3134240508079529,0.45065009593963623,-0.28137192130088806,0.967947781085968,0.991297721862793
side_person17.mp4,side,416,13867,30.0,848,478,20,right_index,0.3284526467323303,0.4548724293708801,0.01836831122636795,0.36610373854637146,0.9889802932739258
side_person17.mp4,side,416,13867,30.0,848,478,21,left_thumb,0.3226154148578644,0.4522223472595215,-0.25466299057006836,0.9503134489059448,0.9922822117805481
side_person17.mp4,side,416,13867,30.0,848,478,22,right_thumb,0.33120402693748474,0.45764243602752686,0.03470686823129654,0.3961067199707031,0.9907495379447937
side_person17.mp4,side,416,13867,30.0,848,478,23,left_hip,0.5690999627113342,0.6126248240470886,-0.10551523417234421,0.9988506436347961,0.9986106157302856
side_person17.mp4,side,416,13867,30.0,848,478,24,right_hip,0.5524033308029175,0.5988305807113647,0.1055993065237999,0.9982524514198303,0.9988895058631897
side_person17.mp4,side,416,13867,30.0,848,478,25,left_knee,0.48352259397506714,0.7467966675758362,-0.06206653267145157,0.920956015586853,0.9974634647369385
side_person17.mp4,side,416,13867,30.0,848,478,26,right_knee,0.465667724609375,0.6974230408668518,0.1128750741481781,0.3256177604198456,0.9978991746902466
side_person17.mp4,side,416,13867,30.0,848,478,27,left_ankle,0.5009504556655884,0.9103448987007141,0.06039746478199959,0.909482479095459,0.9895262718200684
side_person17.mp4,side,416,13867,30.0,848,478,28,right_ankle,0.49631187319755554,0.8698007464408875,0.2530944347381592,0.37044936418533325,0.9980795383453369
side_person17.mp4,side,416,13867,30.0,848,478,29,left_heel,0.512071430683136,0.9310515522956848,0.0689157173037529,0.8920034766197205,0.9880672693252563
side_person17.mp4,side,416,13867,30.0,848,478,30,right_heel,0.5064486265182495,0.9081772565841675,0.2670058608055115,0.5330851078033447,0.9974931478500366
side_person17.mp4,side,416,13867,30.0,848,478,31,left_foot_index,0.46091213822364807,0.9306522607803345,0.043738726526498795,0.8718217611312866,0.9867708683013916
side_person17.mp4,side,416,13867,30.0,848,478,32,right_foot_index,0.4606395959854126,0.911914050579071,0.2508760988712311,0.4892466366291046,0.9965687990188599
side_person17.mp4,side,417,13900,30.0,848,478,0,nose,0.4403838515281677,0.3370932936668396,-0.03821249678730965,0.9987978339195251,0.9981216788291931
side_person17.mp4,side,417,13900,30.0,848,478,1,left_eye_inner,0.43989500403404236,0.3200458586215973,-0.059859368950128555,0.9987877607345581,0.9977188110351562
side_person17.mp4,side,417,13900,30.0,848,478,2,left_eye,0.4409388303756714,0.31849294900894165,-0.05990250036120415,0.998866617679596,0.997619092464447
side_person17.mp4,side,417,13900,30.0,848,478,3,left_eye_outer,0.4421636462211609,0.3169350028038025,-0.05994335934519768,0.9991474747657776,0.9974839687347412
side_person17.mp4,side,417,13900,30.0,848,478,4,right_eye_inner,0.4396674931049347,0.3203822374343872,-0.02573385089635849,0.9984527826309204,0.9979925155639648
side_person17.mp4,side,417,13900,30.0,848,478,5,right_eye,0.4404802620410919,0.3190023601055145,-0.025751348584890366,0.9984232783317566,0.9980424642562866
side_person17.mp4,side,417,13900,30.0,848,478,6,right_eye_outer,0.441504567861557,0.31750789284706116,-0.025775223970413208,0.9988160729408264,0.9980342984199524
side_person17.mp4,side,417,13900,30.0,848,478,7,left_ear,0.45837339758872986,0.31094351410865784,-0.11239802092313766,0.9977314472198486,0.9969538450241089
side_person17.mp4,side,417,13900,30.0,848,478,8,right_ear,0.45741912722587585,0.3108638525009155,0.03911621496081352,0.9984829425811768,0.9978343844413757
side_person17.mp4,side,417,13900,30.0,848,478,9,mouth_left,0.44863027334213257,0.3484230637550354,-0.05481071025133133,0.9979009628295898,0.9977118968963623
side_person17.mp4,side,417,13900,30.0,848,478,10,mouth_right,0.44852566719055176,0.3491452634334564,-0.01048396434634924,0.9968158602714539,0.9977420568466187
side_person17.mp4,side,417,13900,30.0,848,478,11,left_shoulder,0.4863812029361725,0.3835712969303131,-0.20397023856639862,0.998325765132904,0.9955077171325684
side_person17.mp4,side,417,13900,30.0,848,478,12,right_shoulder,0.4890945851802826,0.3870696425437927,0.14544972777366638,0.9955127239227295,0.9964107871055603
side_person17.mp4,side,417,13900,30.0,848,478,13,left_elbow,0.4104860723018646,0.4344809949398041,-0.25380226969718933,0.9802361726760864,0.9986153841018677
side_person17.mp4,side,417,13900,30.0,848,478,14,right_elbow,0.4179745316505432,0.43659335374832153,0.17589996755123138,0.2236930876970291,0.9991617202758789
side_person17.mp4,side,417,13900,30.0,848,478,15,left_wrist,0.3339189887046814,0.439769983291626,-0.19349387288093567,0.978514552116394,0.9963622689247131
side_person17.mp4,side,417,13900,30.0,848,478,16,right_wrist,0.34931424260139465,0.44532543420791626,0.10870715975761414,0.308504581451416,0.996062695980072
side_person17.mp4,side,417,13900,30.0,848,478,17,left_pinky,0.31175994873046875,0.43942883610725403,-0.22950591146945953,0.9699684381484985,0.9941877126693726
side_person17.mp4,side,417,13900,30.0,848,478,18,right_pinky,0.3373577296733856,0.4463067054748535,0.11020456254482269,0.3481415808200836,0.9941258430480957
side_person17.mp4,side,417,13900,30.0,848,478,19,left_index,0.3131587505340576,0.43279552459716797,-0.2066730111837387,0.9675475358963013,0.9940606951713562
side_person17.mp4,side,417,13900,30.0,848,478,20,right_index,0.3325348198413849,0.4427277445793152,0.07959634065628052,0.3611682653427124,0.9931996464729309
side_person17.mp4,side,417,13900,30.0,848,478,21,left_thumb,0.3217349052429199,0.43528246879577637,-0.18474042415618896,0.9499319195747375,0.9949695467948914
side_person17.mp4,side,417,13900,30.0,848,478,22,right_thumb,0.33604294061660767,0.4452078938484192,0.09186211973428726,0.3913390040397644,0.994175910949707
side_person17.mp4,side,417,13900,30.0,848,478,23,left_hip,0.5690340399742126,0.5974912643432617,-0.10641844570636749,0.9988557696342468,0.9990779161453247
side_person17.mp4,side,417,13900,30.0,848,478,24,right_hip,0.5532263517379761,0.5876778960227966,0.10650627315044403,0.9982669353485107,0.9991413354873657
side_person17.mp4,side,417,13900,30.0,848,478,25,left_knee,0.4855358302593231,0.7471091151237488,-0.06875433772802353,0.921923816204071,0.9969066977500916
side_person17.mp4,side,417,13900,30.0,848,478,26,right_knee,0.47273603081703186,0.6986365914344788,0.10883886367082596,0.3328052759170532,0.997316300868988
side_person17.mp4,side,417,13900,30.0,848,478,27,left_ankle,0.5007101893424988,0.9126960635185242,0.022773338481783867,0.9128060936927795,0.9897210001945496
side_person17.mp4,side,417,13900,30.0,848,478,28,right_ankle,0.49786579608917236,0.8867799043655396,0.2240818738937378,0.3793763518333435,0.9970409274101257
side_person17.mp4,side,417,13900,30.0,848,478,29,left_heel,0.5120851397514343,0.9403542280197144,0.0314372181892395,0.8955866694450378,0.9880176782608032
side_person17.mp4,side,417,13900,30.0,848,478,30,right_heel,0.5065572261810303,0.9143873453140259,0.23514008522033691,0.5407634377479553,0.9961038827896118
side_person17.mp4,side,417,13900,30.0,848,478,31,left_foot_index,0.46057063341140747,0.9302277565002441,-0.005759669002145529,0.8764342069625854,0.9866074323654175
side_person17.mp4,side,417,13900,30.0,848,478,32,right_foot_index,0.4607771039009094,0.9130438566207886,0.2078215777873993,0.49582740664482117,0.9950599074363708
side_person17.mp4,side,418,13933,30.0,848,478,0,nose,0.4412054121494293,0.32047683000564575,-0.03245075047016144,0.9988365173339844,0.9981060028076172
side_person17.mp4,side,418,13933,30.0,848,478,1,left_eye_inner,0.4405665397644043,0.3022475242614746,-0.053916122764348984,0.9988130331039429,0.9977447986602783
side_person17.mp4,side,418,13933,30.0,848,478,2,left_eye,0.44165682792663574,0.3005256950855255,-0.053950801491737366,0.9988818764686584,0.9976394176483154
side_person17.mp4,side,418,13933,30.0,848,478,3,left_eye_outer,0.4429685175418854,0.2987995445728302,-0.05398394912481308,0.999163031578064,0.9974985718727112
side_person17.mp4,side,418,13933,30.0,848,478,4,right_eye_inner,0.4402076303958893,0.302638977766037,-0.019657880067825317,0.9985039234161377,0.9980226755142212
side_person17.mp4,side,418,13933,30.0,848,478,5,right_eye,0.4409719407558441,0.30114221572875977,-0.01967783272266388,0.9984740018844604,0.9980663657188416
side_person17.mp4,side,418,13933,30.0,848,478,6,right_eye_outer,0.44195684790611267,0.29955101013183594,-0.01970859244465828,0.9988607168197632,0.9980531930923462
side_person17.mp4,side,418,13933,30.0,848,478,7,left_ear,0.4596368074417114,0.29354795813560486,-0.10583924502134323,0.9977695345878601,0.9968788623809814
side_person17.mp4,side,418,13933,30.0,848,478,8,right_ear,0.4584196209907532,0.29344698786735535,0.04603127762675285,0.9985309839248657,0.9977668523788452
side_person17.mp4,side,418,13933,30.0,848,478,9,mouth_left,0.44956132769584656,0.3318614363670349,-0.048997122794389725,0.9979318380355835,0.9973562955856323
side_person17.mp4,side,418,13933,30.0,848,478,10,mouth_right,0.44933006167411804,0.332631915807724,-0.004521291237324476,0.9968441724777222,0.9974197149276733
side_person17.mp4,side,418,13933,30.0,848,478,11,left_shoulder,0.48640650510787964,0.36628782749176025,-0.1973436325788498,0.9983628392219543,0.9945515990257263
side_person17.mp4,side,418,13933,30.0,848,478,12,right_shoulder,0.4896343946456909,0.3707224726676941,0.15051522850990295,0.9956165552139282,0.9955991506576538
side_person17.mp4,side,418,13933,30.0,848,478,13,left_elbow,0.4095675051212311,0.4132312834262848,-0.255028635263443,0.9801770448684692,0.9986478686332703
side_person17.mp4,side,418,13933,30.0,848,478,14,right_elbow,0.41869303584098816,0.41638344526290894,0.1761748343706131,0.22398218512535095,0.9990416169166565
side_person17.mp4,side,418,13933,30.0,848,478,15,left_wrist,0.33254167437553406,0.42255860567092896,-0.20813335478305817,0.9781852960586548,0.9959102869033813
side_person17.mp4,side,418,13933,30.0,848,478,16,right_wrist,0.3499447703361511,0.43001890182495117,0.10456163436174393,0.3049650490283966,0.9953250885009766
side_person17.mp4,side,418,13933,30.0,848,478,17,left_pinky,0.3112262487411499,0.42260614037513733,-0.2469557225704193,0.9696189761161804,0.993293285369873
side_person17.mp4,side,418,13933,30.0,848,478,18,right_pinky,0.3376227021217346,0.43336665630340576,0.1057252585887909,0.3416566848754883,0.9933674931526184
side_person17.mp4,side,418,13933,30.0,848,478,19,left_index,0.31339147686958313,0.4172531068325043,-0.22217294573783875,0.9670418500900269,0.9930914640426636
side_person17.mp4,side,418,13933,30.0,848,478,20,right_index,0.33425173163414,0.4304778575897217,0.07355385273694992,0.3540344536304474,0.9921061992645264
side_person17.mp4,side,418,13933,30.0,848,478,21,left_thumb,0.3212067484855652,0.419795960187912,-0.19915921986103058,0.9493680000305176,0.9941138625144958
side_person17.mp4,side,418,13933,30.0,848,478,22,right_thumb,0.33732572197914124,0.4319080710411072,0.08712498843669891,0.384269654750824,0.9930334091186523
side_person17.mp4,side,418,13933,30.0,848,478,23,left_hip,0.5685961842536926,0.5838068723678589,-0.10742036998271942,0.9988529086112976,0.9991781115531921
side_person17.mp4,side,418,13933,30.0,848,478,24,right_hip,0.5533385872840881,0.5745223164558411,0.10751136392354965,0.9982669949531555,0.999235987663269
side_person17.mp4,side,418,13933,30.0,848,478,25,left_knee,0.4866099953651428,0.7438786029815674,-0.08396491408348083,0.9228651523590088,0.996692419052124
side_person17.mp4,side,418,13933,30.0,848,478,26,right_knee,0.4761124849319458,0.6994832754135132,0.09730547666549683,0.33527714014053345,0.9969871640205383
side_person17.mp4,side,418,13933,30.0,848,478,27,left_ankle,0.49992436170578003,0.9124454259872437,-0.0010962506057694554,0.9160779714584351,0.9913926124572754
side_person17.mp4,side,418,13933,30.0,848,478,28,right_ankle,0.49828529357910156,0.8900530934333801,0.20149189233779907,0.38616418838500977,0.996950626373291
side_person17.mp4,side,418,13933,30.0,848,478,29,left_heel,0.5112866163253784,0.9404739737510681,0.007180430460721254,0.9000371098518372,0.9901062846183777
side_person17.mp4,side,418,13933,30.0,848,478,30,right_heel,0.507426381111145,0.91628098487854,0.21134908497333527,0.547167181968689,0.9959409236907959
side_person17.mp4,side,418,13933,30.0,848,478,31,left_foot_index,0.45983317494392395,0.9301413893699646,-0.03004416450858116,0.8805460929870605,0.9882269501686096
side_person17.mp4,side,418,13933,30.0,848,478,32,right_foot_index,0.4612400531768799,0.9134078025817871,0.17957107722759247,0.4995543956756592,0.9948946237564087
side_person17.mp4,side,419,13967,30.0,848,478,0,nose,0.4418172240257263,0.302809476852417,-0.025088215246796608,0.9988943934440613,0.9986579418182373
side_person17.mp4,side,419,13967,30.0,848,478,1,left_eye_inner,0.4414905905723572,0.2836810052394867,-0.0468125119805336,0.9988594651222229,0.9982622265815735
side_person17.mp4,side,419,13967,30.0,848,478,2,left_eye,0.4426857829093933,0.28179919719696045,-0.046839576214551926,0.9989181160926819,0.9981217980384827
side_person17.mp4,side,419,13967,30.0,848,478,3,left_eye_outer,0.4441201090812683,0.2800201177597046,-0.046863656491041183,0.9991928339004517,0.9979356527328491
side_person17.mp4,side,419,13967,30.0,848,478,4,right_eye_inner,0.4410025477409363,0.2841419279575348,-0.012136386707425117,0.9985821843147278,0.9986095428466797
side_person17.mp4,side,419,13967,30.0,848,478,5,right_eye,0.44175586104393005,0.2825818359851837,-0.012163677252829075,0.9985538125038147,0.9986783862113953
side_person17.mp4,side,419,13967,30.0,848,478,6,right_eye_outer,0.4427570402622223,0.2809576988220215,-0.01220067497342825,0.9989251494407654,0.9987055063247681
side_person17.mp4,side,419,13967,30.0,848,478,7,left_ear,0.46067285537719727,0.27516791224479675,-0.09907432645559311,0.9978468418121338,0.9972750544548035
side_person17.mp4,side,419,13967,30.0,848,478,8,right_ear,0.45945873856544495,0.27541446685791016,0.05450226739048958,0.9986080527305603,0.9985492825508118
side_person17.mp4,side,419,13967,30.0,848,478,9,mouth_left,0.4503611922264099,0.31411072611808777,-0.04175495728850365,0.9980016350746155,0.9980560541152954
side_person17.mp4,side,419,13967,30.0,848,478,10,mouth_right,0.4499238133430481,0.31519246101379395,0.003262353129684925,0.9969542622566223,0.9982805252075195
side_person17.mp4,side,419,13967,30.0,848,478,11,left_shoulder,0.4869001507759094,0.35007575154304504,-0.19133596122264862,0.9984164834022522,0.9952917098999023
side_person17.mp4,side,419,13967,30.0,848,478,12,right_shoulder,0.48988866806030273,0.35579806566238403,0.16016677021980286,0.9958015084266663,0.9972602128982544
side_person17.mp4,side,419,13967,30.0,848,478,13,left_elbow,0.40952470898628235,0.3946283459663391,-0.24912427365779877,0.9802869558334351,0.9989750385284424
side_person17.mp4,side,419,13967,30.0,848,478,14,right_elbow,0.42067715525627136,0.4030751585960388,0.1879013329744339,0.23124763369560242,0.9994779229164124
side_person17.mp4,side,419,13967,30.0,848,478,15,left_wrist,0.33469879627227783,0.4045667052268982,-0.20243245363235474,0.9782052040100098,0.9972692131996155
side_person17.mp4,side,419,13967,30.0,848,478,16,right_wrist,0.3521314263343811,0.41821572184562683,0.11594508588314056,0.31233182549476624,0.9978532195091248
side_person17.mp4,side,419,13967,30.0,848,478,17,left_pinky,0.31315940618515015,0.40315666794776917,-0.24039140343666077,0.969674289226532,0.9955299496650696
side_person17.mp4,side,419,13967,30.0,848,478,18,right_pinky,0.33902326226234436,0.41931837797164917,0.11833161115646362,0.3449549674987793,0.996800422668457
side_person17.mp4,side,419,13967,30.0,848,478,19,left_index,0.3163110613822937,0.40000081062316895,-0.2154761552810669,0.9669586420059204,0.9953961968421936
side_person17.mp4,side,419,13967,30.0,848,478,20,right_index,0.33720919489860535,0.41850051283836365,0.0858108326792717,0.3569648861885071,0.9962249994277954
side_person17.mp4,side,419,13967,30.0,848,478,21,left_thumb,0.3238532841205597,0.40335193276405334,-0.19324517250061035,0.9493829011917114,0.9961286783218384
side_person17.mp4,side,419,13967,30.0,848,478,22,right_thumb,0.3396551311016083,0.4186750054359436,0.09846022725105286,0.3873646855354309,0.996752917766571
side_person17.mp4,side,419,13967,30.0,848,478,23,left_hip,0.5681338906288147,0.5702322125434875,-0.10886408388614655,0.9988450407981873,0.9992160797119141
side_person17.mp4,side,419,13967,30.0,848,478,24,right_hip,0.5533023476600647,0.5631558299064636,0.10895256698131561,0.9982720613479614,0.9993497729301453
side_person17.mp4,side,419,13967,30.0,848,478,25,left_knee,0.4897226393222809,0.739198625087738,-0.09596000611782074,0.9239319562911987,0.9971247315406799
side_person17.mp4,side,419,13967,30.0,848,478,26,right_knee,0.48003536462783813,0.700291097164154,0.08743078261613846,0.3405945897102356,0.9976460337638855
side_person17.mp4,side,419,13967,30.0,848,478,27,left_ankle,0.4999561607837677,0.9120553731918335,-0.018938634544610977,0.9194065928459167,0.9920021295547485
side_person17.mp4,side,419,13967,30.0,848,478,28,right_ankle,0.498776376247406,0.8905960321426392,0.1825868785381317,0.39411261677742004,0.9973942041397095
side_person17.mp4,side,419,13967,30.0,848,478,29,left_heel,0.5099897980690002,0.939445972442627,-0.011988193728029728,0.9043118357658386,0.9904962778091431
side_person17.mp4,side,419,13967,30.0,848,478,30,right_heel,0.5076025724411011,0.9200514554977417,0.19136004149913788,0.5539026856422424,0.9963860511779785
side_person17.mp4,side,419,13967,30.0,848,478,31,left_foot_index,0.4598332941532135,0.9301509261131287,-0.05411598086357117,0.8848183155059814,0.989329993724823
side_person17.mp4,side,419,13967,30.0,848,478,32,right_foot_index,0.46126535534858704,0.9176331162452698,0.15575215220451355,0.504878044128418,0.9956130981445312
side_person17.mp4,side,420,14000,30.0,848,478,0,nose,0.4430047571659088,0.28475773334503174,-0.03221944719552994,0.998921275138855,0.997763991355896
side_person17.mp4,side,420,14000,30.0,848,478,1,left_eye_inner,0.44286048412323,0.26543474197387695,-0.05402068793773651,0.9988774061203003,0.9973331689834595
side_person17.mp4,side,420,14000,30.0,848,478,2,left_eye,0.4440609812736511,0.2635568082332611,-0.05405163764953613,0.9989253282546997,0.9971700310707092
side_person17.mp4,side,420,14000,30.0,848,478,3,left_eye_outer,0.44549497961997986,0.2617517411708832,-0.054074615240097046,0.9992012977600098,0.996964156627655
side_person17.mp4,side,420,14000,30.0,848,478,4,right_eye_inner,0.442432165145874,0.2658360004425049,-0.018686285242438316,0.9986295700073242,0.9978044629096985
side_person17.mp4,side,420,14000,30.0,848,478,5,right_eye,0.4432489275932312,0.2642166316509247,-0.018710585311055183,0.9986016154289246,0.9979196190834045
side_person17.mp4,side,420,14000,30.0,848,478,6,right_eye_outer,0.4443078637123108,0.2625678479671478,-0.018749510869383812,0.9989677667617798,0.9979739785194397
side_person17.mp4,side,420,14000,30.0,848,478,7,left_ear,0.4619319438934326,0.2568933069705963,-0.10619816929101944,0.9978796243667603,0.9962751865386963
side_person17.mp4,side,420,14000,30.0,848,478,8,right_ear,0.46073034405708313,0.25727909803390503,0.05045140162110329,0.9986526370048523,0.9978346228599548
side_person17.mp4,side,420,14000,30.0,848,478,9,mouth_left,0.45124202966690063,0.2966080904006958,-0.04873209074139595,0.9980199337005615,0.9969670176506042
side_person17.mp4,side,420,14000,30.0,848,478,10,mouth_right,0.4508284032344818,0.29740357398986816,-0.002830937970429659,0.9969900846481323,0.9972996115684509
side_person17.mp4,side,420,14000,30.0,848,478,11,left_shoulder,0.48769643902778625,0.3321818709373474,-0.1991012543439865,0.9984415769577026,0.993543267250061
side_person17.mp4,side,420,14000,30.0,848,478,12,right_shoulder,0.49097540974617004,0.3401600122451782,0.15928690135478973,0.995906412601471,0.9956218600273132
side_person17.mp4,side,420,14000,30.0,848,478,13,left_elbow,0.4094223082065582,0.37552428245544434,-0.2622849941253662,0.980380654335022,0.9985466599464417
side_person17.mp4,side,420,14000,30.0,848,478,14,right_elbow,0.4224717617034912,0.38817518949508667,0.18322865664958954,0.23381368815898895,0.999089241027832
side_person17.mp4,side,420,14000,30.0,848,478,15,left_wrist,0.3337010443210602,0.38630008697509766,-0.2233159840106964,0.9779888391494751,0.9952951073646545
side_person17.mp4,side,420,14000,30.0,848,478,16,right_wrist,0.3520645499229431,0.40112075209617615,0.10295264422893524,0.31338804960250854,0.9962050318717957
side_person17.mp4,side,420,14000,30.0,848,478,17,left_pinky,0.3124207854270935,0.38513675332069397,-0.26411741971969604,0.9694424271583557,0.9925320744514465
side_person17.mp4,side,420,14000,30.0,848,478,18,right_pinky,0.3382980525493622,0.4014478921890259,0.10428359359502792,0.34330081939697266,0.9947629570960999
side_person17.mp4,side,420,14000,30.0,848,478,19,left_index,0.3156276345252991,0.38222193717956543,-0.23899659514427185,0.9665449261665344,0.9923595786094666
side_person17.mp4,side,420,14000,30.0,848,478,20,right_index,0.3367016613483429,0.4008582830429077,0.06944288313388824,0.35481756925582886,0.9936851859092712
side_person17.mp4,side,420,14000,30.0,848,478,21,left_thumb,0.32293885946273804,0.38544052839279175,-0.2143162190914154,0.9487338066101074,0.9934136271476746
side_person17.mp4,side,420,14000,30.0,848,478,22,right_thumb,0.3390880525112152,0.40118086338043213,0.08446706086397171,0.385053426027298,0.9943866729736328
side_person17.mp4,side,420,14000,30.0,848,478,23,left_hip,0.5669386386871338,0.5568464398384094,-0.11176099628210068,0.9987819194793701,0.9988141059875488
side_person17.mp4,side,420,14000,30.0,848,478,24,right_hip,0.553276538848877,0.5522899627685547,0.11186107248067856,0.9981697201728821,0.9989137649536133
side_person17.mp4,side,420,14000,30.0,848,478,25,left_knee,0.49369701743125916,0.7332541346549988,-0.09680597484111786,0.9253947734832764,0.9956932663917542
side_person17.mp4,side,420,14000,30.0,848,478,26,right_knee,0.4862987697124481,0.7007638812065125,0.09546643495559692,0.3427252769470215,0.9961446523666382
side_person17.mp4,side,420,14000,30.0,848,478,27,left_ankle,0.49970659613609314,0.9102025628089905,-0.014139944687485695,0.9224825501441956,0.9895780086517334
side_person17.mp4,side,420,14000,30.0,848,478,28,right_ankle,0.4991864264011383,0.8892431259155273,0.1973460167646408,0.3998371958732605,0.9962232112884521
side_person17.mp4,side,420,14000,30.0,848,478,29,left_heel,0.5075769424438477,0.9386761784553528,-0.007400069385766983,0.9083263278007507,0.9877945184707642
side_person17.mp4,side,420,14000,30.0,848,478,30,right_heel,0.507911741733551,0.9186965227127075,0.20661398768424988,0.5590139031410217,0.9946840405464172
side_person17.mp4,side,420,14000,30.0,848,478,31,left_foot_index,0.4592411518096924,0.9289125204086304,-0.054546505212783813,0.8882570266723633,0.9873873591423035
side_person17.mp4,side,420,14000,30.0,848,478,32,right_foot_index,0.46133676171302795,0.9175714254379272,0.16741329431533813,0.5075661540031433,0.994510293006897
side_person17.mp4,side,421,14033,30.0,848,478,0,nose,0.4448436200618744,0.2646752595901489,-0.042845241725444794,0.9988832473754883,0.9949536919593811
side_person17.mp4,side,421,14033,30.0,848,478,1,left_eye_inner,0.4449535310268402,0.24519988894462585,-0.0663212388753891,0.9988424777984619,0.9946823716163635
side_person17.mp4,side,421,14033,30.0,848,478,2,left_eye,0.4461480975151062,0.24345827102661133,-0.06636977940797806,0.9988850355148315,0.9946812987327576
side_person17.mp4,side,421,14033,30.0,848,478,3,left_eye_outer,0.4475581645965576,0.2417951226234436,-0.06636474281549454,0.999176561832428,0.9946467280387878
side_person17.mp4,side,421,14033,30.0,848,478,4,right_eye_inner,0.44459089636802673,0.24562440812587738,-0.024738313630223274,0.9986160397529602,0.9950319528579712
side_person17.mp4,side,421,14033,30.0,848,478,5,right_eye,0.4454602599143982,0.24412696063518524,-0.02474112994968891,0.998586893081665,0.9952167272567749
side_person17.mp4,side,421,14033,30.0,848,478,6,right_eye_outer,0.4465552866458893,0.24258868396282196,-0.024852553382515907,0.9989638924598694,0.9953000545501709
side_person17.mp4,side,421,14033,30.0,848,478,7,left_ear,0.4636302590370178,0.2379074990749359,-0.11620186269283295,0.99783855676651,0.9943572878837585
side_person17.mp4,side,421,14033,30.0,848,478,8,right_ear,0.46247175335884094,0.23799216747283936,0.03561865910887718,0.9986249208450317,0.9953318238258362
side_person17.mp4,side,421,14033,30.0,848,478,9,mouth_left,0.4526929557323456,0.2770650386810303,-0.05751080811023712,0.9979512095451355,0.995064914226532
side_person17.mp4,side,421,14033,30.0,848,478,10,mouth_right,0.45233604311943054,0.27779850363731384,-0.0045328508131206036,0.9968799948692322,0.9950527548789978
side_person17.mp4,side,421,14033,30.0,848,478,11,left_shoulder,0.4891989231109619,0.3158944845199585,-0.21425046026706696,0.9984400868415833,0.9929831027984619
side_person17.mp4,side,421,14033,30.0,848,478,12,right_shoulder,0.492457777261734,0.32202592492103577,0.1397397220134735,0.9958909153938293,0.993881344795227
side_person17.mp4,side,421,14033,30.0,848,478,13,left_elbow,0.4095039367675781,0.36443641781806946,-0.2769002616405487,0.9804450273513794,0.9981491565704346
side_person17.mp4,side,421,14033,30.0,848,478,14,right_elbow,0.42360052466392517,0.3755353093147278,0.16521862149238586,0.23194000124931335,0.9985564351081848
side_person17.mp4,side,421,14033,30.0,848,478,15,left_wrist,0.3331461548805237,0.3678485155105591,-0.24646875262260437,0.9777059555053711,0.993981659412384
side_person17.mp4,side,421,14033,30.0,848,478,16,right_wrist,0.35264459252357483,0.383926123380661,0.09212294220924377,0.30860456824302673,0.9940400123596191
side_person17.mp4,side,421,14033,30.0,848,478,17,left_pinky,0.3120459318161011,0.36328908801078796,-0.29377779364585876,0.969201922416687,0.990990161895752
side_person17.mp4,side,421,14033,30.0,848,478,18,right_pinky,0.33817794919013977,0.38160985708236694,0.09728085994720459,0.33756253123283386,0.9923900961875916
side_person17.mp4,side,421,14033,30.0,848,478,19,left_index,0.31520742177963257,0.3596327304840088,-0.265982985496521,0.966199517250061,0.9909746050834656
side_person17.mp4,side,421,14033,30.0,848,478,20,right_index,0.3367147743701935,0.38005614280700684,0.050906889140605927,0.34860071539878845,0.9908717274665833
side_person17.mp4,side,421,14033,30.0,848,478,21,left_thumb,0.3224254250526428,0.36352744698524475,-0.23655718564987183,0.9480137825012207,0.992064893245697
side_person17.mp4,side,421,14033,30.0,848,478,22,right_thumb,0.33924832940101624,0.38184770941734314,0.06975366175174713,0.3780463933944702,0.9917030930519104
side_person17.mp4,side,421,14033,30.0,848,478,23,left_hip,0.5646602511405945,0.5457984805107117,-0.11308404058218002,0.9986709356307983,0.9983851909637451
side_person17.mp4,side,421,14033,30.0,848,478,24,right_hip,0.5532523393630981,0.5413339734077454,0.11318384110927582,0.9979346394538879,0.9983851909637451
side_person17.mp4,side,421,14033,30.0,848,478,25,left_knee,0.49343544244766235,0.728562593460083,-0.09392838180065155,0.9280520081520081,0.9956218600273132
side_person17.mp4,side,421,14033,30.0,848,478,26,right_knee,0.48929738998413086,0.701096773147583,0.10586458444595337,0.34775522351264954,0.9949749708175659
side_person17.mp4,side,421,14033,30.0,848,478,27,left_ankle,0.4994491636753082,0.9090264439582825,-0.0006263847462832928,0.9265215396881104,0.9909347891807556
side_person17.mp4,side,421,14033,30.0,848,478,28,right_ankle,0.500235915184021,0.888103187084198,0.21130585670471191,0.40838414430618286,0.9959415793418884
side_person17.mp4,side,421,14033,30.0,848,478,29,left_heel,0.5061039924621582,0.9368000626564026,0.006780093070119619,0.9130450487136841,0.9891939163208008
side_person17.mp4,side,421,14033,30.0,848,478,30,right_heel,0.5094816088676453,0.9173755049705505,0.22326204180717468,0.5649588704109192,0.9944416880607605
side_person17.mp4,side,421,14033,30.0,848,478,31,left_foot_index,0.4583253562450409,0.9288663268089294,-0.04037782549858093,0.8929040431976318,0.9891566038131714
side_person17.mp4,side,421,14033,30.0,848,478,32,right_foot_index,0.46180760860443115,0.9172122478485107,0.19434134662151337,0.5131482481956482,0.9952776432037354
side_person17.mp4,side,422,14067,30.0,848,478,0,nose,0.44757944345474243,0.24652445316314697,-0.10002674907445908,0.9987579584121704,0.9901678562164307
side_person17.mp4,side,422,14067,30.0,848,478,1,left_eye_inner,0.4476882517337799,0.22708429396152496,-0.12308163195848465,0.9987070560455322,0.9902194142341614
side_person17.mp4,side,422,14067,30.0,848,478,2,left_eye,0.4488988518714905,0.22534357011318207,-0.12312649190425873,0.9987419843673706,0.9903833270072937
side_person17.mp4,side,422,14067,30.0,848,478,3,left_eye_outer,0.4503052830696106,0.2236679643392563,-0.123158298432827,0.9990769624710083,0.9905201196670532
side_person17.mp4,side,422,14067,30.0,848,478,4,right_eye_inner,0.44728463888168335,0.22751455008983612,-0.08570865541696548,0.9984965324401855,0.9908672571182251
side_person17.mp4,side,422,14067,30.0,848,478,5,right_eye,0.4481387138366699,0.2260080724954605,-0.08572719991207123,0.9984581470489502,0.9913826584815979
side_person17.mp4,side,422,14067,30.0,848,478,6,right_eye_outer,0.44920143485069275,0.22442688047885895,-0.08579254150390625,0.99887615442276,0.9917538166046143
side_person17.mp4,side,422,14067,30.0,848,478,7,left_ear,0.4661715030670166,0.22019267082214355,-0.17145852744579315,0.9976743459701538,0.990354061126709
side_person17.mp4,side,422,14067,30.0,848,478,8,right_ear,0.4648929536342621,0.22026494145393372,-0.010155640542507172,0.9984920620918274,0.9923932552337646
side_person17.mp4,side,422,14067,30.0,848,478,9,mouth_left,0.45511195063591003,0.25843533873558044,-0.11432452499866486,0.9977957606315613,0.9920340180397034
side_person17.mp4,side,422,14067,30.0,848,478,10,mouth_right,0.4547467529773712,0.2596401572227478,-0.06573642790317535,0.9966144561767578,0.9920125603675842
side_person17.mp4,side,422,14067,30.0,848,478,11,left_shoulder,0.4919290244579315,0.298690527677536,-0.258982390165329,0.9983925223350525,0.9911848902702332
side_person17.mp4,side,422,14067,30.0,848,478,12,right_shoulder,0.493280827999115,0.3029497563838959,0.11093813180923462,0.9957984685897827,0.9934990406036377
side_person17.mp4,side,422,14067,30.0,848,478,13,left_elbow,0.4138013422489166,0.34892210364341736,-0.33016669750213623,0.980574369430542,0.9974887371063232
side_person17.mp4,side,422,14067,30.0,848,478,14,right_elbow,0.4249914884567261,0.35766229033470154,0.13341692090034485,0.2317238450050354,0.9985193610191345
side_person17.mp4,side,422,14067,30.0,848,478,15,left_wrist,0.3369290232658386,0.3489907383918762,-0.3021640479564667,0.9772508144378662,0.9912950992584229
side_person17.mp4,side,422,14067,30.0,848,478,16,right_wrist,0.35270997881889343,0.36529627442359924,0.04283449426293373,0.3052045702934265,0.9931352138519287
side_person17.mp4,side,422,14067,30.0,848,478,17,left_pinky,0.3144262135028839,0.346579909324646,-0.35030597448349,0.9686177968978882,0.9875661134719849
side_person17.mp4,side,422,14067,30.0,848,478,18,right_pinky,0.33800050616264343,0.3632505536079407,0.04121587052941322,0.33282244205474854,0.9912340044975281
side_person17.mp4,side,422,14067,30.0,848,478,19,left_index,0.31629443168640137,0.34176498651504517,-0.32491564750671387,0.9655048251152039,0.9874914884567261
side_person17.mp4,side,422,14067,30.0,848,478,20,right_index,0.33652275800704956,0.3617936074733734,0.0021354304626584053,0.34364986419677734,0.9892051219940186
side_person17.mp4,side,422,14067,30.0,848,478,21,left_thumb,0.3238735795021057,0.34598296880722046,-0.2937377989292145,0.946674108505249,0.9886950850486755
side_person17.mp4,side,422,14067,30.0,848,478,22,right_thumb,0.33915606141090393,0.3631337881088257,0.022179754450917244,0.3724387586116791,0.9901290535926819
side_person17.mp4,side,422,14067,30.0,848,478,23,left_hip,0.5633782148361206,0.5342146754264832,-0.1128290519118309,0.9984776377677917,0.997343122959137
side_person17.mp4,side,422,14067,30.0,848,478,24,right_hip,0.5505439639091492,0.5294118523597717,0.1129215732216835,0.9975892305374146,0.9974343180656433
side_person17.mp4,side,422,14067,30.0,848,478,25,left_knee,0.49701187014579773,0.7196569442749023,-0.08908578753471375,0.9296820163726807,0.993511974811554
side_person17.mp4,side,422,14067,30.0,848,478,26,right_knee,0.4888525903224945,0.697295069694519,0.10863745212554932,0.3596194386482239,0.9930071830749512
side_person17.mp4,side,422,14067,30.0,848,478,27,left_ankle,0.4993661344051361,0.9052178263664246,0.006513071712106466,0.9296683669090271,0.9865496754646301
side_person17.mp4,side,422,14067,30.0,848,478,28,right_ankle,0.5002171993255615,0.8863871693611145,0.22147652506828308,0.42054370045661926,0.9943906664848328
side_person17.mp4,side,422,14067,30.0,848,478,29,left_heel,0.5065404176712036,0.9364410638809204,0.01668715849518776,0.9157665371894836,0.9840856790542603
side_person17.mp4,side,422,14067,30.0,848,478,30,right_heel,0.5095236301422119,0.9168190956115723,0.23167374730110168,0.5712790489196777,0.992270827293396
side_person17.mp4,side,422,14067,30.0,848,478,31,left_foot_index,0.4582597315311432,0.9274354577064514,-0.03451564535498619,0.8964365720748901,0.9847193956375122
side_person17.mp4,side,422,14067,30.0,848,478,32,right_foot_index,0.4617898464202881,0.9144458174705505,0.20019693672657013,0.521807074546814,0.9935738444328308
side_person17.mp4,side,423,14100,30.0,848,478,0,nose,0.4494529366493225,0.22692440450191498,-0.13137207925319672,0.9986615180969238,0.9949420094490051
side_person17.mp4,side,423,14100,30.0,848,478,1,left_eye_inner,0.44992464780807495,0.20837467908859253,-0.1533127874135971,0.9985833168029785,0.9949548840522766
side_person17.mp4,side,423,14100,30.0,848,478,2,left_eye,0.45112675428390503,0.20681215822696686,-0.15336698293685913,0.9986190795898438,0.9950273633003235
side_person17.mp4,side,423,14100,30.0,848,478,3,left_eye_outer,0.4525591731071472,0.20527806878089905,-0.1533944308757782,0.9989892840385437,0.9950883984565735
side_person17.mp4,side,423,14100,30.0,848,478,4,right_eye_inner,0.44949236512184143,0.20875178277492523,-0.11750227212905884,0.9983827471733093,0.9952860474586487
side_person17.mp4,side,423,14100,30.0,848,478,5,right_eye,0.4503079950809479,0.20737771689891815,-0.11752242594957352,0.9983454346656799,0.9955213069915771
side_person17.mp4,side,423,14100,30.0,848,478,6,right_eye_outer,0.45137035846710205,0.20598717033863068,-0.11757815629243851,0.9988023042678833,0.9957045912742615
side_person17.mp4,side,423,14100,30.0,848,478,7,left_ear,0.4688929319381714,0.2021290510892868,-0.1979399472475052,0.99751877784729,0.9946326017379761
side_person17.mp4,side,423,14100,30.0,848,478,8,right_ear,0.4675563871860504,0.20222581923007965,-0.03913113474845886,0.9983651638031006,0.9957886338233948
side_person17.mp4,side,423,14100,30.0,848,478,9,mouth_left,0.4570815861225128,0.2404487133026123,-0.14429871737957,0.9976772665977478,0.9957778453826904
side_person17.mp4,side,423,14100,30.0,848,478,10,mouth_right,0.45656874775886536,0.2412007600069046,-0.09758683294057846,0.9963664412498474,0.995983362197876
side_person17.mp4,side,423,14100,30.0,848,478,11,left_shoulder,0.49345728754997253,0.28243520855903625,-0.27912625670433044,0.9984143972396851,0.994346559047699
side_person17.mp4,side,423,14100,30.0,848,478,12,right_shoulder,0.4933978319168091,0.2910939157009125,0.0816618874669075,0.9958095550537109,0.9959278702735901
side_person17.mp4,side,423,14100,30.0,848,478,13,left_elbow,0.41327741742134094,0.33225980401039124,-0.3656556010246277,0.9809174537658691,0.99843829870224
side_person17.mp4,side,423,14100,30.0,848,478,14,right_elbow,0.4241498112678528,0.34637391567230225,0.10416629910469055,0.2391650676727295,0.9991044402122498
side_person17.mp4,side,423,14100,30.0,848,478,15,left_wrist,0.33634310960769653,0.3294539749622345,-0.3670676648616791,0.97735595703125,0.993883490562439
side_person17.mp4,side,423,14100,30.0,848,478,16,right_wrist,0.3523727059364319,0.3553909361362457,0.010606439784169197,0.31284114718437195,0.9966953992843628
side_person17.mp4,side,423,14100,30.0,848,478,17,left_pinky,0.3138997554779053,0.32658469676971436,-0.42065274715423584,0.9688155651092529,0.9915646314620972
side_person17.mp4,side,423,14100,30.0,848,478,18,right_pinky,0.3384788930416107,0.3514331579208374,0.006876024883240461,0.33914434909820557,0.9958764314651489
side_person17.mp4,side,423,14100,30.0,848,478,19,left_index,0.31594187021255493,0.3207179009914398,-0.39351120591163635,0.9655977487564087,0.9916480779647827
side_person17.mp4,side,423,14100,30.0,848,478,20,right_index,0.3360258638858795,0.348184198141098,-0.03281291946768761,0.349830687046051,0.9948746562004089
side_person17.mp4,side,423,14100,30.0,848,478,21,left_thumb,0.32305631041526794,0.32484519481658936,-0.35904908180236816,0.9463543891906738,0.9922558069229126
side_person17.mp4,side,423,14100,30.0,848,478,22,right_thumb,0.3387834131717682,0.3514415919780731,-0.01032967958599329,0.3779646158218384,0.9953639507293701
side_person17.mp4,side,423,14100,30.0,848,478,23,left_hip,0.5625290274620056,0.5240825414657593,-0.11257772892713547,0.9983877539634705,0.9978984594345093
side_person17.mp4,side,423,14100,30.0,848,478,24,right_hip,0.546789824962616,0.5193522572517395,0.11264193803071976,0.9972875118255615,0.99770587682724
side_person17.mp4,side,423,14100,30.0,848,478,25,left_knee,0.5078356862068176,0.7119102478027344,-0.08138330280780792,0.9301955103874207,0.997043788433075
side_person17.mp4,side,423,14100,30.0,848,478,26,right_knee,0.4909977316856384,0.6892086863517761,0.12146591395139694,0.37122201919555664,0.9962168335914612
side_person17.mp4,side,423,14100,30.0,848,478,27,left_ankle,0.501093864440918,0.9032348394393921,0.010833071544766426,0.9333230257034302,0.9933611154556274
side_person17.mp4,side,423,14100,30.0,848,478,28,right_ankle,0.5017816424369812,0.8759374022483826,0.24233151972293854,0.4376208484172821,0.9976664781570435
side_person17.mp4,side,423,14100,30.0,848,478,29,left_heel,0.5078374147415161,0.9351195096969604,0.019491832703351974,0.9191519021987915,0.9910382032394409
side_person17.mp4,side,423,14100,30.0,848,478,30,right_heel,0.5094425082206726,0.9076478481292725,0.25279346108436584,0.5848162770271301,0.9967051148414612
side_person17.mp4,side,423,14100,30.0,848,478,31,left_foot_index,0.4583809971809387,0.9265115857124329,-0.05005819723010063,0.9009637236595154,0.9916763305664062
side_person17.mp4,side,423,14100,30.0,848,478,32,right_foot_index,0.46342143416404724,0.9076783657073975,0.2062920778989792,0.5394912958145142,0.9973293542861938
side_person17.mp4,side,424,14133,30.0,848,478,0,nose,0.4522330164909363,0.21028006076812744,-0.11906807124614716,0.9985675811767578,0.9979683756828308
side_person17.mp4,side,424,14133,30.0,848,478,1,left_eye_inner,0.4529663622379303,0.19114671647548676,-0.14126241207122803,0.9984466433525085,0.9977942705154419
side_person17.mp4,side,424,14133,30.0,848,478,2,left_eye,0.45419591665267944,0.1895425021648407,-0.14131151139736176,0.9984794855117798,0.997766375541687
side_person17.mp4,side,424,14133,30.0,848,478,3,left_eye_outer,0.45564284920692444,0.1880037635564804,-0.14132504165172577,0.9988841414451599,0.9976702332496643
side_person17.mp4,side,424,14133,30.0,848,478,4,right_eye_inner,0.4525505006313324,0.19153963029384613,-0.10557171702384949,0.9982670545578003,0.9980790615081787
side_person17.mp4,side,424,14133,30.0,848,478,5,right_eye,0.4534119665622711,0.1901589334011078,-0.10558415949344635,0.9982240796089172,0.998193085193634
side_person17.mp4,side,424,14133,30.0,848,478,6,right_eye_outer,0.45452913641929626,0.18874096870422363,-0.10563974827528,0.9987292289733887,0.9982833862304688
side_person17.mp4,side,424,14133,30.0,848,478,7,left_ear,0.47174087166786194,0.18553003668785095,-0.18724143505096436,0.9973572492599487,0.9972960352897644
side_person17.mp4,side,424,14133,30.0,848,478,8,right_ear,0.47045862674713135,0.18553057312965393,-0.028332600370049477,0.998256504535675,0.9982366561889648
side_person17.mp4,side,424,14133,30.0,848,478,9,mouth_left,0.45978012681007385,0.2242516279220581,-0.13261760771274567,0.9976271390914917,0.9982282519340515
side_person17.mp4,side,424,14133,30.0,848,478,10,mouth_right,0.4591216444969177,0.2250523716211319,-0.08595937490463257,0.9962520003318787,0.9984613656997681
side_person17.mp4,side,424,14133,30.0,848,478,11,left_shoulder,0.49531224370002747,0.2651459574699402,-0.26832011342048645,0.9984935522079468,0.9970735311508179
side_person17.mp4,side,424,14133,30.0,848,478,12,right_shoulder,0.4948400855064392,0.27816784381866455,0.09077440202236176,0.9959779381752014,0.998174786567688
side_person17.mp4,side,424,14133,30.0,848,478,13,left_elbow,0.41302552819252014,0.3112032115459442,-0.3571094274520874,0.9817581176757812,0.9990701079368591
side_person17.mp4,side,424,14133,30.0,848,478,14,right_elbow,0.426832914352417,0.3352338969707489,0.11128164827823639,0.2554379999637604,0.9994858503341675
side_person17.mp4,side,424,14133,30.0,848,478,15,left_wrist,0.335682213306427,0.31142041087150574,-0.3530239462852478,0.9770269989967346,0.9971259236335754
side_person17.mp4,side,424,14133,30.0,848,478,16,right_wrist,0.35794714093208313,0.3513745069503784,0.02972256951034069,0.330346018075943,0.9987078905105591
side_person17.mp4,side,424,14133,30.0,848,478,17,left_pinky,0.31357336044311523,0.30796098709106445,-0.4033966362476349,0.9680352807044983,0.9965828061103821
side_person17.mp4,side,424,14133,30.0,848,478,18,right_pinky,0.3454434275627136,0.3479582667350769,0.02662285976111889,0.3535756766796112,0.9984943866729736
side_person17.mp4,side,424,14133,30.0,848,478,19,left_index,0.31574249267578125,0.304049015045166,-0.3750804364681244,0.9645697474479675,0.9965282082557678
side_person17.mp4,side,424,14133,30.0,848,478,20,right_index,0.3435133099555969,0.345964252948761,-0.010129195638000965,0.3650552034378052,0.9981708526611328
side_person17.mp4,side,424,14133,30.0,848,478,21,left_thumb,0.32274293899536133,0.3097473084926605,-0.3442211449146271,0.9444248080253601,0.9966498017311096
side_person17.mp4,side,424,14133,30.0,848,478,22,right_thumb,0.34525540471076965,0.3459020256996155,0.010066072456538677,0.3924422860145569,0.9982976317405701
side_person17.mp4,side,424,14133,30.0,848,478,23,left_hip,0.5610558986663818,0.5143076181411743,-0.11246658861637115,0.9983521103858948,0.9982948899269104
side_person17.mp4,side,424,14133,30.0,848,478,24,right_hip,0.5439364910125732,0.5127424597740173,0.11249250173568726,0.9970812201499939,0.9979867935180664
side_person17.mp4,side,424,14133,30.0,848,478,25,left_knee,0.5146346688270569,0.7016506791114807,-0.08145216852426529,0.9305868148803711,0.9985004663467407
side_person17.mp4,side,424,14133,30.0,848,478,26,right_knee,0.49273768067359924,0.6845794320106506,0.12182137370109558,0.38215017318725586,0.9977173805236816
side_person17.mp4,side,424,14133,30.0,848,478,27,left_ankle,0.5051742792129517,0.9012768864631653,-0.0023752055130898952,0.9370378255844116,0.9950417876243591
side_person17.mp4,side,424,14133,30.0,848,478,28,right_ankle,0.5001102685928345,0.8609196543693542,0.2388736605644226,0.4543899893760681,0.998304009437561
side_person17.mp4,side,424,14133,30.0,848,478,29,left_heel,0.5114942789077759,0.9309817552566528,0.0013274583034217358,0.9223872423171997,0.9923858642578125
side_person17.mp4,side,424,14133,30.0,848,478,30,right_heel,0.5074577331542969,0.8981966376304626,0.24812579154968262,0.5995323657989502,0.9974809288978577
side_person17.mp4,side,424,14133,30.0,848,478,31,left_foot_index,0.46058449149131775,0.9257142543792725,-0.07703284174203873,0.9055130481719971,0.993129312992096
side_person17.mp4,side,424,14133,30.0,848,478,32,right_foot_index,0.4633205235004425,0.9014419317245483,0.19568799436092377,0.5571434497833252,0.9979835748672485
side_person17.mp4,side,425,14167,30.0,848,478,0,nose,0.4554000794887543,0.1928693801164627,-0.11261830478906631,0.9984568357467651,0.9983564019203186
side_person17.mp4,side,425,14167,30.0,848,478,1,left_eye_inner,0.4565875828266144,0.1737920492887497,-0.1351870745420456,0.998306155204773,0.9982073307037354
side_person17.mp4,side,425,14167,30.0,848,478,2,left_eye,0.45788416266441345,0.17224650084972382,-0.13523800671100616,0.99833744764328,0.9981899857521057
side_person17.mp4,side,425,14167,30.0,848,478,3,left_eye_outer,0.4594184458255768,0.17071513831615448,-0.13525503873825073,0.9987713694572449,0.9981182813644409
side_person17.mp4,side,425,14167,30.0,848,478,4,right_eye_inner,0.45602864027023315,0.1742275208234787,-0.09965816885232925,0.998119592666626,0.9983965754508972
side_person17.mp4,side,425,14167,30.0,848,478,5,right_eye,0.4568524956703186,0.17294692993164062,-0.09965550154447556,0.9980795979499817,0.9984657764434814
side_person17.mp4,side,425,14167,30.0,848,478,6,right_eye_outer,0.45792776346206665,0.17163318395614624,-0.09970981627702713,0.998638391494751,0.9985062479972839
side_person17.mp4,side,425,14167,30.0,848,478,7,left_ear,0.47573122382164,0.16868169605731964,-0.18230950832366943,0.9972066283226013,0.9980010390281677
side_person17.mp4,side,425,14167,30.0,848,478,8,right_ear,0.4740723967552185,0.16906875371932983,-0.02378975972533226,0.9981208443641663,0.9985073208808899
side_person17.mp4,side,425,14167,30.0,848,478,9,mouth_left,0.4628300964832306,0.20684631168842316,-0.12641268968582153,0.9976017475128174,0.9988229870796204
side_person17.mp4,side,425,14167,30.0,848,478,10,mouth_right,0.4620104730129242,0.20785045623779297,-0.07992915064096451,0.9961445331573486,0.9989092350006104
side_person17.mp4,side,425,14167,30.0,848,478,11,left_shoulder,0.4984224736690521,0.2489231377840042,-0.2616264224052429,0.9985864162445068,0.9983822107315063
side_person17.mp4,side,425,14167,30.0,848,478,12,right_shoulder,0.49660181999206543,0.26543334126472473,0.09463399648666382,0.9961644411087036,0.9985584616661072
side_person17.mp4,side,425,14167,30.0,848,478,13,left_elbow,0.4133797883987427,0.29207643866539,-0.34360960125923157,0.9821049571037292,0.9992142915725708
side_person17.mp4,side,425,14167,30.0,848,478,14,right_elbow,0.43060898780822754,0.32380568981170654,0.1186511218547821,0.2681232690811157,0.9994519352912903
side_person17.mp4,side,425,14167,30.0,848,478,15,left_wrist,0.3353223502635956,0.2940621078014374,-0.3374330401420593,0.9763612151145935,0.9976782202720642
side_person17.mp4,side,425,14167,30.0,848,478,16,right_wrist,0.3595404326915741,0.33551743626594543,0.03425081819295883,0.34670189023017883,0.9987415671348572
side_person17.mp4,side,425,14167,30.0,848,478,17,left_pinky,0.31408828496932983,0.2903132736682892,-0.3868420422077179,0.9670356512069702,0.9972719550132751
side_person17.mp4,side,425,14167,30.0,848,478,18,right_pinky,0.34739482402801514,0.3350551128387451,0.028417741879820824,0.36803051829338074,0.9985843896865845
side_person17.mp4,side,425,14167,30.0,848,478,19,left_index,0.3158949315547943,0.2870829105377197,-0.3587307929992676,0.9633111953735352,0.9972737431526184
side_person17.mp4,side,425,14167,30.0,848,478,20,right_index,0.344605416059494,0.33228161931037903,-0.0019389369990676641,0.3802044987678528,0.9982842803001404
side_person17.mp4,side,425,14167,30.0,848,478,21,left_thumb,0.3229151964187622,0.29333722591400146,-0.3285636305809021,0.9423179030418396,0.9973426461219788
side_person17.mp4,side,425,14167,30.0,848,478,22,right_thumb,0.3466053605079651,0.33219653367996216,0.0167837031185627,0.4071511924266815,0.9983661770820618
side_person17.mp4,side,425,14167,30.0,848,478,23,left_hip,0.5586628317832947,0.507335364818573,-0.11090768128633499,0.9983659982681274,0.9988563060760498
side_person17.mp4,side,425,14167,30.0,848,478,24,right_hip,0.5407817959785461,0.5052127242088318,0.11088652163743973,0.9969289302825928,0.9982150793075562
side_person17.mp4,side,425,14167,30.0,848,478,25,left_knee,0.5181500911712646,0.7032740116119385,-0.07625762373209,0.9307271838188171,0.9991568326950073
side_person17.mp4,side,425,14167,30.0,848,478,26,right_knee,0.4935770630836487,0.6814107894897461,0.1362464725971222,0.38400548696517944,0.9981042146682739
side_person17.mp4,side,425,14167,30.0,848,478,27,left_ankle,0.5062502026557922,0.900555431842804,0.0024668171536177397,0.9400257468223572,0.9958374500274658
side_person17.mp4,side,425,14167,30.0,848,478,28,right_ankle,0.4971829950809479,0.8589199185371399,0.24862834811210632,0.46481484174728394,0.9983159303665161
side_person17.mp4,side,425,14167,30.0,848,478,29,left_heel,0.5129090547561646,0.9284459948539734,0.006076562684029341,0.9240156412124634,0.9928076267242432
side_person17.mp4,side,425,14167,30.0,848,478,30,right_heel,0.5063726902008057,0.892867922782898,0.25800377130508423,0.6078750491142273,0.9974409341812134
side_person17.mp4,side,425,14167,30.0,848,478,31,left_foot_index,0.4605749249458313,0.9265414476394653,-0.0746789202094078,0.9085280895233154,0.9929429888725281
side_person17.mp4,side,425,14167,30.0,848,478,32,right_foot_index,0.46110957860946655,0.8981742262840271,0.20129810273647308,0.5717119574546814,0.9980350136756897
side_person17.mp4,side,426,14200,30.0,848,478,0,nose,0.45904794335365295,0.17660768330097198,-0.11240178346633911,0.9984679818153381,0.9992260932922363
side_person17.mp4,side,426,14200,30.0,848,478,1,left_eye_inner,0.4606506824493408,0.15740905702114105,-0.13388225436210632,0.998325526714325,0.9991158843040466
side_person17.mp4,side,426,14200,30.0,848,478,2,left_eye,0.46197429299354553,0.15606720745563507,-0.13391007483005524,0.9983512163162231,0.9991115927696228
side_person17.mp4,side,426,14200,30.0,848,478,3,left_eye_outer,0.4635477364063263,0.15475410223007202,-0.1339757740497589,0.9987772107124329,0.9990752935409546
side_person17.mp4,side,426,14200,30.0,848,478,4,right_eye_inner,0.4602367877960205,0.15792350471019745,-0.09915550798177719,0.9981368780136108,0.9991589784622192
side_person17.mp4,side,426,14200,30.0,848,478,5,right_eye,0.4611766040325165,0.15687768161296844,-0.09908557683229446,0.9980890154838562,0.9991614818572998
side_person17.mp4,side,426,14200,30.0,848,478,6,right_eye_outer,0.46237704157829285,0.15567898750305176,-0.09911776334047318,0.9986454248428345,0.9991375207901001
side_person17.mp4,side,426,14200,30.0,848,478,7,left_ear,0.47928813099861145,0.15391671657562256,-0.17891331017017365,0.9972742199897766,0.9990733861923218
side_person17.mp4,side,426,14200,30.0,848,478,8,right_ear,0.47775736451148987,0.1539653092622757,-0.01719798520207405,0.9980992078781128,0.9990999698638916
side_person17.mp4,side,426,14200,30.0,848,478,9,mouth_left,0.46623653173446655,0.19112706184387207,-0.12349650263786316,0.9976842999458313,0.9994059801101685
side_person17.mp4,side,426,14200,30.0,848,478,10,mouth_right,0.4655851721763611,0.19226907193660736,-0.0758824497461319,0.9962548017501831,0.9993959665298462
side_person17.mp4,side,426,14200,30.0,848,478,11,left_shoulder,0.500190258026123,0.23545676469802856,-0.26064354181289673,0.9986986517906189,0.9992297887802124
side_person17.mp4,side,426,14200,30.0,848,478,12,right_shoulder,0.49909457564353943,0.2541951537132263,0.10985182225704193,0.9963700771331787,0.9987390637397766
side_person17.mp4,side,426,14200,30.0,848,478,13,left_elbow,0.41366392374038696,0.2830767333507538,-0.3373717963695526,0.9830319285392761,0.9994813799858093
side_person17.mp4,side,426,14200,30.0,848,478,14,right_elbow,0.43111467361450195,0.30924585461616516,0.1418449580669403,0.27633044123649597,0.9994925260543823
side_person17.mp4,side,426,14200,30.0,848,478,15,left_wrist,0.3356195092201233,0.2814636528491974,-0.3194703161716461,0.976692795753479,0.9984710812568665
side_person17.mp4,side,426,14200,30.0,848,478,16,right_wrist,0.3592076599597931,0.32010430097579956,0.043960630893707275,0.3560473918914795,0.9986327290534973
side_person17.mp4,side,426,14200,30.0,848,478,17,left_pinky,0.31572744250297546,0.2787620723247528,-0.3679368793964386,0.967115581035614,0.9979531764984131
side_person17.mp4,side,426,14200,30.0,848,478,18,right_pinky,0.34743133187294006,0.31936466693878174,0.04098309203982353,0.3757272958755493,0.9983627200126648
side_person17.mp4,side,426,14200,30.0,848,478,19,left_index,0.31677576899528503,0.27388665080070496,-0.34091660380363464,0.9633031487464905,0.997975766658783
side_person17.mp4,side,426,14200,30.0,848,478,20,right_index,0.3452800512313843,0.3178211748600006,9.24350752029568e-05,0.3882099688053131,0.9980183839797974
side_person17.mp4,side,426,14200,30.0,848,478,21,left_thumb,0.3237130641937256,0.27990084886550903,-0.310733437538147,0.9422442317008972,0.9981245398521423
side_person17.mp4,side,426,14200,30.0,848,478,22,right_thumb,0.3469821512699127,0.31685972213745117,0.022919394075870514,0.4152824282646179,0.9981175661087036
side_person17.mp4,side,426,14200,30.0,848,478,23,left_hip,0.552638053894043,0.5019091963768005,-0.1117868721485138,0.9984320998191833,0.9993374943733215
side_person17.mp4,side,426,14200,30.0,848,478,24,right_hip,0.537750244140625,0.4991568922996521,0.11175822466611862,0.9968922138214111,0.9987412095069885
side_person17.mp4,side,426,14200,30.0,848,478,25,left_knee,0.516452431678772,0.7031879425048828,-0.07784362137317657,0.9282495975494385,0.999393105506897
side_person17.mp4,side,426,14200,30.0,848,478,26,right_knee,0.4988650977611542,0.6798904538154602,0.16654688119888306,0.3698507845401764,0.9985034465789795
side_person17.mp4,side,426,14200,30.0,848,478,27,left_ankle,0.506009042263031,0.8998898267745972,-0.011537204496562481,0.9417318105697632,0.996802568435669
side_person17.mp4,side,426,14200,30.0,848,478,28,right_ankle,0.5024344325065613,0.8558491468429565,0.28193703293800354,0.46326759457588196,0.9986543655395508
side_person17.mp4,side,426,14200,30.0,848,478,29,left_heel,0.5130630135536194,0.927525520324707,-0.010196609422564507,0.9262789487838745,0.9944128394126892
side_person17.mp4,side,426,14200,30.0,848,478,30,right_heel,0.5084927082061768,0.8866912722587585,0.2919217646121979,0.6109851598739624,0.9979448914527893
side_person17.mp4,side,426,14200,30.0,848,478,31,left_foot_index,0.4593158960342407,0.9265652298927307,-0.09441446512937546,0.9107626080513,0.9947524070739746
side_person17.mp4,side,426,14200,30.0,848,478,32,right_foot_index,0.46329301595687866,0.8842247724533081,0.23708103597164154,0.5794060230255127,0.9986507296562195
side_person17.mp4,side,427,14233,30.0,848,478,0,nose,0.46256399154663086,0.16537220776081085,-0.08120477199554443,0.9984130263328552,0.9993723034858704
side_person17.mp4,side,427,14233,30.0,848,478,1,left_eye_inner,0.463994562625885,0.14577960968017578,-0.10476208478212357,0.9982870817184448,0.9992613196372986
side_person17.mp4,side,427,14233,30.0,848,478,2,left_eye,0.465251624584198,0.14455969631671906,-0.10480474680662155,0.9983038306236267,0.9992471933364868
side_person17.mp4,side,427,14233,30.0,848,478,3,left_eye_outer,0.4666840136051178,0.1433284729719162,-0.10481111705303192,0.9987340569496155,0.9991831183433533
side_person17.mp4,side,427,14233,30.0,848,478,4,right_eye_inner,0.4637835919857025,0.14619848132133484,-0.06755401194095612,0.9980970621109009,0.9993237257003784
side_person17.mp4,side,427,14233,30.0,848,478,5,right_eye,0.46484118700027466,0.14529132843017578,-0.06749214231967926,0.9980250000953674,0.9993288516998291
side_person17.mp4,side,427,14233,30.0,848,478,6,right_eye_outer,0.46611839532852173,0.1442990005016327,-0.06751503795385361,0.9986105561256409,0.9993150234222412
side_person17.mp4,side,427,14233,30.0,848,478,7,left_ear,0.48183801770210266,0.14271479845046997,-0.15564247965812683,0.9972883462905884,0.9991360306739807
side_person17.mp4,side,427,14233,30.0,848,478,8,right_ear,0.4809071123600006,0.14320671558380127,0.011562484316527843,0.9980119466781616,0.9992620348930359
side_person17.mp4,side,427,14233,30.0,848,478,9,mouth_left,0.46973490715026855,0.18064261972904205,-0.09540999680757523,0.9977090954780579,0.9994729161262512
side_person17.mp4,side,427,14233,30.0,848,478,10,mouth_right,0.4693905711174011,0.18157535791397095,-0.04646003991365433,0.9963192343711853,0.9995237588882446
side_person17.mp4,side,427,14233,30.0,848,478,11,left_shoulder,0.5016493797302246,0.22354410588741302,-0.24867822229862213,0.9987985491752625,0.9990750551223755
side_person17.mp4,side,427,14233,30.0,848,478,12,right_shoulder,0.5023357272148132,0.24343086779117584,0.1419162005186081,0.9965806007385254,0.9990156888961792
side_person17.mp4,side,427,14233,30.0,848,478,13,left_elbow,0.4137117266654968,0.2676156163215637,-0.33037328720092773,0.9840331673622131,0.9993348717689514
side_person17.mp4,side,427,14233,30.0,848,478,14,right_elbow,0.43327316641807556,0.2979492247104645,0.185996413230896,0.2849413752555847,0.9995737671852112
side_person17.mp4,side,427,14233,30.0,848,478,15,left_wrist,0.3362969160079956,0.2703234851360321,-0.30872854590415955,0.9765515923500061,0.9982479810714722
side_person17.mp4,side,427,14233,30.0,848,478,16,right_wrist,0.3601880669593811,0.3069744110107422,0.09049791097640991,0.3663381040096283,0.9991089701652527
side_person17.mp4,side,427,14233,30.0,848,478,17,left_pinky,0.316366583108902,0.2650206685066223,-0.3594609498977661,0.966136634349823,0.9980455636978149
side_person17.mp4,side,427,14233,30.0,848,478,18,right_pinky,0.3482947051525116,0.3058547079563141,0.09125141054391861,0.3831658661365509,0.9989629983901978
side_person17.mp4,side,427,14233,30.0,848,478,19,left_index,0.3171759247779846,0.26042914390563965,-0.3253927528858185,0.9621158242225647,0.998001754283905
side_person17.mp4,side,427,14233,30.0,848,478,20,right_index,0.3461426794528961,0.3045998811721802,0.04882492497563362,0.3965381979942322,0.998783528804779
side_person17.mp4,side,427,14233,30.0,848,478,21,left_thumb,0.3241644501686096,0.2670033872127533,-0.29655343294143677,0.9402400255203247,0.9980535507202148
side_person17.mp4,side,427,14233,30.0,848,478,22,right_thumb,0.3478389382362366,0.3042728900909424,0.06896906346082687,0.42307305335998535,0.9988470077514648
side_person17.mp4,side,427,14233,30.0,848,478,23,left_hip,0.5463070869445801,0.4950965642929077,-0.11443980783224106,0.998394250869751,0.9980372786521912
side_person17.mp4,side,427,14233,30.0,848,478,24,right_hip,0.5349820256233215,0.49271664023399353,0.11439011245965958,0.9966575503349304,0.9971019625663757
side_person17.mp4,side,427,14233,30.0,848,478,25,left_knee,0.5163057446479797,0.697323739528656,-0.06376820802688599,0.9261776208877563,0.9989163875579834
side_person17.mp4,side,427,14233,30.0,848,478,26,right_knee,0.5037793517112732,0.6798029541969299,0.18035894632339478,0.3573721647262573,0.9983696341514587
side_person17.mp4,side,427,14233,30.0,848,478,27,left_ankle,0.5059006810188293,0.8974968194961548,0.014552912674844265,0.9427465200424194,0.9961632490158081
side_person17.mp4,side,427,14233,30.0,848,478,28,right_ankle,0.5037676692008972,0.8577314615249634,0.28252699971199036,0.46515145897865295,0.9979029893875122
side_person17.mp4,side,427,14233,30.0,848,478,29,left_heel,0.5145606398582458,0.9274818897247314,0.016183266416192055,0.9287711977958679,0.9931736588478088
side_person17.mp4,side,427,14233,30.0,848,478,30,right_heel,0.5092857480049133,0.8881753087043762,0.2911505103111267,0.6185348033905029,0.9963645339012146
side_person17.mp4,side,427,14233,30.0,848,478,31,left_foot_index,0.4596729278564453,0.9263818860054016,-0.07050757855176926,0.912466287612915,0.9946448802947998
side_person17.mp4,side,427,14233,30.0,848,478,32,right_foot_index,0.4633949100971222,0.8836935758590698,0.2330481857061386,0.5889236330986023,0.9979310035705566
side_person17.mp4,side,428,14267,30.0,848,478,0,nose,0.46703267097473145,0.1593133807182312,-0.08040071278810501,0.9982945322990417,0.999243974685669
side_person17.mp4,side,428,14267,30.0,848,478,1,left_eye_inner,0.46889567375183105,0.13819585740566254,-0.10369627177715302,0.998167872428894,0.9991080164909363
side_person17.mp4,side,428,14267,30.0,848,478,2,left_eye,0.4703230857849121,0.13700617849826813,-0.10373938083648682,0.9981868267059326,0.999075174331665
side_person17.mp4,side,428,14267,30.0,848,478,3,left_eye_outer,0.4718133807182312,0.1359492987394333,-0.1037367433309555,0.9986215233802795,0.9989953637123108
side_person17.mp4,side,428,14267,30.0,848,478,4,right_eye_inner,0.46816322207450867,0.1385815441608429,-0.06701847910881042,0.9979422092437744,0.9992055296897888
side_person17.mp4,side,428,14267,30.0,848,478,5,right_eye,0.4690064489841461,0.1376059353351593,-0.06697467714548111,0.9978510737419128,0.9992135763168335
side_person17.mp4,side,428,14267,30.0,848,478,6,right_eye_outer,0.4700884521007538,0.13659171760082245,-0.06700058281421661,0.9984945058822632,0.9991934895515442
side_person17.mp4,side,428,14267,30.0,848,478,7,left_ear,0.48673543334007263,0.13554945588111877,-0.1543133407831192,0.9972100257873535,0.9989722967147827
side_person17.mp4,side,428,14267,30.0,848,478,8,right_ear,0.48511573672294617,0.1357419639825821,0.010002819821238518,0.997809886932373,0.9991170763969421
side_person17.mp4,side,428,14267,30.0,848,478,9,mouth_left,0.47384020686149597,0.17423996329307556,-0.09471027553081512,0.9976752400398254,0.9994757771492004
side_person17.mp4,side,428,14267,30.0,848,478,10,mouth_right,0.47290340065956116,0.17535245418548584,-0.04668905958533287,0.9962708950042725,0.9995107650756836
side_person17.mp4,side,428,14267,30.0,848,478,11,left_shoulder,0.5056997537612915,0.21526995301246643,-0.24862653017044067,0.9988940358161926,0.9992412328720093
side_person17.mp4,side,428,14267,30.0,848,478,12,right_shoulder,0.5030040144920349,0.23820897936820984,0.13830676674842834,0.9967501163482666,0.9991003274917603
side_person17.mp4,side,428,14267,30.0,848,478,13,left_elbow,0.4165186285972595,0.2578454315662384,-0.32874006032943726,0.9849027395248413,0.9993589520454407
side_person17.mp4,side,428,14267,30.0,848,478,14,right_elbow,0.4340229332447052,0.2915608584880829,0.18341131508350372,0.2948886752128601,0.9996247291564941
side_person17.mp4,side,428,14267,30.0,848,478,15,left_wrist,0.3413551151752472,0.2616138458251953,-0.30762240290641785,0.9766539335250854,0.9984763264656067
side_person17.mp4,side,428,14267,30.0,848,478,16,right_wrist,0.3611394166946411,0.30118921399116516,0.09285888820886612,0.38102826476097107,0.9992015957832336
side_person17.mp4,side,428,14267,30.0,848,478,17,left_pinky,0.3216334581375122,0.25553837418556213,-0.3567914068698883,0.9658328890800476,0.9983465671539307
side_person17.mp4,side,428,14267,30.0,848,478,18,right_pinky,0.3487946391105652,0.2978299558162689,0.09359216690063477,0.39487576484680176,0.9990769624710083
side_person17.mp4,side,428,14267,30.0,848,478,19,left_index,0.3211187720298767,0.25200536847114563,-0.3257625102996826,0.9617286920547485,0.9982479810714722
side_person17.mp4,side,428,14267,30.0,848,478,20,right_index,0.3458997309207916,0.29510658979415894,0.051284998655319214,0.4091411232948303,0.9988875985145569
side_person17.mp4,side,428,14267,30.0,848,478,21,left_thumb,0.3274608254432678,0.25795382261276245,-0.29657724499702454,0.9394605159759521,0.9982689619064331
side_person17.mp4,side,428,14267,30.0,848,478,22,right_thumb,0.3487265110015869,0.2969163954257965,0.07131628692150116,0.43548914790153503,0.9989344477653503
side_person17.mp4,side,428,14267,30.0,848,478,23,left_hip,0.5420331954956055,0.49097180366516113,-0.11638525128364563,0.9983362555503845,0.9978637099266052
side_person17.mp4,side,428,14267,30.0,848,478,24,right_hip,0.5308948755264282,0.489238977432251,0.11630861461162567,0.9963400363922119,0.9968271851539612
side_person17.mp4,side,428,14267,30.0,848,478,25,left_knee,0.5156247019767761,0.6929062604904175,-0.05171317979693413,0.9239615797996521,0.9992641806602478
side_person17.mp4,side,428,14267,30.0,848,478,26,right_knee,0.505890429019928,0.6757409572601318,0.19262252748012543,0.3410712778568268,0.9985871315002441
side_person17.mp4,side,428,14267,30.0,848,478,27,left_ankle,0.5074338912963867,0.8917382955551147,0.03804627060890198,0.9434612393379211,0.9959458708763123
side_person17.mp4,side,428,14267,30.0,848,478,28,right_ankle,0.5063612461090088,0.8517493009567261,0.3045658469200134,0.4604542851448059,0.9982290863990784
side_person17.mp4,side,428,14267,30.0,848,478,29,left_heel,0.5173606276512146,0.926162600517273,0.041718434542417526,0.9297364950180054,0.9921776652336121
side_person17.mp4,side,428,14267,30.0,848,478,30,right_heel,0.5116725564002991,0.8830780386924744,0.3142384886741638,0.6208394765853882,0.9968088269233704
side_person17.mp4,side,428,14267,30.0,848,478,31,left_foot_index,0.46009203791618347,0.9247786402702332,-0.051699381321668625,0.9136394262313843,0.9942521452903748
side_person17.mp4,side,428,14267,30.0,848,478,32,right_foot_index,0.4637450575828552,0.876166045665741,0.25439637899398804,0.5950605869293213,0.9982479810714722
side_person17.mp4,side,429,14300,30.0,848,478,0,nose,0.4701487720012665,0.1531456708908081,-0.05479517951607704,0.9983211755752563,0.9993834495544434
side_person17.mp4,side,429,14300,30.0,848,478,1,left_eye_inner,0.4727623760700226,0.1324254423379898,-0.07778582721948624,0.9981977939605713,0.9991336464881897
side_person17.mp4,side,429,14300,30.0,848,478,2,left_eye,0.47421905398368835,0.1313006728887558,-0.07782889902591705,0.9982054829597473,0.999068558216095
side_person17.mp4,side,429,14300,30.0,848,478,3,left_eye_outer,0.4757067561149597,0.1302030384540558,-0.07782022655010223,0.9986286163330078,0.9989539384841919
side_person17.mp4,side,429,14300,30.0,848,478,4,right_eye_inner,0.47195136547088623,0.13268417119979858,-0.04208917170763016,0.9979788064956665,0.9992818236351013
side_person17.mp4,side,429,14300,30.0,848,478,5,right_eye,0.4728109836578369,0.13177408277988434,-0.04205425828695297,0.997875988483429,0.999300479888916
side_person17.mp4,side,429,14300,30.0,848,478,6,right_eye_outer,0.4738795757293701,0.13075494766235352,-0.04209097847342491,0.9985231161117554,0.9992893934249878
side_person17.mp4,side,429,14300,30.0,848,478,7,left_ear,0.49021899700164795,0.13079936802387238,-0.1293693482875824,0.9972628951072693,0.9988985061645508
side_person17.mp4,side,429,14300,30.0,848,478,8,right_ear,0.4886634051799774,0.13095073401927948,0.029939154163002968,0.997816264629364,0.9992510676383972
side_person17.mp4,side,429,14300,30.0,848,478,9,mouth_left,0.47631070017814636,0.16797786951065063,-0.0695810616016388,0.9977173209190369,0.9994939565658569
side_person17.mp4,side,429,14300,30.0,848,478,10,mouth_right,0.47524160146713257,0.16897845268249512,-0.023043643683195114,0.9963836669921875,0.9995653033256531
side_person17.mp4,side,429,14300,30.0,848,478,11,left_shoulder,0.5072944760322571,0.2094029039144516,-0.22436201572418213,0.9989763498306274,0.9991544485092163
side_person17.mp4,side,429,14300,30.0,848,478,12,right_shoulder,0.5062917470932007,0.2322819083929062,0.15252697467803955,0.9969474077224731,0.9991863369941711
side_person17.mp4,side,429,14300,30.0,848,478,13,left_elbow,0.41832467913627625,0.2506694495677948,-0.2889169454574585,0.9854463934898376,0.999305248260498
side_person17.mp4,side,429,14300,30.0,848,478,14,right_elbow,0.436420738697052,0.28896471858024597,0.18885056674480438,0.30382028222084045,0.9996579885482788
side_person17.mp4,side,429,14300,30.0,848,478,15,left_wrist,0.34546294808387756,0.2527216374874115,-0.2673434615135193,0.9765267968177795,0.9983183145523071
side_person17.mp4,side,429,14300,30.0,848,478,16,right_wrist,0.3635515868663788,0.29355573654174805,0.09991329163312912,0.3934514820575714,0.9992687106132507
side_person17.mp4,side,429,14300,30.0,848,478,17,left_pinky,0.32381972670555115,0.24643740057945251,-0.3127533197402954,0.9654238224029541,0.9981333613395691
side_person17.mp4,side,429,14300,30.0,848,478,18,right_pinky,0.35131675004959106,0.29144442081451416,0.10053080320358276,0.4046850800514221,0.9991195797920227
side_person17.mp4,side,429,14300,30.0,848,478,19,left_index,0.32389524579048157,0.2440800666809082,-0.2851819396018982,0.9612782597541809,0.9980460405349731
side_person17.mp4,side,429,14300,30.0,848,478,20,right_index,0.34903159737586975,0.2899688482284546,0.060609955340623856,0.41955095529556274,0.9989694356918335
side_person17.mp4,side,429,14300,30.0,848,478,21,left_thumb,0.330523818731308,0.25139883160591125,-0.2571912407875061,0.9388197064399719,0.9980852603912354
side_person17.mp4,side,429,14300,30.0,848,478,22,right_thumb,0.35130831599235535,0.290338397026062,0.07942000031471252,0.445271372795105,0.9990242719650269
side_person17.mp4,side,429,14300,30.0,848,478,23,left_hip,0.5374087691307068,0.48741641640663147,-0.11598887294530869,0.9982466101646423,0.9979363679885864
side_person17.mp4,side,429,14300,30.0,848,478,24,right_hip,0.5294516682624817,0.4868771433830261,0.11592651158571243,0.9960994124412537,0.9974435567855835
side_person17.mp4,side,429,14300,30.0,848,478,25,left_knee,0.5146447420120239,0.6891063451766968,-0.055966686457395554,0.9189580082893372,0.9990527033805847
side_person17.mp4,side,429,14300,30.0,848,478,26,right_knee,0.509678304195404,0.6747005581855774,0.1916946917772293,0.32279202342033386,0.9988107681274414
side_person17.mp4,side,429,14300,30.0,848,478,27,left_ankle,0.5076571702957153,0.8890997767448425,0.03160526603460312,0.9412809610366821,0.9956808090209961
side_person17.mp4,side,429,14300,30.0,848,478,28,right_ankle,0.5076857805252075,0.8496102094650269,0.3059287965297699,0.4505346119403839,0.9980985522270203
side_person17.mp4,side,429,14300,30.0,848,478,29,left_heel,0.5182480812072754,0.9253990650177002,0.03659471124410629,0.9296563863754272,0.9918447136878967
side_person17.mp4,side,429,14300,30.0,848,478,30,right_heel,0.5137819647789001,0.8800967335700989,0.3159216046333313,0.61895751953125,0.9964469075202942
side_person17.mp4,side,429,14300,30.0,848,478,31,left_foot_index,0.46055904030799866,0.9251582622528076,-0.05066383630037308,0.9125300645828247,0.9942600727081299
side_person17.mp4,side,429,14300,30.0,848,478,32,right_foot_index,0.46446606516838074,0.8685736656188965,0.259009450674057,0.595592737197876,0.9981873631477356
side_person17.mp4,side,430,14333,30.0,848,478,0,nose,0.4730305075645447,0.1502462476491928,-0.042372941970825195,0.9983893632888794,0.9997097849845886
side_person17.mp4,side,430,14333,30.0,848,478,1,left_eye_inner,0.4764220118522644,0.12961310148239136,-0.06659647822380066,0.998275876045227,0.9995957016944885
side_person17.mp4,side,430,14333,30.0,848,478,2,left_eye,0.47779107093811035,0.12864530086517334,-0.06663833558559418,0.998275637626648,0.9995737671852112
side_person17.mp4,side,430,14333,30.0,848,478,3,left_eye_outer,0.4792405664920807,0.12781858444213867,-0.06662407517433167,0.9986841082572937,0.9995208978652954
side_person17.mp4,side,430,14333,30.0,848,478,4,right_eye_inner,0.47588008642196655,0.12991681694984436,-0.030000850558280945,0.9980639815330505,0.999652624130249
side_person17.mp4,side,430,14333,30.0,848,478,5,right_eye,0.47693848609924316,0.12903434038162231,-0.0299647469073534,0.9979455471038818,0.9996578693389893
side_person17.mp4,side,430,14333,30.0,848,478,6,right_eye_outer,0.4782131612300873,0.1281268447637558,-0.029991140589118004,0.9985835552215576,0.999648928642273
side_person17.mp4,side,430,14333,30.0,848,478,7,left_ear,0.49389734864234924,0.12972712516784668,-0.12223251909017563,0.9973880648612976,0.9994921684265137
side_person17.mp4,side,430,14333,30.0,848,478,8,right_ear,0.4929588735103607,0.1296170949935913,0.04126998037099838,0.9978652000427246,0.9996137022972107
side_person17.mp4,side,430,14333,30.0,848,478,9,mouth_left,0.47908732295036316,0.16492101550102234,-0.058594558387994766,0.997810959815979,0.9997485280036926
side_person17.mp4,side,430,14333,30.0,848,478,10,mouth_right,0.47829753160476685,0.16607189178466797,-0.010824506171047688,0.9965507388114929,0.99978107213974
side_person17.mp4,side,430,14333,30.0,848,478,11,left_shoulder,0.5091447830200195,0.20869556069374084,-0.21917863190174103,0.999062180519104,0.9995741248130798
side_person17.mp4,side,430,14333,30.0,848,478,12,right_shoulder,0.5128916501998901,0.23260238766670227,0.16609825193881989,0.9971578121185303,0.9995381832122803
side_person17.mp4,side,430,14333,30.0,848,478,13,left_elbow,0.4180794954299927,0.24367865920066833,-0.28323274850845337,0.9861631393432617,0.999592125415802
side_person17.mp4,side,430,14333,30.0,848,478,14,right_elbow,0.4387635588645935,0.28446006774902344,0.2091781347990036,0.31546998023986816,0.9998117089271545
side_person17.mp4,side,430,14333,30.0,848,478,15,left_wrist,0.34614646434783936,0.24747268855571747,-0.25148046016693115,0.9763206243515015,0.9991550445556641
side_person17.mp4,side,430,14333,30.0,848,478,16,right_wrist,0.3664099872112274,0.28517770767211914,0.12444503605365753,0.409319132566452,0.9997021555900574
side_person17.mp4,side,430,14333,30.0,848,478,17,left_pinky,0.3257288634777069,0.2417716234922409,-0.2942882180213928,0.9645957946777344,0.9991145730018616
side_person17.mp4,side,430,14333,30.0,848,478,18,right_pinky,0.3556920886039734,0.2834933400154114,0.1264152079820633,0.4164716303348541,0.9996403455734253
side_person17.mp4,side,430,14333,30.0,848,478,19,left_index,0.3267998695373535,0.24113118648529053,-0.2670346796512604,0.960394024848938,0.9990467429161072
side_person17.mp4,side,430,14333,30.0,848,478,20,right_index,0.35242629051208496,0.28228166699409485,0.088178850710392,0.4318915605545044,0.9995742440223694
side_person17.mp4,side,430,14333,30.0,848,478,21,left_thumb,0.3329842984676361,0.2474248856306076,-0.24104109406471252,0.9374330639839172,0.9990692734718323
side_person17.mp4,side,430,14333,30.0,848,478,22,right_thumb,0.35482001304626465,0.28219175338745117,0.10476100444793701,0.4562534689903259,0.999609649181366
side_person17.mp4,side,430,14333,30.0,848,478,23,left_hip,0.5330589413642883,0.48646584153175354,-0.11659807711839676,0.9982957243919373,0.999146580696106
side_person17.mp4,side,430,14333,30.0,848,478,24,right_hip,0.5294365286827087,0.4873960614204407,0.11652403324842453,0.9961639642715454,0.9988088607788086
side_person17.mp4,side,430,14333,30.0,848,478,25,left_knee,0.5140816569328308,0.6837509870529175,-0.05885019898414612,0.9168280363082886,0.9997243285179138
side_person17.mp4,side,430,14333,30.0,848,478,26,right_knee,0.5117320418357849,0.6724547743797302,0.20648913085460663,0.31112954020500183,0.9996465444564819
side_person17.mp4,side,430,14333,30.0,848,478,27,left_ankle,0.5075433254241943,0.8884744644165039,0.021862592548131943,0.9426731467247009,0.9989765882492065
side_person17.mp4,side,430,14333,30.0,848,478,28,right_ankle,0.5086919665336609,0.8480861783027649,0.3282153308391571,0.45367521047592163,0.9995670914649963
side_person17.mp4,side,430,14333,30.0,848,478,29,left_heel,0.5185261368751526,0.9253148436546326,0.024603044614195824,0.9325445294380188,0.9979678988456726
side_person17.mp4,side,430,14333,30.0,848,478,30,right_heel,0.5153371095657349,0.878406286239624,0.33917999267578125,0.6265695095062256,0.9991850256919861
side_person17.mp4,side,430,14333,30.0,848,478,31,left_foot_index,0.46073251962661743,0.9251400232315063,-0.058882907032966614,0.9160601496696472,0.9984160661697388
side_person17.mp4,side,430,14333,30.0,848,478,32,right_foot_index,0.4652836322784424,0.8640937209129333,0.2888674736022949,0.6078634262084961,0.9995458722114563
side_person17.mp4,side,431,14367,30.0,848,478,0,nose,0.4756486415863037,0.1499641239643097,-0.02744188904762268,0.9984416961669922,0.9996320009231567
side_person17.mp4,side,431,14367,30.0,848,478,1,left_eye_inner,0.4792613387107849,0.12957802414894104,-0.051183488219976425,0.9983349442481995,0.9994476437568665
side_person17.mp4,side,431,14367,30.0,848,478,2,left_eye,0.4808134138584137,0.128610298037529,-0.05122958496212959,0.9983281493186951,0.9994059801101685
side_person17.mp4,side,431,14367,30.0,848,478,3,left_eye_outer,0.4823753535747528,0.1277516633272171,-0.051216863095760345,0.9987247586250305,0.9993211030960083
side_person17.mp4,side,431,14367,30.0,848,478,4,right_eye_inner,0.4783906638622284,0.12995591759681702,-0.015478720888495445,0.9981209635734558,0.9995373487472534
side_person17.mp4,side,431,14367,30.0,848,478,5,right_eye,0.47931739687919617,0.1291738748550415,-0.015455846674740314,0.9979912042617798,0.9995442032814026
side_person17.mp4,side,431,14367,30.0,848,478,6,right_eye_outer,0.4804339110851288,0.1283339411020279,-0.015490343794226646,0.9986295700073242,0.9995315074920654
side_person17.mp4,side,431,14367,30.0,848,478,7,left_ear,0.49717146158218384,0.1297519952058792,-0.10696367174386978,0.9974858164787292,0.9992851614952087
side_person17.mp4,side,431,14367,30.0,848,478,8,right_ear,0.4954361915588379,0.1298614889383316,0.052930500358343124,0.9979010224342346,0.9994850158691406
side_person17.mp4,side,431,14367,30.0,848,478,9,mouth_left,0.48185503482818604,0.16432185471057892,-0.04372694715857506,0.997882604598999,0.9996933937072754
side_person17.mp4,side,431,14367,30.0,848,478,10,mouth_right,0.4807307720184326,0.16547182202339172,0.002904284978285432,0.9966615438461304,0.9997308850288391
side_person17.mp4,side,431,14367,30.0,848,478,11,left_shoulder,0.5126582980155945,0.20844125747680664,-0.20385143160820007,0.9991397261619568,0.9995366334915161
side_person17.mp4,side,431,14367,30.0,848,478,12,right_shoulder,0.5138137936592102,0.23359240591526031,0.17306165397167206,0.9973372220993042,0.9994639754295349
side_person17.mp4,side,431,14367,30.0,848,478,13,left_elbow,0.42127612233161926,0.23591245710849762,-0.26693814992904663,0.9867027997970581,0.9995527863502502
side_person17.mp4,side,431,14367,30.0,848,478,14,right_elbow,0.4388948380947113,0.2838398814201355,0.21567684412002563,0.3269701600074768,0.9997875094413757
side_person17.mp4,side,431,14367,30.0,848,478,15,left_wrist,0.35036689043045044,0.24182264506816864,-0.23716787993907928,0.9759986400604248,0.9990251064300537
side_person17.mp4,side,431,14367,30.0,848,478,16,right_wrist,0.36678245663642883,0.27921590209007263,0.13569405674934387,0.4249650537967682,0.9995957016944885
side_person17.mp4,side,431,14367,30.0,848,478,17,left_pinky,0.33158236742019653,0.2368362545967102,-0.2773558497428894,0.9637742638587952,0.9989781379699707
side_person17.mp4,side,431,14367,30.0,848,478,18,right_pinky,0.3553586006164551,0.2760807275772095,0.13806931674480438,0.42867937684059143,0.9995115995407104
side_person17.mp4,side,431,14367,30.0,848,478,19,left_index,0.3320217728614807,0.2331296056509018,-0.2513881325721741,0.9595236778259277,0.9988827109336853
side_person17.mp4,side,431,14367,30.0,848,478,20,right_index,0.35265830159187317,0.27357399463653564,0.10099375993013382,0.4446975290775299,0.9994158744812012
side_person17.mp4,side,431,14367,30.0,848,478,21,left_thumb,0.33779722452163696,0.24078144133090973,-0.2271733582019806,0.9362779855728149,0.9989006519317627
side_person17.mp4,side,431,14367,30.0,848,478,22,right_thumb,0.3551265299320221,0.27406546473503113,0.11650093644857407,0.46813690662384033,0.9994576573371887
side_person17.mp4,side,431,14367,30.0,848,478,23,left_hip,0.5314571857452393,0.4871993064880371,-0.11630906164646149,0.9983472228050232,0.9990653395652771
side_person17.mp4,side,431,14367,30.0,848,478,24,right_hip,0.5273527503013611,0.48910653591156006,0.11623843759298325,0.9962308406829834,0.9986051917076111
side_person17.mp4,side,431,14367,30.0,848,478,25,left_knee,0.5131046175956726,0.6839689612388611,-0.06017452850937843,0.9134852886199951,0.999677300453186
side_person17.mp4,side,431,14367,30.0,848,478,26,right_knee,0.509240984916687,0.6706057190895081,0.19755183160305023,0.2978110611438751,0.9994882345199585
side_person17.mp4,side,431,14367,30.0,848,478,27,left_ankle,0.5085086822509766,0.887445867061615,0.0005672737606801093,0.9429348707199097,0.9981491565704346
side_person17.mp4,side,431,14367,30.0,848,478,28,right_ankle,0.5096225142478943,0.8451805710792542,0.311917781829834,0.450610876083374,0.9993636012077332
side_person17.mp4,side,431,14367,30.0,848,478,29,left_heel,0.5211166739463806,0.9228836894035339,0.0026169519405812025,0.9336467981338501,0.9961254000663757
side_person17.mp4,side,431,14367,30.0,848,478,30,right_heel,0.5167720913887024,0.8773394227027893,0.32226601243019104,0.6285936832427979,0.9988030195236206
side_person17.mp4,side,431,14367,30.0,848,478,31,left_foot_index,0.4607543647289276,0.9252154231071472,-0.07791614532470703,0.9181258678436279,0.9970062375068665
side_person17.mp4,side,431,14367,30.0,848,478,32,right_foot_index,0.4652929902076721,0.8667063117027283,0.2732256352901459,0.6148720383644104,0.9992659687995911
side_person17.mp4,side,432,14400,30.0,848,478,0,nose,0.4782394468784332,0.14713233709335327,-0.04294988512992859,0.998436689376831,0.9991760849952698
side_person17.mp4,side,432,14400,30.0,848,478,1,left_eye_inner,0.482391357421875,0.1272253394126892,-0.0660167932510376,0.9983307719230652,0.9989144802093506
side_person17.mp4,side,432,14400,30.0,848,478,2,left_eye,0.48398587107658386,0.12635716795921326,-0.06606004387140274,0.9983187913894653,0.9988293051719666
side_person17.mp4,side,432,14400,30.0,848,478,3,left_eye_outer,0.485670268535614,0.1255718320608139,-0.06604859977960587,0.9987139701843262,0.9986866116523743
side_person17.mp4,side,432,14400,30.0,848,478,4,right_eye_inner,0.48116469383239746,0.1276037096977234,-0.030431292951107025,0.9981096386909485,0.999127209186554
side_person17.mp4,side,432,14400,30.0,848,478,5,right_eye,0.4819372296333313,0.12694048881530762,-0.030421780422329903,0.9979597330093384,0.9991763234138489
side_person17.mp4,side,432,14400,30.0,848,478,6,right_eye_outer,0.48288148641586304,0.1262071579694748,-0.0304606594145298,0.9986183643341064,0.9991922974586487
side_person17.mp4,side,432,14400,30.0,848,478,7,left_ear,0.5010949969291687,0.12840576469898224,-0.11899199336767197,0.9974645972251892,0.9985541701316833
side_person17.mp4,side,432,14400,30.0,848,478,8,right_ear,0.4989171028137207,0.12885186076164246,0.04016771912574768,0.9978131651878357,0.9991366267204285
side_person17.mp4,side,432,14400,30.0,848,478,9,mouth_left,0.48445743322372437,0.16169720888137817,-0.05855470895767212,0.9978629946708679,0.9993835687637329
side_person17.mp4,side,432,14400,30.0,848,478,10,mouth_right,0.4829637110233307,0.16291558742523193,-0.012075346894562244,0.9966449737548828,0.9994733929634094
side_person17.mp4,side,432,14400,30.0,848,478,11,left_shoulder,0.5165120363235474,0.21072417497634888,-0.21257194876670837,0.9991921186447144,0.9990512728691101
side_person17.mp4,side,432,14400,30.0,848,478,12,right_shoulder,0.5130881667137146,0.23499366641044617,0.15957370400428772,0.9974462985992432,0.9993141889572144
side_person17.mp4,side,432,14400,30.0,848,478,13,left_elbow,0.4255548119544983,0.23908115923404694,-0.2771243751049042,0.9869573712348938,0.9993525147438049
side_person17.mp4,side,432,14400,30.0,848,478,14,right_elbow,0.4402103126049042,0.2838691771030426,0.2009429931640625,0.3375976085662842,0.9997583031654358
side_person17.mp4,side,432,14400,30.0,848,478,15,left_wrist,0.3586234748363495,0.23569850623607635,-0.2514595091342926,0.9754290580749512,0.9989161491394043
side_person17.mp4,side,432,14400,30.0,848,478,16,right_wrist,0.367410272359848,0.2748700976371765,0.11782065778970718,0.44105976819992065,0.9995494484901428
side_person17.mp4,side,432,14400,30.0,848,478,17,left_pinky,0.3395709991455078,0.22676505148410797,-0.2922241687774658,0.9628291130065918,0.9988679885864258
side_person17.mp4,side,432,14400,30.0,848,478,18,right_pinky,0.3557312786579132,0.26992809772491455,0.11814912408590317,0.4410802721977234,0.9994495511054993
side_person17.mp4,side,432,14400,30.0,848,478,19,left_index,0.3384869396686554,0.2204681783914566,-0.26882055401802063,0.9585892558097839,0.998685896396637
side_person17.mp4,side,432,14400,30.0,848,478,20,right_index,0.3538057208061218,0.26757141947746277,0.08155041933059692,0.45764368772506714,0.9993324875831604
side_person17.mp4,side,432,14400,30.0,848,478,21,left_thumb,0.3466459810733795,0.23101499676704407,-0.24261373281478882,0.9350118637084961,0.9987568855285645
side_person17.mp4,side,432,14400,30.0,848,478,22,right_thumb,0.3562454283237457,0.2685098648071289,0.09847306460142136,0.4799801707267761,0.9993860721588135
side_person17.mp4,side,432,14400,30.0,848,478,23,left_hip,0.5311965942382812,0.486894428730011,-0.1160055547952652,0.9983640909194946,0.9989402890205383
side_person17.mp4,side,432,14400,30.0,848,478,24,right_hip,0.5239703059196472,0.4884243309497833,0.11589345335960388,0.9962524771690369,0.9988216757774353
side_person17.mp4,side,432,14400,30.0,848,478,25,left_knee,0.5133605003356934,0.6826043128967285,-0.06398934125900269,0.9124890565872192,0.9997890591621399
side_person17.mp4,side,432,14400,30.0,848,478,26,right_knee,0.5079938173294067,0.6682894229888916,0.20306220650672913,0.2901133894920349,0.9996912479400635
side_person17.mp4,side,432,14400,30.0,848,478,27,left_ankle,0.5110578536987305,0.8875561952590942,-0.012927254661917686,0.9449831247329712,0.9990398287773132
side_person17.mp4,side,432,14400,30.0,848,478,28,right_ankle,0.511116623878479,0.8416231274604797,0.32601413130760193,0.4570658504962921,0.9996994733810425
side_person17.mp4,side,432,14400,30.0,848,478,29,left_heel,0.5230693221092224,0.9222782254219055,-0.011669518426060677,0.935977041721344,0.9980043768882751
side_person17.mp4,side,432,14400,30.0,848,478,30,right_heel,0.520094096660614,0.8762568235397339,0.3366391658782959,0.634665846824646,0.9994500279426575
side_person17.mp4,side,432,14400,30.0,848,478,31,left_foot_index,0.4609726369380951,0.9252391457557678,-0.09695716202259064,0.9223071336746216,0.9983029365539551
side_person17.mp4,side,432,14400,30.0,848,478,32,right_foot_index,0.46596404910087585,0.8611001372337341,0.28796103596687317,0.6297920346260071,0.9996501207351685
